pixel_x,pixel_y,pixel_value,db_value,surface_type
0,0,158,-9.509803921568627,clean_glacier_ice
0,1,175,-7.843137254901961,mixed_snow_ice
0,2,159,-9.411764705882353,clean_glacier_ice
0,3,149,-10.392156862745097,clean_glacier_ice
0,4,133,-11.960784313725489,clean_glacier_ice
0,5,227,-2.745098039215687,debris_rock
0,6,250,-0.49019607843137436,debris_rock
0,7,203,-5.098039215686274,debris_rock
0,8,200,-5.392156862745097,debris_rock
0,9,185,-6.862745098039216,mixed_snow_ice
0,10,132,-12.058823529411763,clean_glacier_ice
0,11,123,-12.941176470588236,regular_glacier_ice
0,12,121,-13.137254901960786,regular_glacier_ice
0,13,121,-13.137254901960786,regular_glacier_ice
0,14,178,-7.549019607843139,mixed_snow_ice
0,15,192,-6.1764705882352935,debris_rock
0,16,197,-5.686274509803919,debris_rock
0,17,197,-5.686274509803919,debris_rock
0,18,209,-4.509803921568629,debris_rock
0,19,189,-6.470588235294116,debris_rock
0,20,150,-10.294117647058822,clean_glacier_ice
0,21,211,-4.313725490196081,debris_rock
0,22,206,-4.803921568627452,debris_rock
0,23,181,-7.254901960784313,mixed_snow_ice
0,24,171,-8.235294117647062,mixed_snow_ice
0,25,228,-2.6470588235294095,debris_rock
0,26,246,-0.882352941176471,debris_rock
0,27,195,-5.882352941176471,debris_rock
0,28,191,-6.274509803921568,debris_rock
0,29,118,-13.431372549019608,regular_glacier_ice
0,30,76,-17.549019607843135,deep_glacier_ice
0,31,177,-7.647058823529413,mixed_snow_ice
0,32,200,-5.392156862745097,debris_rock
0,33,181,-7.254901960784313,mixed_snow_ice
0,34,226,-2.8431372549019613,debris_rock
0,35,170,-8.333333333333336,mixed_snow_ice
0,36,176,-7.745098039215687,mixed_snow_ice
0,37,197,-5.686274509803919,debris_rock
0,38,255,0.0,debris_rock
0,39,255,0.0,debris_rock
0,40,221,-3.333333333333332,debris_rock
0,41,181,-7.254901960784313,mixed_snow_ice
0,42,158,-9.509803921568627,clean_glacier_ice
0,43,170,-8.333333333333336,mixed_snow_ice
0,44,194,-5.980392156862745,debris_rock
0,45,176,-7.745098039215687,mixed_snow_ice
0,46,215,-3.9215686274509807,debris_rock
0,47,222,-3.235294117647058,debris_rock
0,48,155,-9.803921568627452,clean_glacier_ice
0,49,208,-4.607843137254903,debris_rock
0,50,151,-10.196078431372548,clean_glacier_ice
0,51,182,-7.156862745098039,mixed_snow_ice
0,52,183,-7.0588235294117645,mixed_snow_ice
0,53,200,-5.392156862745097,debris_rock
0,54,164,-8.92156862745098,clean_glacier_ice
0,55,196,-5.784313725490193,debris_rock
0,56,157,-9.607843137254902,clean_glacier_ice
0,57,185,-6.862745098039216,mixed_snow_ice
0,58,185,-6.862745098039216,mixed_snow_ice
0,59,210,-4.411764705882355,debris_rock
0,60,166,-8.725490196078432,mixed_snow_ice
0,61,133,-11.960784313725489,clean_glacier_ice
0,62,98,-15.392156862745097,regular_glacier_ice
0,71,148,-10.49019607843137,clean_glacier_ice
0,72,100,-15.196078431372548,regular_glacier_ice
0,73,116,-13.627450980392156,regular_glacier_ice
0,74,152,-10.098039215686274,clean_glacier_ice
0,75,193,-6.078431372549019,debris_rock
0,76,164,-8.92156862745098,clean_glacier_ice
0,77,192,-6.1764705882352935,debris_rock
0,78,175,-7.843137254901961,mixed_snow_ice
0,79,173,-8.03921568627451,mixed_snow_ice
0,80,191,-6.274509803921568,debris_rock
0,82,215,-3.9215686274509807,debris_rock
0,83,60,-19.11764705882353,deep_glacier_ice
0,86,255,0.0,debris_rock
0,87,220,-3.4313725490196063,debris_rock
0,95,135,-11.76470588235294,clean_glacier_ice
0,98,223,-3.137254901960784,debris_rock
0,99,140,-11.274509803921568,clean_glacier_ice
0,100,124,-12.843137254901961,regular_glacier_ice
0,101,205,-4.901960784313726,debris_rock
0,102,222,-3.235294117647058,debris_rock
0,103,209,-4.509803921568629,debris_rock
0,104,155,-9.803921568627452,clean_glacier_ice
0,105,230,-2.450980392156861,debris_rock
0,106,164,-8.92156862745098,clean_glacier_ice
0,107,165,-8.823529411764707,clean_glacier_ice
0,108,211,-4.313725490196081,debris_rock
0,109,241,-1.3725490196078454,debris_rock
0,110,183,-7.0588235294117645,mixed_snow_ice
0,111,195,-5.882352941176471,debris_rock
0,112,143,-10.980392156862745,clean_glacier_ice
0,113,110,-14.215686274509803,regular_glacier_ice
0,114,131,-12.15686274509804,clean_glacier_ice
0,115,143,-10.980392156862745,clean_glacier_ice
0,116,115,-13.72549019607843,regular_glacier_ice
0,117,79,-17.254901960784313,deep_glacier_ice
0,118,108,-14.411764705882353,regular_glacier_ice
0,119,114,-13.823529411764705,regular_glacier_ice
0,120,197,-5.686274509803919,debris_rock
0,121,237,-1.764705882352942,debris_rock
0,122,220,-3.4313725490196063,debris_rock
0,123,212,-4.215686274509803,debris_rock
0,124,204,-5.0,debris_rock
0,125,209,-4.509803921568629,debris_rock
0,126,204,-5.0,debris_rock
0,127,200,-5.392156862745097,debris_rock
0,128,174,-7.9411764705882355,mixed_snow_ice
0,129,191,-6.274509803921568,debris_rock
0,130,161,-9.215686274509805,clean_glacier_ice
0,131,168,-8.529411764705884,mixed_snow_ice
0,132,161,-9.215686274509805,clean_glacier_ice
0,133,184,-6.96078431372549,mixed_snow_ice
0,134,190,-6.372549019607842,debris_rock
0,135,167,-8.627450980392158,mixed_snow_ice
0,136,210,-4.411764705882355,debris_rock
0,137,186,-6.764705882352942,debris_rock
0,138,165,-8.823529411764707,clean_glacier_ice
0,139,192,-6.1764705882352935,debris_rock
0,140,208,-4.607843137254903,debris_rock
0,141,191,-6.274509803921568,debris_rock
0,142,177,-7.647058823529413,mixed_snow_ice
0,143,161,-9.215686274509805,clean_glacier_ice
0,144,204,-5.0,debris_rock
0,145,165,-8.823529411764707,clean_glacier_ice
0,146,180,-7.352941176470587,mixed_snow_ice
0,147,168,-8.529411764705884,mixed_snow_ice
0,148,194,-5.980392156862745,debris_rock
0,149,181,-7.254901960784313,mixed_snow_ice
0,150,195,-5.882352941176471,debris_rock
0,151,185,-6.862745098039216,mixed_snow_ice
0,152,180,-7.352941176470587,mixed_snow_ice
0,153,206,-4.803921568627452,debris_rock
0,154,191,-6.274509803921568,debris_rock
0,155,194,-5.980392156862745,debris_rock
0,156,184,-6.96078431372549,mixed_snow_ice
0,157,190,-6.372549019607842,debris_rock
0,158,184,-6.96078431372549,mixed_snow_ice
0,159,190,-6.372549019607842,debris_rock
0,160,187,-6.666666666666668,debris_rock
0,161,177,-7.647058823529413,mixed_snow_ice
0,162,163,-9.019607843137257,clean_glacier_ice
0,163,177,-7.647058823529413,mixed_snow_ice
0,164,180,-7.352941176470587,mixed_snow_ice
0,165,192,-6.1764705882352935,debris_rock
0,166,206,-4.803921568627452,debris_rock
0,167,174,-7.9411764705882355,mixed_snow_ice
0,168,192,-6.1764705882352935,debris_rock
0,169,129,-12.352941176470589,regular_glacier_ice
0,170,238,-1.6666666666666679,debris_rock
0,171,238,-1.6666666666666679,debris_rock
0,172,199,-5.490196078431371,debris_rock
0,173,176,-7.745098039215687,mixed_snow_ice
0,174,173,-8.03921568627451,mixed_snow_ice
0,175,115,-13.72549019607843,regular_glacier_ice
0,176,94,-15.784313725490195,regular_glacier_ice
0,177,109,-14.313725490196079,regular_glacier_ice
0,178,136,-11.666666666666666,clean_glacier_ice
0,179,196,-5.784313725490193,debris_rock
0,180,222,-3.235294117647058,debris_rock
0,181,161,-9.215686274509805,clean_glacier_ice
0,182,182,-7.156862745098039,mixed_snow_ice
0,183,189,-6.470588235294116,debris_rock
0,184,168,-8.529411764705884,mixed_snow_ice
0,185,131,-12.15686274509804,clean_glacier_ice
0,186,186,-6.764705882352942,debris_rock
0,187,207,-4.7058823529411775,debris_rock
0,188,203,-5.098039215686274,debris_rock
0,189,177,-7.647058823529413,mixed_snow_ice
0,190,205,-4.901960784313726,debris_rock
0,191,191,-6.274509803921568,debris_rock
0,192,194,-5.980392156862745,debris_rock
0,193,126,-12.647058823529411,regular_glacier_ice
0,194,127,-12.549019607843137,regular_glacier_ice
0,195,195,-5.882352941176471,debris_rock
0,196,184,-6.96078431372549,mixed_snow_ice
0,197,158,-9.509803921568627,clean_glacier_ice
0,198,203,-5.098039215686274,debris_rock
0,199,207,-4.7058823529411775,debris_rock
0,200,245,-0.9803921568627452,debris_rock
0,201,255,0.0,debris_rock
0,202,215,-3.9215686274509807,debris_rock
0,203,255,0.0,debris_rock
0,204,255,0.0,debris_rock
0,205,206,-4.803921568627452,debris_rock
0,206,213,-4.117647058823529,debris_rock
0,207,138,-11.470588235294118,clean_glacier_ice
0,208,189,-6.470588235294116,debris_rock
0,209,188,-6.56862745098039,debris_rock
0,210,206,-4.803921568627452,debris_rock
0,211,213,-4.117647058823529,debris_rock
0,212,188,-6.56862745098039,debris_rock
0,213,159,-9.411764705882353,clean_glacier_ice
0,214,155,-9.803921568627452,clean_glacier_ice
0,215,157,-9.607843137254902,clean_glacier_ice
0,216,191,-6.274509803921568,debris_rock
0,217,181,-7.254901960784313,mixed_snow_ice
0,218,202,-5.196078431372548,debris_rock
0,219,186,-6.764705882352942,debris_rock
0,220,151,-10.196078431372548,clean_glacier_ice
0,221,153,-10.0,clean_glacier_ice
0,222,159,-9.411764705882353,clean_glacier_ice
1,0,169,-8.43137254901961,mixed_snow_ice
1,1,179,-7.450980392156865,mixed_snow_ice
1,2,135,-11.76470588235294,clean_glacier_ice
1,13,164,-8.92156862745098,clean_glacier_ice
1,14,162,-9.11764705882353,clean_glacier_ice
1,15,96,-15.588235294117647,regular_glacier_ice
1,16,123,-12.941176470588236,regular_glacier_ice
1,17,201,-5.2941176470588225,debris_rock
1,18,212,-4.215686274509803,debris_rock
1,19,178,-7.549019607843139,mixed_snow_ice
1,20,170,-8.333333333333336,mixed_snow_ice
1,21,186,-6.764705882352942,debris_rock
1,22,150,-10.294117647058822,clean_glacier_ice
1,24,161,-9.215686274509805,clean_glacier_ice
1,25,88,-16.372549019607845,regular_glacier_ice
1,26,128,-12.450980392156863,regular_glacier_ice
1,28,161,-9.215686274509805,clean_glacier_ice
1,37,162,-9.11764705882353,clean_glacier_ice
1,40,255,0.0,debris_rock
1,41,177,-7.647058823529413,mixed_snow_ice
1,42,175,-7.843137254901961,mixed_snow_ice
1,43,214,-4.019607843137255,debris_rock
1,44,235,-1.9607843137254903,debris_rock
1,45,186,-6.764705882352942,debris_rock
1,46,198,-5.588235294117645,debris_rock
1,47,193,-6.078431372549019,debris_rock
1,48,147,-10.588235294117649,clean_glacier_ice
1,49,146,-10.686274509803923,clean_glacier_ice
1,50,227,-2.745098039215687,debris_rock
1,51,255,0.0,debris_rock
1,52,255,0.0,debris_rock
1,53,239,-1.5686274509803937,debris_rock
1,54,145,-10.784313725490197,clean_glacier_ice
1,55,132,-12.058823529411763,clean_glacier_ice
1,56,148,-10.49019607843137,clean_glacier_ice
1,57,132,-12.058823529411763,clean_glacier_ice
1,58,134,-11.862745098039214,clean_glacier_ice
1,59,142,-11.07843137254902,clean_glacier_ice
1,60,132,-12.058823529411763,clean_glacier_ice
1,61,125,-12.745098039215687,regular_glacier_ice
1,62,173,-8.03921568627451,mixed_snow_ice
1,63,234,-2.0588235294117645,debris_rock
1,64,224,-3.0392156862745097,debris_rock
1,65,207,-4.7058823529411775,debris_rock
1,66,223,-3.137254901960784,debris_rock
1,67,209,-4.509803921568629,debris_rock
1,68,205,-4.901960784313726,debris_rock
1,69,208,-4.607843137254903,debris_rock
1,70,190,-6.372549019607842,debris_rock
1,71,197,-5.686274509803919,debris_rock
1,72,199,-5.490196078431371,debris_rock
1,73,160,-9.313725490196079,clean_glacier_ice
1,74,172,-8.137254901960784,mixed_snow_ice
1,75,171,-8.235294117647062,mixed_snow_ice
1,76,189,-6.470588235294116,debris_rock
1,77,203,-5.098039215686274,debris_rock
1,78,208,-4.607843137254903,debris_rock
1,79,216,-3.8235294117647065,debris_rock
1,80,191,-6.274509803921568,debris_rock
1,81,225,-2.9411764705882355,debris_rock
1,82,175,-7.843137254901961,mixed_snow_ice
1,83,174,-7.9411764705882355,mixed_snow_ice
1,84,209,-4.509803921568629,debris_rock
1,85,151,-10.196078431372548,clean_glacier_ice
1,86,203,-5.098039215686274,debris_rock
1,87,194,-5.980392156862745,debris_rock
1,88,188,-6.56862745098039,debris_rock
1,89,167,-8.627450980392158,mixed_snow_ice
1,90,205,-4.901960784313726,debris_rock
1,91,192,-6.1764705882352935,debris_rock
1,92,169,-8.43137254901961,mixed_snow_ice
1,93,178,-7.549019607843139,mixed_snow_ice
1,94,186,-6.764705882352942,debris_rock
1,95,212,-4.215686274509803,debris_rock
1,96,170,-8.333333333333336,mixed_snow_ice
1,97,186,-6.764705882352942,debris_rock
1,98,200,-5.392156862745097,debris_rock
1,99,196,-5.784313725490193,debris_rock
1,100,200,-5.392156862745097,debris_rock
1,101,209,-4.509803921568629,debris_rock
1,102,195,-5.882352941176471,debris_rock
1,103,203,-5.098039215686274,debris_rock
1,104,156,-9.705882352941176,clean_glacier_ice
1,105,201,-5.2941176470588225,debris_rock
1,106,186,-6.764705882352942,debris_rock
1,107,139,-11.372549019607844,clean_glacier_ice
1,108,150,-10.294117647058822,clean_glacier_ice
1,109,141,-11.176470588235293,clean_glacier_ice
1,110,194,-5.980392156862745,debris_rock
1,111,150,-10.294117647058822,clean_glacier_ice
1,112,228,-2.6470588235294095,debris_rock
1,113,255,0.0,debris_rock
1,114,240,-1.4705882352941195,debris_rock
1,115,255,0.0,debris_rock
1,116,206,-4.803921568627452,debris_rock
1,117,166,-8.725490196078432,mixed_snow_ice
1,118,118,-13.431372549019608,regular_glacier_ice
1,119,120,-13.23529411764706,regular_glacier_ice
1,120,150,-10.294117647058822,clean_glacier_ice
1,121,213,-4.117647058823529,debris_rock
1,122,236,-1.8627450980392162,debris_rock
1,123,204,-5.0,debris_rock
1,124,216,-3.8235294117647065,debris_rock
1,125,170,-8.333333333333336,mixed_snow_ice
1,126,166,-8.725490196078432,mixed_snow_ice
1,127,164,-8.92156862745098,clean_glacier_ice
1,128,255,0.0,debris_rock
1,129,255,0.0,debris_rock
1,130,247,-0.7843137254901968,debris_rock
1,131,227,-2.745098039215687,debris_rock
1,132,235,-1.9607843137254903,debris_rock
1,133,236,-1.8627450980392162,debris_rock
1,134,210,-4.411764705882355,debris_rock
1,135,171,-8.235294117647062,mixed_snow_ice
1,136,176,-7.745098039215687,mixed_snow_ice
1,137,201,-5.2941176470588225,debris_rock
1,138,165,-8.823529411764707,clean_glacier_ice
1,139,157,-9.607843137254902,clean_glacier_ice
1,140,223,-3.137254901960784,debris_rock
1,141,210,-4.411764705882355,debris_rock
1,142,186,-6.764705882352942,debris_rock
1,143,202,-5.196078431372548,debris_rock
1,144,161,-9.215686274509805,clean_glacier_ice
1,145,212,-4.215686274509803,debris_rock
1,146,192,-6.1764705882352935,debris_rock
1,147,203,-5.098039215686274,debris_rock
1,148,215,-3.9215686274509807,debris_rock
1,149,186,-6.764705882352942,debris_rock
1,150,210,-4.411764705882355,debris_rock
1,151,114,-13.823529411764705,regular_glacier_ice
1,152,188,-6.56862745098039,debris_rock
1,153,146,-10.686274509803923,clean_glacier_ice
1,154,213,-4.117647058823529,debris_rock
1,155,196,-5.784313725490193,debris_rock
1,156,190,-6.372549019607842,debris_rock
1,157,157,-9.607843137254902,clean_glacier_ice
1,158,185,-6.862745098039216,mixed_snow_ice
1,159,164,-8.92156862745098,clean_glacier_ice
1,160,195,-5.882352941176471,debris_rock
1,161,177,-7.647058823529413,mixed_snow_ice
1,162,156,-9.705882352941176,clean_glacier_ice
1,163,146,-10.686274509803923,clean_glacier_ice
1,164,131,-12.15686274509804,clean_glacier_ice
1,165,121,-13.137254901960786,regular_glacier_ice
1,166,166,-8.725490196078432,mixed_snow_ice
1,178,177,-7.647058823529413,mixed_snow_ice
1,179,182,-7.156862745098039,mixed_snow_ice
1,180,130,-12.254901960784315,clean_glacier_ice
1,181,162,-9.11764705882353,clean_glacier_ice
1,182,227,-2.745098039215687,debris_rock
1,183,174,-7.9411764705882355,mixed_snow_ice
1,184,129,-12.352941176470589,regular_glacier_ice
1,185,135,-11.76470588235294,clean_glacier_ice
1,186,159,-9.411764705882353,clean_glacier_ice
1,187,164,-8.92156862745098,clean_glacier_ice
1,190,161,-9.215686274509805,clean_glacier_ice
1,191,139,-11.372549019607844,clean_glacier_ice
1,192,183,-7.0588235294117645,mixed_snow_ice
1,198,223,-3.137254901960784,debris_rock
1,199,139,-11.372549019607844,clean_glacier_ice
1,200,228,-2.6470588235294095,debris_rock
1,202,233,-2.1568627450980387,debris_rock
1,203,208,-4.607843137254903,debris_rock
1,204,219,-3.529411764705884,debris_rock
1,205,220,-3.4313725490196063,debris_rock
1,206,208,-4.607843137254903,debris_rock
1,207,180,-7.352941176470587,mixed_snow_ice
1,208,169,-8.43137254901961,mixed_snow_ice
1,209,205,-4.901960784313726,debris_rock
1,210,195,-5.882352941176471,debris_rock
1,211,191,-6.274509803921568,debris_rock
1,212,173,-8.03921568627451,mixed_snow_ice
1,213,167,-8.627450980392158,mixed_snow_ice
1,214,146,-10.686274509803923,clean_glacier_ice
1,215,146,-10.686274509803923,clean_glacier_ice
1,216,220,-3.4313725490196063,debris_rock
1,217,214,-4.019607843137255,debris_rock
1,218,202,-5.196078431372548,debris_rock
1,219,162,-9.11764705882353,clean_glacier_ice
1,220,162,-9.11764705882353,clean_glacier_ice
1,221,156,-9.705882352941176,clean_glacier_ice
1,222,170,-8.333333333333336,mixed_snow_ice
2,0,131,-12.15686274509804,clean_glacier_ice
2,1,159,-9.411764705882353,clean_glacier_ice
2,2,152,-10.098039215686274,clean_glacier_ice
2,3,154,-9.901960784313726,clean_glacier_ice
2,4,199,-5.490196078431371,debris_rock
2,5,225,-2.9411764705882355,debris_rock
2,6,210,-4.411764705882355,debris_rock
2,7,185,-6.862745098039216,mixed_snow_ice
2,8,234,-2.0588235294117645,debris_rock
2,9,205,-4.901960784313726,debris_rock
2,10,195,-5.882352941176471,debris_rock
2,11,191,-6.274509803921568,debris_rock
2,12,187,-6.666666666666668,debris_rock
2,13,192,-6.1764705882352935,debris_rock
2,14,191,-6.274509803921568,debris_rock
2,15,158,-9.509803921568627,clean_glacier_ice
2,16,188,-6.56862745098039,debris_rock
2,17,168,-8.529411764705884,mixed_snow_ice
2,18,187,-6.666666666666668,debris_rock
2,19,207,-4.7058823529411775,debris_rock
2,20,208,-4.607843137254903,debris_rock
2,21,212,-4.215686274509803,debris_rock
2,22,196,-5.784313725490193,debris_rock
2,23,190,-6.372549019607842,debris_rock
2,24,217,-3.7254901960784323,debris_rock
2,25,146,-10.686274509803923,clean_glacier_ice
2,26,168,-8.529411764705884,mixed_snow_ice
2,27,175,-7.843137254901961,mixed_snow_ice
2,28,209,-4.509803921568629,debris_rock
2,29,224,-3.0392156862745097,debris_rock
2,30,185,-6.862745098039216,mixed_snow_ice
2,31,184,-6.96078431372549,mixed_snow_ice
2,32,203,-5.098039215686274,debris_rock
2,33,175,-7.843137254901961,mixed_snow_ice
2,34,180,-7.352941176470587,mixed_snow_ice
2,35,164,-8.92156862745098,clean_glacier_ice
2,36,192,-6.1764705882352935,debris_rock
2,37,201,-5.2941176470588225,debris_rock
2,38,157,-9.607843137254902,clean_glacier_ice
2,39,176,-7.745098039215687,mixed_snow_ice
2,40,215,-3.9215686274509807,debris_rock
2,41,193,-6.078431372549019,debris_rock
2,42,201,-5.2941176470588225,debris_rock
2,43,183,-7.0588235294117645,mixed_snow_ice
2,44,183,-7.0588235294117645,mixed_snow_ice
2,45,188,-6.56862745098039,debris_rock
2,46,146,-10.686274509803923,clean_glacier_ice
2,47,172,-8.137254901960784,mixed_snow_ice
2,48,180,-7.352941176470587,mixed_snow_ice
2,49,186,-6.764705882352942,debris_rock
2,50,133,-11.960784313725489,clean_glacier_ice
2,51,109,-14.313725490196079,regular_glacier_ice
2,52,112,-14.019607843137255,regular_glacier_ice
2,53,151,-10.196078431372548,clean_glacier_ice
2,54,238,-1.6666666666666679,debris_rock
2,55,255,0.0,debris_rock
2,56,255,0.0,debris_rock
2,57,255,0.0,debris_rock
2,58,255,0.0,debris_rock
2,59,222,-3.235294117647058,debris_rock
2,60,145,-10.784313725490197,clean_glacier_ice
2,61,126,-12.647058823529411,regular_glacier_ice
2,62,205,-4.901960784313726,debris_rock
2,63,213,-4.117647058823529,debris_rock
2,64,213,-4.117647058823529,debris_rock
2,65,202,-5.196078431372548,debris_rock
2,66,255,0.0,debris_rock
2,67,255,0.0,debris_rock
2,68,251,-0.3921568627451002,debris_rock
2,69,250,-0.49019607843137436,debris_rock
2,70,255,0.0,debris_rock
2,71,224,-3.0392156862745097,debris_rock
2,72,195,-5.882352941176471,debris_rock
2,73,140,-11.274509803921568,clean_glacier_ice
2,74,152,-10.098039215686274,clean_glacier_ice
2,75,147,-10.588235294117649,clean_glacier_ice
2,76,166,-8.725490196078432,mixed_snow_ice
2,77,205,-4.901960784313726,debris_rock
2,78,194,-5.980392156862745,debris_rock
2,79,231,-2.352941176470587,debris_rock
2,80,235,-1.9607843137254903,debris_rock
2,81,204,-5.0,debris_rock
2,82,208,-4.607843137254903,debris_rock
2,83,162,-9.11764705882353,clean_glacier_ice
2,84,192,-6.1764705882352935,debris_rock
2,85,193,-6.078431372549019,debris_rock
2,86,134,-11.862745098039214,clean_glacier_ice
2,87,178,-7.549019607843139,mixed_snow_ice
2,88,235,-1.9607843137254903,debris_rock
2,89,235,-1.9607843137254903,debris_rock
2,90,201,-5.2941176470588225,debris_rock
2,91,183,-7.0588235294117645,mixed_snow_ice
2,92,186,-6.764705882352942,debris_rock
2,93,167,-8.627450980392158,mixed_snow_ice
2,94,221,-3.333333333333332,debris_rock
2,95,185,-6.862745098039216,mixed_snow_ice
2,96,213,-4.117647058823529,debris_rock
2,97,227,-2.745098039215687,debris_rock
2,98,183,-7.0588235294117645,mixed_snow_ice
2,99,182,-7.156862745098039,mixed_snow_ice
2,100,197,-5.686274509803919,debris_rock
2,101,192,-6.1764705882352935,debris_rock
2,102,174,-7.9411764705882355,mixed_snow_ice
2,103,173,-8.03921568627451,mixed_snow_ice
2,104,103,-14.901960784313726,regular_glacier_ice
2,105,70,-18.137254901960784,deep_glacier_ice
2,106,82,-16.96078431372549,deep_glacier_ice
2,120,147,-10.588235294117649,clean_glacier_ice
2,121,123,-12.941176470588236,regular_glacier_ice
2,122,137,-11.568627450980392,clean_glacier_ice
2,123,169,-8.43137254901961,mixed_snow_ice
2,124,168,-8.529411764705884,mixed_snow_ice
2,125,137,-11.568627450980392,clean_glacier_ice
2,126,151,-10.196078431372548,clean_glacier_ice
2,127,173,-8.03921568627451,mixed_snow_ice
2,128,112,-14.019607843137255,regular_glacier_ice
2,129,164,-8.92156862745098,clean_glacier_ice
2,133,117,-13.529411764705882,regular_glacier_ice
2,134,85,-16.666666666666668,deep_glacier_ice
2,140,156,-9.705882352941176,clean_glacier_ice
2,141,158,-9.509803921568627,clean_glacier_ice
2,142,172,-8.137254901960784,mixed_snow_ice
2,145,199,-5.490196078431371,debris_rock
2,146,191,-6.274509803921568,debris_rock
2,147,206,-4.803921568627452,debris_rock
2,148,207,-4.7058823529411775,debris_rock
2,149,182,-7.156862745098039,mixed_snow_ice
2,150,143,-10.980392156862745,clean_glacier_ice
2,151,176,-7.745098039215687,mixed_snow_ice
2,152,214,-4.019607843137255,debris_rock
2,153,181,-7.254901960784313,mixed_snow_ice
2,154,132,-12.058823529411763,clean_glacier_ice
2,155,156,-9.705882352941176,clean_glacier_ice
2,156,171,-8.235294117647062,mixed_snow_ice
2,157,161,-9.215686274509805,clean_glacier_ice
2,158,145,-10.784313725490197,clean_glacier_ice
2,159,213,-4.117647058823529,debris_rock
2,160,209,-4.509803921568629,debris_rock
2,161,146,-10.686274509803923,clean_glacier_ice
2,162,152,-10.098039215686274,clean_glacier_ice
2,163,159,-9.411764705882353,clean_glacier_ice
2,164,167,-8.627450980392158,mixed_snow_ice
2,165,166,-8.725490196078432,mixed_snow_ice
2,166,166,-8.725490196078432,mixed_snow_ice
2,167,159,-9.411764705882353,clean_glacier_ice
2,168,143,-10.980392156862745,clean_glacier_ice
2,169,142,-11.07843137254902,clean_glacier_ice
2,170,176,-7.745098039215687,mixed_snow_ice
2,171,204,-5.0,debris_rock
2,172,151,-10.196078431372548,clean_glacier_ice
2,173,219,-3.529411764705884,debris_rock
2,174,210,-4.411764705882355,debris_rock
2,175,194,-5.980392156862745,debris_rock
2,176,177,-7.647058823529413,mixed_snow_ice
2,177,191,-6.274509803921568,debris_rock
2,178,211,-4.313725490196081,debris_rock
2,179,158,-9.509803921568627,clean_glacier_ice
2,180,167,-8.627450980392158,mixed_snow_ice
2,181,200,-5.392156862745097,debris_rock
2,182,152,-10.098039215686274,clean_glacier_ice
2,183,163,-9.019607843137257,clean_glacier_ice
2,184,206,-4.803921568627452,debris_rock
2,185,186,-6.764705882352942,debris_rock
2,186,187,-6.666666666666668,debris_rock
2,187,198,-5.588235294117645,debris_rock
2,188,186,-6.764705882352942,debris_rock
2,189,190,-6.372549019607842,debris_rock
2,190,157,-9.607843137254902,clean_glacier_ice
2,191,196,-5.784313725490193,debris_rock
2,192,197,-5.686274509803919,debris_rock
2,193,216,-3.8235294117647065,debris_rock
2,194,214,-4.019607843137255,debris_rock
2,195,176,-7.745098039215687,mixed_snow_ice
2,196,175,-7.843137254901961,mixed_snow_ice
2,197,185,-6.862745098039216,mixed_snow_ice
2,198,187,-6.666666666666668,debris_rock
2,199,186,-6.764705882352942,debris_rock
2,200,184,-6.96078431372549,mixed_snow_ice
2,201,183,-7.0588235294117645,mixed_snow_ice
2,202,197,-5.686274509803919,debris_rock
2,203,183,-7.0588235294117645,mixed_snow_ice
2,204,193,-6.078431372549019,debris_rock
2,205,168,-8.529411764705884,mixed_snow_ice
2,206,185,-6.862745098039216,mixed_snow_ice
2,207,201,-5.2941176470588225,debris_rock
2,208,163,-9.019607843137257,clean_glacier_ice
2,209,162,-9.11764705882353,clean_glacier_ice
2,210,182,-7.156862745098039,mixed_snow_ice
2,211,184,-6.96078431372549,mixed_snow_ice
2,212,173,-8.03921568627451,mixed_snow_ice
2,213,159,-9.411764705882353,clean_glacier_ice
2,214,151,-10.196078431372548,clean_glacier_ice
2,215,84,-16.764705882352942,deep_glacier_ice
2,216,58,-19.313725490196077,deep_glacier_ice
2,217,71,-18.03921568627451,deep_glacier_ice
2,218,117,-13.529411764705882,regular_glacier_ice
2,219,255,0.0,debris_rock
2,220,255,0.0,debris_rock
2,221,255,0.0,debris_rock
2,222,255,0.0,debris_rock
3,0,219,-3.529411764705884,debris_rock
3,1,213,-4.117647058823529,debris_rock
3,2,149,-10.392156862745097,clean_glacier_ice
3,3,160,-9.313725490196079,clean_glacier_ice
3,4,184,-6.96078431372549,mixed_snow_ice
3,5,205,-4.901960784313726,debris_rock
3,6,205,-4.901960784313726,debris_rock
3,7,243,-1.176470588235297,debris_rock
3,8,255,0.0,debris_rock
3,9,242,-1.2745098039215712,debris_rock
3,10,198,-5.588235294117645,debris_rock
3,11,209,-4.509803921568629,debris_rock
3,12,202,-5.196078431372548,debris_rock
3,13,180,-7.352941176470587,mixed_snow_ice
3,14,177,-7.647058823529413,mixed_snow_ice
3,15,180,-7.352941176470587,mixed_snow_ice
3,16,131,-12.15686274509804,clean_glacier_ice
3,17,153,-10.0,clean_glacier_ice
3,18,179,-7.450980392156865,mixed_snow_ice
3,19,194,-5.980392156862745,debris_rock
3,20,173,-8.03921568627451,mixed_snow_ice
3,21,230,-2.450980392156861,debris_rock
3,22,224,-3.0392156862745097,debris_rock
3,23,173,-8.03921568627451,mixed_snow_ice
3,24,175,-7.843137254901961,mixed_snow_ice
3,25,200,-5.392156862745097,debris_rock
3,26,237,-1.764705882352942,debris_rock
3,27,255,0.0,debris_rock
3,28,234,-2.0588235294117645,debris_rock
3,29,197,-5.686274509803919,debris_rock
3,30,224,-3.0392156862745097,debris_rock
3,31,195,-5.882352941176471,debris_rock
3,32,206,-4.803921568627452,debris_rock
3,33,204,-5.0,debris_rock
3,34,152,-10.098039215686274,clean_glacier_ice
3,35,208,-4.607843137254903,debris_rock
3,36,214,-4.019607843137255,debris_rock
3,37,230,-2.450980392156861,debris_rock
3,38,236,-1.8627450980392162,debris_rock
3,39,204,-5.0,debris_rock
3,40,208,-4.607843137254903,debris_rock
3,41,184,-6.96078431372549,mixed_snow_ice
3,42,178,-7.549019607843139,mixed_snow_ice
3,43,193,-6.078431372549019,debris_rock
3,44,164,-8.92156862745098,clean_glacier_ice
3,45,195,-5.882352941176471,debris_rock
3,46,142,-11.07843137254902,clean_glacier_ice
3,47,85,-16.666666666666668,deep_glacier_ice
3,61,254,-0.09803921568627416,debris_rock
3,62,132,-12.058823529411763,clean_glacier_ice
3,63,196,-5.784313725490193,debris_rock
3,64,201,-5.2941176470588225,debris_rock
3,65,137,-11.568627450980392,clean_glacier_ice
3,66,160,-9.313725490196079,clean_glacier_ice
3,67,165,-8.823529411764707,clean_glacier_ice
3,68,174,-7.9411764705882355,mixed_snow_ice
3,69,139,-11.372549019607844,clean_glacier_ice
3,70,152,-10.098039215686274,clean_glacier_ice
3,71,198,-5.588235294117645,debris_rock
3,75,98,-15.392156862745097,regular_glacier_ice
3,76,86,-16.568627450980394,deep_glacier_ice
3,77,126,-12.647058823529411,regular_glacier_ice
3,82,139,-11.372549019607844,clean_glacier_ice
3,83,166,-8.725490196078432,mixed_snow_ice
3,84,210,-4.411764705882355,debris_rock
3,87,176,-7.745098039215687,mixed_snow_ice
3,88,185,-6.862745098039216,mixed_snow_ice
3,89,172,-8.137254901960784,mixed_snow_ice
3,90,198,-5.588235294117645,debris_rock
3,91,188,-6.56862745098039,debris_rock
3,92,163,-9.019607843137257,clean_glacier_ice
3,93,176,-7.745098039215687,mixed_snow_ice
3,94,179,-7.450980392156865,mixed_snow_ice
3,95,165,-8.823529411764707,clean_glacier_ice
3,96,153,-10.0,clean_glacier_ice
3,97,184,-6.96078431372549,mixed_snow_ice
3,98,174,-7.9411764705882355,mixed_snow_ice
3,99,156,-9.705882352941176,clean_glacier_ice
3,100,114,-13.823529411764705,regular_glacier_ice
3,101,171,-8.235294117647062,mixed_snow_ice
3,102,226,-2.8431372549019613,debris_rock
3,103,189,-6.470588235294116,debris_rock
3,104,175,-7.843137254901961,mixed_snow_ice
3,105,172,-8.137254901960784,mixed_snow_ice
3,106,147,-10.588235294117649,clean_glacier_ice
3,107,146,-10.686274509803923,clean_glacier_ice
3,108,161,-9.215686274509805,clean_glacier_ice
3,109,222,-3.235294117647058,debris_rock
3,110,133,-11.960784313725489,clean_glacier_ice
3,111,109,-14.313725490196079,regular_glacier_ice
3,112,102,-15.0,regular_glacier_ice
3,113,125,-12.745098039215687,regular_glacier_ice
3,114,151,-10.196078431372548,clean_glacier_ice
3,115,223,-3.137254901960784,debris_rock
3,116,230,-2.450980392156861,debris_rock
3,117,200,-5.392156862745097,debris_rock
3,118,173,-8.03921568627451,mixed_snow_ice
3,119,206,-4.803921568627452,debris_rock
3,120,181,-7.254901960784313,mixed_snow_ice
3,121,184,-6.96078431372549,mixed_snow_ice
3,122,204,-5.0,debris_rock
3,123,165,-8.823529411764707,clean_glacier_ice
3,124,175,-7.843137254901961,mixed_snow_ice
3,125,193,-6.078431372549019,debris_rock
3,126,214,-4.019607843137255,debris_rock
3,127,180,-7.352941176470587,mixed_snow_ice
3,128,201,-5.2941176470588225,debris_rock
3,129,171,-8.235294117647062,mixed_snow_ice
3,130,168,-8.529411764705884,mixed_snow_ice
3,131,196,-5.784313725490193,debris_rock
3,132,192,-6.1764705882352935,debris_rock
3,133,214,-4.019607843137255,debris_rock
3,134,213,-4.117647058823529,debris_rock
3,135,194,-5.980392156862745,debris_rock
3,136,185,-6.862745098039216,mixed_snow_ice
3,137,153,-10.0,clean_glacier_ice
3,138,162,-9.11764705882353,clean_glacier_ice
3,139,197,-5.686274509803919,debris_rock
3,140,189,-6.470588235294116,debris_rock
3,141,196,-5.784313725490193,debris_rock
3,142,181,-7.254901960784313,mixed_snow_ice
3,143,170,-8.333333333333336,mixed_snow_ice
3,144,192,-6.1764705882352935,debris_rock
3,145,171,-8.235294117647062,mixed_snow_ice
3,146,189,-6.470588235294116,debris_rock
3,147,178,-7.549019607843139,mixed_snow_ice
3,148,200,-5.392156862745097,debris_rock
3,149,184,-6.96078431372549,mixed_snow_ice
3,150,181,-7.254901960784313,mixed_snow_ice
3,151,174,-7.9411764705882355,mixed_snow_ice
3,152,199,-5.490196078431371,debris_rock
3,153,186,-6.764705882352942,debris_rock
3,154,159,-9.411764705882353,clean_glacier_ice
3,155,184,-6.96078431372549,mixed_snow_ice
3,156,143,-10.980392156862745,clean_glacier_ice
3,157,118,-13.431372549019608,regular_glacier_ice
3,158,99,-15.294117647058822,regular_glacier_ice
3,159,85,-16.666666666666668,deep_glacier_ice
3,160,134,-11.862745098039214,clean_glacier_ice
3,161,206,-4.803921568627452,debris_rock
3,162,255,0.0,debris_rock
3,163,255,0.0,debris_rock
3,164,229,-2.5490196078431353,debris_rock
3,165,181,-7.254901960784313,mixed_snow_ice
3,166,140,-11.274509803921568,clean_glacier_ice
3,167,163,-9.019607843137257,clean_glacier_ice
3,168,172,-8.137254901960784,mixed_snow_ice
3,169,154,-9.901960784313726,clean_glacier_ice
3,170,178,-7.549019607843139,mixed_snow_ice
3,171,222,-3.235294117647058,debris_rock
3,172,255,0.0,debris_rock
3,173,255,0.0,debris_rock
3,174,200,-5.392156862745097,debris_rock
3,175,199,-5.490196078431371,debris_rock
3,176,216,-3.8235294117647065,debris_rock
3,177,232,-2.254901960784313,debris_rock
3,178,192,-6.1764705882352935,debris_rock
3,179,183,-7.0588235294117645,mixed_snow_ice
3,180,217,-3.7254901960784323,debris_rock
3,181,179,-7.450980392156865,mixed_snow_ice
3,182,187,-6.666666666666668,debris_rock
3,183,177,-7.647058823529413,mixed_snow_ice
3,184,180,-7.352941176470587,mixed_snow_ice
3,185,176,-7.745098039215687,mixed_snow_ice
3,186,202,-5.196078431372548,debris_rock
3,187,232,-2.254901960784313,debris_rock
3,188,147,-10.588235294117649,clean_glacier_ice
3,189,147,-10.588235294117649,clean_glacier_ice
3,190,146,-10.686274509803923,clean_glacier_ice
3,191,206,-4.803921568627452,debris_rock
3,192,255,0.0,debris_rock
3,193,252,-0.2941176470588225,debris_rock
3,194,188,-6.56862745098039,debris_rock
3,195,248,-0.6862745098039227,debris_rock
3,196,213,-4.117647058823529,debris_rock
3,197,230,-2.450980392156861,debris_rock
3,198,197,-5.686274509803919,debris_rock
3,199,205,-4.901960784313726,debris_rock
3,200,239,-1.5686274509803937,debris_rock
3,201,255,0.0,debris_rock
3,202,241,-1.3725490196078454,debris_rock
3,203,181,-7.254901960784313,mixed_snow_ice
3,204,207,-4.7058823529411775,debris_rock
3,205,197,-5.686274509803919,debris_rock
3,206,179,-7.450980392156865,mixed_snow_ice
3,207,188,-6.56862745098039,debris_rock
3,208,157,-9.607843137254902,clean_glacier_ice
3,209,194,-5.980392156862745,debris_rock
3,210,201,-5.2941176470588225,debris_rock
3,211,149,-10.392156862745097,clean_glacier_ice
4,4,225,-2.9411764705882355,debris_rock
4,6,235,-1.9607843137254903,debris_rock
4,7,116,-13.627450980392156,regular_glacier_ice
4,8,105,-14.705882352941178,regular_glacier_ice
4,9,178,-7.549019607843139,mixed_snow_ice
4,10,190,-6.372549019607842,debris_rock
4,11,121,-13.137254901960786,regular_glacier_ice
4,12,151,-10.196078431372548,clean_glacier_ice
4,13,214,-4.019607843137255,debris_rock
4,14,207,-4.7058823529411775,debris_rock
4,16,151,-10.196078431372548,clean_glacier_ice
4,17,97,-15.490196078431373,regular_glacier_ice
4,18,124,-12.843137254901961,regular_glacier_ice
4,19,137,-11.568627450980392,clean_glacier_ice
4,20,144,-10.882352941176471,clean_glacier_ice
4,24,127,-12.549019607843137,regular_glacier_ice
4,25,168,-8.529411764705884,mixed_snow_ice
4,26,214,-4.019607843137255,debris_rock
4,29,185,-6.862745098039216,mixed_snow_ice
4,30,225,-2.9411764705882355,debris_rock
4,31,195,-5.882352941176471,debris_rock
4,32,164,-8.92156862745098,clean_glacier_ice
4,33,163,-9.019607843137257,clean_glacier_ice
4,34,172,-8.137254901960784,mixed_snow_ice
4,35,193,-6.078431372549019,debris_rock
4,36,174,-7.9411764705882355,mixed_snow_ice
4,37,153,-10.0,clean_glacier_ice
4,38,195,-5.882352941176471,debris_rock
4,39,252,-0.2941176470588225,debris_rock
4,40,209,-4.509803921568629,debris_rock
4,41,135,-11.76470588235294,clean_glacier_ice
4,42,143,-10.980392156862745,clean_glacier_ice
4,43,137,-11.568627450980392,clean_glacier_ice
4,44,247,-0.7843137254901968,debris_rock
4,45,234,-2.0588235294117645,debris_rock
4,46,177,-7.647058823529413,mixed_snow_ice
4,47,206,-4.803921568627452,debris_rock
4,48,226,-2.8431372549019613,debris_rock
4,49,194,-5.980392156862745,debris_rock
4,50,222,-3.235294117647058,debris_rock
4,51,223,-3.137254901960784,debris_rock
4,52,123,-12.941176470588236,regular_glacier_ice
4,53,77,-17.450980392156865,deep_glacier_ice
4,54,106,-14.607843137254902,regular_glacier_ice
4,55,114,-13.823529411764705,regular_glacier_ice
4,56,122,-13.03921568627451,regular_glacier_ice
4,57,203,-5.098039215686274,debris_rock
4,58,249,-0.5882352941176485,debris_rock
4,59,223,-3.137254901960784,debris_rock
4,60,191,-6.274509803921568,debris_rock
4,61,221,-3.333333333333332,debris_rock
4,62,228,-2.6470588235294095,debris_rock
4,63,154,-9.901960784313726,clean_glacier_ice
4,64,177,-7.647058823529413,mixed_snow_ice
4,65,208,-4.607843137254903,debris_rock
4,66,180,-7.352941176470587,mixed_snow_ice
4,67,177,-7.647058823529413,mixed_snow_ice
4,68,205,-4.901960784313726,debris_rock
4,69,175,-7.843137254901961,mixed_snow_ice
4,70,199,-5.490196078431371,debris_rock
4,71,154,-9.901960784313726,clean_glacier_ice
4,72,216,-3.8235294117647065,debris_rock
4,73,186,-6.764705882352942,debris_rock
4,74,184,-6.96078431372549,mixed_snow_ice
4,75,177,-7.647058823529413,mixed_snow_ice
4,76,174,-7.9411764705882355,mixed_snow_ice
4,77,188,-6.56862745098039,debris_rock
4,78,178,-7.549019607843139,mixed_snow_ice
4,79,188,-6.56862745098039,debris_rock
4,80,169,-8.43137254901961,mixed_snow_ice
4,81,176,-7.745098039215687,mixed_snow_ice
4,82,165,-8.823529411764707,clean_glacier_ice
4,83,183,-7.0588235294117645,mixed_snow_ice
4,84,194,-5.980392156862745,debris_rock
4,85,165,-8.823529411764707,clean_glacier_ice
4,86,181,-7.254901960784313,mixed_snow_ice
4,87,185,-6.862745098039216,mixed_snow_ice
4,88,172,-8.137254901960784,mixed_snow_ice
4,89,154,-9.901960784313726,clean_glacier_ice
4,90,180,-7.352941176470587,mixed_snow_ice
4,91,170,-8.333333333333336,mixed_snow_ice
4,92,195,-5.882352941176471,debris_rock
4,93,173,-8.03921568627451,mixed_snow_ice
4,94,184,-6.96078431372549,mixed_snow_ice
4,95,198,-5.588235294117645,debris_rock
4,96,163,-9.019607843137257,clean_glacier_ice
4,97,185,-6.862745098039216,mixed_snow_ice
4,98,154,-9.901960784313726,clean_glacier_ice
4,99,123,-12.941176470588236,regular_glacier_ice
4,100,83,-16.862745098039216,deep_glacier_ice
4,101,35,-21.568627450980394,very_deep_glacier_ice
4,102,63,-18.823529411764707,deep_glacier_ice
4,103,121,-13.137254901960786,regular_glacier_ice
4,104,156,-9.705882352941176,clean_glacier_ice
4,105,226,-2.8431372549019613,debris_rock
4,106,255,0.0,debris_rock
4,107,175,-7.843137254901961,mixed_snow_ice
4,108,222,-3.235294117647058,debris_rock
4,109,205,-4.901960784313726,debris_rock
4,110,184,-6.96078431372549,mixed_snow_ice
4,111,166,-8.725490196078432,mixed_snow_ice
4,112,202,-5.196078431372548,debris_rock
4,113,246,-0.882352941176471,debris_rock
4,114,236,-1.8627450980392162,debris_rock
4,115,220,-3.4313725490196063,debris_rock
4,116,166,-8.725490196078432,mixed_snow_ice
4,117,161,-9.215686274509805,clean_glacier_ice
4,118,157,-9.607843137254902,clean_glacier_ice
4,119,188,-6.56862745098039,debris_rock
4,120,137,-11.568627450980392,clean_glacier_ice
4,121,140,-11.274509803921568,clean_glacier_ice
4,122,217,-3.7254901960784323,debris_rock
4,123,213,-4.117647058823529,debris_rock
4,124,165,-8.823529411764707,clean_glacier_ice
4,125,166,-8.725490196078432,mixed_snow_ice
4,126,185,-6.862745098039216,mixed_snow_ice
4,127,184,-6.96078431372549,mixed_snow_ice
4,128,172,-8.137254901960784,mixed_snow_ice
4,129,209,-4.509803921568629,debris_rock
4,130,191,-6.274509803921568,debris_rock
4,131,158,-9.509803921568627,clean_glacier_ice
4,132,155,-9.803921568627452,clean_glacier_ice
4,133,202,-5.196078431372548,debris_rock
4,134,214,-4.019607843137255,debris_rock
4,135,175,-7.843137254901961,mixed_snow_ice
4,136,141,-11.176470588235293,clean_glacier_ice
4,137,102,-15.0,regular_glacier_ice
4,138,196,-5.784313725490193,debris_rock
4,139,255,0.0,debris_rock
4,140,188,-6.56862745098039,debris_rock
4,141,194,-5.980392156862745,debris_rock
4,142,240,-1.4705882352941195,debris_rock
4,143,228,-2.6470588235294095,debris_rock
4,144,246,-0.882352941176471,debris_rock
4,145,177,-7.647058823529413,mixed_snow_ice
4,146,185,-6.862745098039216,mixed_snow_ice
4,147,189,-6.470588235294116,debris_rock
4,148,176,-7.745098039215687,mixed_snow_ice
4,149,170,-8.333333333333336,mixed_snow_ice
4,150,169,-8.43137254901961,mixed_snow_ice
4,151,183,-7.0588235294117645,mixed_snow_ice
4,152,180,-7.352941176470587,mixed_snow_ice
4,153,138,-11.470588235294118,clean_glacier_ice
4,171,229,-2.5490196078431353,debris_rock
4,172,97,-15.490196078431373,regular_glacier_ice
4,173,105,-14.705882352941178,regular_glacier_ice
4,174,137,-11.568627450980392,clean_glacier_ice
4,175,166,-8.725490196078432,mixed_snow_ice
4,176,211,-4.313725490196081,debris_rock
4,177,211,-4.313725490196081,debris_rock
4,178,136,-11.666666666666666,clean_glacier_ice
4,179,175,-7.843137254901961,mixed_snow_ice
4,180,182,-7.156862745098039,mixed_snow_ice
4,181,153,-10.0,clean_glacier_ice
4,182,179,-7.450980392156865,mixed_snow_ice
4,183,166,-8.725490196078432,mixed_snow_ice
4,184,176,-7.745098039215687,mixed_snow_ice
4,185,202,-5.196078431372548,debris_rock
4,189,135,-11.76470588235294,clean_glacier_ice
4,190,144,-10.882352941176471,clean_glacier_ice
4,196,223,-3.137254901960784,debris_rock
4,197,180,-7.352941176470587,mixed_snow_ice
4,198,163,-9.019607843137257,clean_glacier_ice
4,199,167,-8.627450980392158,mixed_snow_ice
4,200,168,-8.529411764705884,mixed_snow_ice
4,201,187,-6.666666666666668,debris_rock
4,202,162,-9.11764705882353,clean_glacier_ice
4,203,210,-4.411764705882355,debris_rock
4,204,255,0.0,debris_rock
4,205,206,-4.803921568627452,debris_rock
4,206,182,-7.156862745098039,mixed_snow_ice
4,207,154,-9.901960784313726,clean_glacier_ice
4,208,138,-11.470588235294118,clean_glacier_ice
4,209,255,0.0,debris_rock
4,210,238,-1.6666666666666679,debris_rock
4,211,211,-4.313725490196081,debris_rock
4,212,191,-6.274509803921568,debris_rock
4,213,188,-6.56862745098039,debris_rock
4,214,164,-8.92156862745098,clean_glacier_ice
4,215,177,-7.647058823529413,mixed_snow_ice
4,216,170,-8.333333333333336,mixed_snow_ice
4,217,117,-13.529411764705882,regular_glacier_ice
4,218,144,-10.882352941176471,clean_glacier_ice
4,219,147,-10.588235294117649,clean_glacier_ice
4,220,153,-10.0,clean_glacier_ice
4,221,156,-9.705882352941176,clean_glacier_ice
4,222,169,-8.43137254901961,mixed_snow_ice
5,0,254,-0.09803921568627416,debris_rock
5,1,218,-3.627450980392158,debris_rock
5,2,202,-5.196078431372548,debris_rock
5,3,235,-1.9607843137254903,debris_rock
5,4,222,-3.235294117647058,debris_rock
5,5,182,-7.156862745098039,mixed_snow_ice
5,6,195,-5.882352941176471,debris_rock
5,7,183,-7.0588235294117645,mixed_snow_ice
5,8,169,-8.43137254901961,mixed_snow_ice
5,9,185,-6.862745098039216,mixed_snow_ice
5,10,219,-3.529411764705884,debris_rock
5,11,183,-7.0588235294117645,mixed_snow_ice
5,12,211,-4.313725490196081,debris_rock
5,13,184,-6.96078431372549,mixed_snow_ice
5,14,181,-7.254901960784313,mixed_snow_ice
5,15,177,-7.647058823529413,mixed_snow_ice
5,16,205,-4.901960784313726,debris_rock
5,17,189,-6.470588235294116,debris_rock
5,18,192,-6.1764705882352935,debris_rock
5,19,184,-6.96078431372549,mixed_snow_ice
5,20,199,-5.490196078431371,debris_rock
5,21,183,-7.0588235294117645,mixed_snow_ice
5,22,179,-7.450980392156865,mixed_snow_ice
5,23,180,-7.352941176470587,mixed_snow_ice
5,24,194,-5.980392156862745,debris_rock
5,25,181,-7.254901960784313,mixed_snow_ice
5,26,176,-7.745098039215687,mixed_snow_ice
5,27,191,-6.274509803921568,debris_rock
5,28,160,-9.313725490196079,clean_glacier_ice
5,29,156,-9.705882352941176,clean_glacier_ice
5,30,169,-8.43137254901961,mixed_snow_ice
5,32,168,-8.529411764705884,mixed_snow_ice
5,33,180,-7.352941176470587,mixed_snow_ice
5,34,178,-7.549019607843139,mixed_snow_ice
5,35,174,-7.9411764705882355,mixed_snow_ice
5,36,192,-6.1764705882352935,debris_rock
5,37,168,-8.529411764705884,mixed_snow_ice
5,38,163,-9.019607843137257,clean_glacier_ice
5,39,182,-7.156862745098039,mixed_snow_ice
5,40,133,-11.960784313725489,clean_glacier_ice
5,41,107,-14.509803921568627,regular_glacier_ice
5,42,100,-15.196078431372548,regular_glacier_ice
5,43,192,-6.1764705882352935,debris_rock
5,44,129,-12.352941176470589,regular_glacier_ice
5,45,88,-16.372549019607845,regular_glacier_ice
5,46,96,-15.588235294117647,regular_glacier_ice
5,47,162,-9.11764705882353,clean_glacier_ice
5,48,220,-3.4313725490196063,debris_rock
5,49,178,-7.549019607843139,mixed_snow_ice
5,50,255,0.0,debris_rock
5,51,214,-4.019607843137255,debris_rock
5,52,155,-9.803921568627452,clean_glacier_ice
5,53,184,-6.96078431372549,mixed_snow_ice
5,54,255,0.0,debris_rock
5,55,255,0.0,debris_rock
5,56,220,-3.4313725490196063,debris_rock
5,57,204,-5.0,debris_rock
5,58,200,-5.392156862745097,debris_rock
5,59,196,-5.784313725490193,debris_rock
5,60,179,-7.450980392156865,mixed_snow_ice
5,61,148,-10.49019607843137,clean_glacier_ice
5,62,137,-11.568627450980392,clean_glacier_ice
5,63,104,-14.803921568627452,regular_glacier_ice
5,64,123,-12.941176470588236,regular_glacier_ice
5,65,143,-10.980392156862745,clean_glacier_ice
5,66,165,-8.823529411764707,clean_glacier_ice
5,67,165,-8.823529411764707,clean_glacier_ice
5,68,169,-8.43137254901961,mixed_snow_ice
5,69,161,-9.215686274509805,clean_glacier_ice
5,70,162,-9.11764705882353,clean_glacier_ice
5,71,187,-6.666666666666668,debris_rock
5,72,200,-5.392156862745097,debris_rock
5,73,132,-12.058823529411763,clean_glacier_ice
5,74,132,-12.058823529411763,clean_glacier_ice
5,75,221,-3.333333333333332,debris_rock
5,76,255,0.0,debris_rock
5,77,209,-4.509803921568629,debris_rock
5,78,155,-9.803921568627452,clean_glacier_ice
5,79,192,-6.1764705882352935,debris_rock
5,80,208,-4.607843137254903,debris_rock
5,81,250,-0.49019607843137436,debris_rock
5,82,231,-2.352941176470587,debris_rock
5,83,145,-10.784313725490197,clean_glacier_ice
5,84,164,-8.92156862745098,clean_glacier_ice
5,85,223,-3.137254901960784,debris_rock
5,86,255,0.0,debris_rock
5,87,186,-6.764705882352942,debris_rock
5,88,139,-11.372549019607844,clean_glacier_ice
5,89,199,-5.490196078431371,debris_rock
5,90,167,-8.627450980392158,mixed_snow_ice
5,91,177,-7.647058823529413,mixed_snow_ice
5,92,170,-8.333333333333336,mixed_snow_ice
5,93,173,-8.03921568627451,mixed_snow_ice
5,94,175,-7.843137254901961,mixed_snow_ice
5,95,97,-15.490196078431373,regular_glacier_ice
5,110,239,-1.5686274509803937,debris_rock
5,113,141,-11.176470588235293,clean_glacier_ice
5,114,132,-12.058823529411763,clean_glacier_ice
5,115,138,-11.470588235294118,clean_glacier_ice
5,116,127,-12.549019607843137,regular_glacier_ice
5,117,193,-6.078431372549019,debris_rock
5,118,243,-1.176470588235297,debris_rock
5,119,197,-5.686274509803919,debris_rock
5,120,164,-8.92156862745098,clean_glacier_ice
5,121,139,-11.372549019607844,clean_glacier_ice
5,122,147,-10.588235294117649,clean_glacier_ice
5,123,143,-10.980392156862745,clean_glacier_ice
5,124,185,-6.862745098039216,mixed_snow_ice
5,125,195,-5.882352941176471,debris_rock
5,126,109,-14.313725490196079,regular_glacier_ice
5,127,178,-7.549019607843139,mixed_snow_ice
5,130,170,-8.333333333333336,mixed_snow_ice
5,131,137,-11.568627450980392,clean_glacier_ice
5,132,109,-14.313725490196079,regular_glacier_ice
5,133,93,-15.882352941176471,regular_glacier_ice
5,137,255,0.0,debris_rock
5,138,251,-0.3921568627451002,debris_rock
5,139,197,-5.686274509803919,debris_rock
5,140,159,-9.411764705882353,clean_glacier_ice
5,141,183,-7.0588235294117645,mixed_snow_ice
5,142,177,-7.647058823529413,mixed_snow_ice
5,143,233,-2.1568627450980387,debris_rock
5,144,236,-1.8627450980392162,debris_rock
5,145,236,-1.8627450980392162,debris_rock
5,146,177,-7.647058823529413,mixed_snow_ice
5,147,187,-6.666666666666668,debris_rock
5,148,167,-8.627450980392158,mixed_snow_ice
5,149,180,-7.352941176470587,mixed_snow_ice
5,150,162,-9.11764705882353,clean_glacier_ice
5,151,255,0.0,debris_rock
5,152,166,-8.725490196078432,mixed_snow_ice
5,153,111,-14.117647058823529,regular_glacier_ice
5,154,105,-14.705882352941178,regular_glacier_ice
5,155,111,-14.117647058823529,regular_glacier_ice
5,156,150,-10.294117647058822,clean_glacier_ice
5,157,190,-6.372549019607842,debris_rock
5,158,193,-6.078431372549019,debris_rock
5,159,112,-14.019607843137255,regular_glacier_ice
5,160,163,-9.019607843137257,clean_glacier_ice
5,161,171,-8.235294117647062,mixed_snow_ice
5,162,155,-9.803921568627452,clean_glacier_ice
5,163,124,-12.843137254901961,regular_glacier_ice
5,164,140,-11.274509803921568,clean_glacier_ice
5,165,136,-11.666666666666666,clean_glacier_ice
5,166,218,-3.627450980392158,debris_rock
5,167,255,0.0,debris_rock
5,168,230,-2.450980392156861,debris_rock
5,169,210,-4.411764705882355,debris_rock
5,170,208,-4.607843137254903,debris_rock
5,171,169,-8.43137254901961,mixed_snow_ice
5,172,180,-7.352941176470587,mixed_snow_ice
5,173,179,-7.450980392156865,mixed_snow_ice
5,174,178,-7.549019607843139,mixed_snow_ice
5,175,255,0.0,debris_rock
5,176,183,-7.0588235294117645,mixed_snow_ice
5,177,198,-5.588235294117645,debris_rock
5,178,202,-5.196078431372548,debris_rock
5,179,180,-7.352941176470587,mixed_snow_ice
5,180,184,-6.96078431372549,mixed_snow_ice
5,181,179,-7.450980392156865,mixed_snow_ice
5,182,212,-4.215686274509803,debris_rock
5,183,172,-8.137254901960784,mixed_snow_ice
5,184,189,-6.470588235294116,debris_rock
5,185,203,-5.098039215686274,debris_rock
5,186,168,-8.529411764705884,mixed_snow_ice
5,187,182,-7.156862745098039,mixed_snow_ice
5,188,198,-5.588235294117645,debris_rock
5,189,204,-5.0,debris_rock
5,190,194,-5.980392156862745,debris_rock
5,191,179,-7.450980392156865,mixed_snow_ice
5,192,169,-8.43137254901961,mixed_snow_ice
5,193,124,-12.843137254901961,regular_glacier_ice
5,197,190,-6.372549019607842,debris_rock
5,198,177,-7.647058823529413,mixed_snow_ice
5,199,192,-6.1764705882352935,debris_rock
5,200,184,-6.96078431372549,mixed_snow_ice
5,201,203,-5.098039215686274,debris_rock
5,202,183,-7.0588235294117645,mixed_snow_ice
5,203,187,-6.666666666666668,debris_rock
5,204,194,-5.980392156862745,debris_rock
5,205,156,-9.705882352941176,clean_glacier_ice
5,206,181,-7.254901960784313,mixed_snow_ice
5,207,162,-9.11764705882353,clean_glacier_ice
5,208,206,-4.803921568627452,debris_rock
5,209,125,-12.745098039215687,regular_glacier_ice
5,210,108,-14.411764705882353,regular_glacier_ice
5,211,131,-12.15686274509804,clean_glacier_ice
5,212,142,-11.07843137254902,clean_glacier_ice
5,213,149,-10.392156862745097,clean_glacier_ice
5,214,212,-4.215686274509803,debris_rock
5,215,244,-1.0784313725490193,debris_rock
5,216,210,-4.411764705882355,debris_rock
5,217,242,-1.2745098039215712,debris_rock
5,218,182,-7.156862745098039,mixed_snow_ice
5,219,229,-2.5490196078431353,debris_rock
5,220,255,0.0,debris_rock
5,221,208,-4.607843137254903,debris_rock
5,222,202,-5.196078431372548,debris_rock
6,0,196,-5.784313725490193,debris_rock
6,1,172,-8.137254901960784,mixed_snow_ice
6,2,162,-9.11764705882353,clean_glacier_ice
6,3,146,-10.686274509803923,clean_glacier_ice
6,4,136,-11.666666666666666,clean_glacier_ice
6,5,172,-8.137254901960784,mixed_snow_ice
6,6,168,-8.529411764705884,mixed_snow_ice
6,7,155,-9.803921568627452,clean_glacier_ice
6,8,184,-6.96078431372549,mixed_snow_ice
6,9,182,-7.156862745098039,mixed_snow_ice
6,10,145,-10.784313725490197,clean_glacier_ice
6,11,156,-9.705882352941176,clean_glacier_ice
6,12,157,-9.607843137254902,clean_glacier_ice
6,13,179,-7.450980392156865,mixed_snow_ice
6,14,214,-4.019607843137255,debris_rock
6,15,166,-8.725490196078432,mixed_snow_ice
6,16,175,-7.843137254901961,mixed_snow_ice
6,17,230,-2.450980392156861,debris_rock
6,18,255,0.0,debris_rock
6,19,226,-2.8431372549019613,debris_rock
6,20,166,-8.725490196078432,mixed_snow_ice
6,21,138,-11.470588235294118,clean_glacier_ice
6,22,148,-10.49019607843137,clean_glacier_ice
6,23,178,-7.549019607843139,mixed_snow_ice
6,24,218,-3.627450980392158,debris_rock
6,25,186,-6.764705882352942,debris_rock
6,26,195,-5.882352941176471,debris_rock
6,27,177,-7.647058823529413,mixed_snow_ice
6,28,183,-7.0588235294117645,mixed_snow_ice
6,29,183,-7.0588235294117645,mixed_snow_ice
6,30,196,-5.784313725490193,debris_rock
6,31,167,-8.627450980392158,mixed_snow_ice
6,32,176,-7.745098039215687,mixed_snow_ice
6,33,191,-6.274509803921568,debris_rock
6,34,192,-6.1764705882352935,debris_rock
6,35,189,-6.470588235294116,debris_rock
6,36,180,-7.352941176470587,mixed_snow_ice
6,37,164,-8.92156862745098,clean_glacier_ice
6,52,186,-6.764705882352942,debris_rock
6,53,239,-1.5686274509803937,debris_rock
6,54,255,0.0,debris_rock
6,55,170,-8.333333333333336,mixed_snow_ice
6,56,164,-8.92156862745098,clean_glacier_ice
6,57,179,-7.450980392156865,mixed_snow_ice
6,58,160,-9.313725490196079,clean_glacier_ice
6,59,234,-2.0588235294117645,debris_rock
6,60,222,-3.235294117647058,debris_rock
6,61,159,-9.411764705882353,clean_glacier_ice
6,62,166,-8.725490196078432,mixed_snow_ice
6,63,153,-10.0,clean_glacier_ice
6,64,156,-9.705882352941176,clean_glacier_ice
6,65,189,-6.470588235294116,debris_rock
6,66,149,-10.392156862745097,clean_glacier_ice
6,67,147,-10.588235294117649,clean_glacier_ice
6,68,132,-12.058823529411763,clean_glacier_ice
6,69,163,-9.019607843137257,clean_glacier_ice
6,72,246,-0.882352941176471,debris_rock
6,73,178,-7.549019607843139,mixed_snow_ice
6,74,101,-15.098039215686274,regular_glacier_ice
6,75,63,-18.823529411764707,deep_glacier_ice
6,76,120,-13.23529411764706,regular_glacier_ice
6,79,232,-2.254901960784313,debris_rock
6,80,208,-4.607843137254903,debris_rock
6,81,159,-9.411764705882353,clean_glacier_ice
6,82,169,-8.43137254901961,mixed_snow_ice
6,83,161,-9.215686274509805,clean_glacier_ice
6,84,156,-9.705882352941176,clean_glacier_ice
6,85,216,-3.8235294117647065,debris_rock
6,86,214,-4.019607843137255,debris_rock
6,87,161,-9.215686274509805,clean_glacier_ice
6,88,205,-4.901960784313726,debris_rock
6,89,182,-7.156862745098039,mixed_snow_ice
6,90,161,-9.215686274509805,clean_glacier_ice
6,91,167,-8.627450980392158,mixed_snow_ice
6,92,168,-8.529411764705884,mixed_snow_ice
6,93,244,-1.0784313725490193,debris_rock
6,94,198,-5.588235294117645,debris_rock
6,95,163,-9.019607843137257,clean_glacier_ice
6,96,147,-10.588235294117649,clean_glacier_ice
6,97,128,-12.450980392156863,regular_glacier_ice
6,98,132,-12.058823529411763,clean_glacier_ice
6,99,178,-7.549019607843139,mixed_snow_ice
6,100,176,-7.745098039215687,mixed_snow_ice
6,101,137,-11.568627450980392,clean_glacier_ice
6,102,181,-7.254901960784313,mixed_snow_ice
6,103,226,-2.8431372549019613,debris_rock
6,104,190,-6.372549019607842,debris_rock
6,105,165,-8.823529411764707,clean_glacier_ice
6,106,154,-9.901960784313726,clean_glacier_ice
6,107,160,-9.313725490196079,clean_glacier_ice
6,108,205,-4.901960784313726,debris_rock
6,109,199,-5.490196078431371,debris_rock
6,110,235,-1.9607843137254903,debris_rock
6,111,254,-0.09803921568627416,debris_rock
6,112,250,-0.49019607843137436,debris_rock
6,113,186,-6.764705882352942,debris_rock
6,114,162,-9.11764705882353,clean_glacier_ice
6,115,153,-10.0,clean_glacier_ice
6,116,160,-9.313725490196079,clean_glacier_ice
6,117,183,-7.0588235294117645,mixed_snow_ice
6,118,202,-5.196078431372548,debris_rock
6,119,186,-6.764705882352942,debris_rock
6,120,195,-5.882352941176471,debris_rock
6,121,204,-5.0,debris_rock
6,122,189,-6.470588235294116,debris_rock
6,123,186,-6.764705882352942,debris_rock
6,124,200,-5.392156862745097,debris_rock
6,125,190,-6.372549019607842,debris_rock
6,126,190,-6.372549019607842,debris_rock
6,127,188,-6.56862745098039,debris_rock
6,128,172,-8.137254901960784,mixed_snow_ice
6,129,164,-8.92156862745098,clean_glacier_ice
6,130,180,-7.352941176470587,mixed_snow_ice
6,131,175,-7.843137254901961,mixed_snow_ice
6,132,204,-5.0,debris_rock
6,133,178,-7.549019607843139,mixed_snow_ice
6,134,166,-8.725490196078432,mixed_snow_ice
6,140,194,-5.980392156862745,debris_rock
6,141,156,-9.705882352941176,clean_glacier_ice
6,142,205,-4.901960784313726,debris_rock
6,143,187,-6.666666666666668,debris_rock
6,144,191,-6.274509803921568,debris_rock
6,145,161,-9.215686274509805,clean_glacier_ice
6,146,156,-9.705882352941176,clean_glacier_ice
6,147,182,-7.156862745098039,mixed_snow_ice
6,148,203,-5.098039215686274,debris_rock
6,149,180,-7.352941176470587,mixed_snow_ice
6,150,201,-5.2941176470588225,debris_rock
6,151,153,-10.0,clean_glacier_ice
6,152,141,-11.176470588235293,clean_glacier_ice
6,153,116,-13.627450980392156,regular_glacier_ice
6,154,134,-11.862745098039214,clean_glacier_ice
6,155,192,-6.1764705882352935,debris_rock
6,156,246,-0.882352941176471,debris_rock
6,157,255,0.0,debris_rock
6,158,215,-3.9215686274509807,debris_rock
6,159,179,-7.450980392156865,mixed_snow_ice
6,160,190,-6.372549019607842,debris_rock
6,161,220,-3.4313725490196063,debris_rock
6,162,255,0.0,debris_rock
6,163,154,-9.901960784313726,clean_glacier_ice
6,164,164,-8.92156862745098,clean_glacier_ice
6,165,175,-7.843137254901961,mixed_snow_ice
6,166,188,-6.56862745098039,debris_rock
6,167,184,-6.96078431372549,mixed_snow_ice
6,168,174,-7.9411764705882355,mixed_snow_ice
6,169,184,-6.96078431372549,mixed_snow_ice
6,170,167,-8.627450980392158,mixed_snow_ice
6,171,185,-6.862745098039216,mixed_snow_ice
6,172,175,-7.843137254901961,mixed_snow_ice
6,173,180,-7.352941176470587,mixed_snow_ice
6,174,209,-4.509803921568629,debris_rock
6,175,208,-4.607843137254903,debris_rock
6,176,217,-3.7254901960784323,debris_rock
6,177,185,-6.862745098039216,mixed_snow_ice
6,178,197,-5.686274509803919,debris_rock
6,179,179,-7.450980392156865,mixed_snow_ice
6,180,228,-2.6470588235294095,debris_rock
6,181,212,-4.215686274509803,debris_rock
6,182,198,-5.588235294117645,debris_rock
6,183,220,-3.4313725490196063,debris_rock
6,184,219,-3.529411764705884,debris_rock
6,185,181,-7.254901960784313,mixed_snow_ice
6,186,173,-8.03921568627451,mixed_snow_ice
6,187,174,-7.9411764705882355,mixed_snow_ice
6,188,146,-10.686274509803923,clean_glacier_ice
6,189,179,-7.450980392156865,mixed_snow_ice
6,190,231,-2.352941176470587,debris_rock
6,191,185,-6.862745098039216,mixed_snow_ice
6,192,144,-10.882352941176471,clean_glacier_ice
6,193,247,-0.7843137254901968,debris_rock
6,194,229,-2.5490196078431353,debris_rock
6,195,186,-6.764705882352942,debris_rock
6,196,202,-5.196078431372548,debris_rock
6,197,182,-7.156862745098039,mixed_snow_ice
6,198,169,-8.43137254901961,mixed_snow_ice
6,199,187,-6.666666666666668,debris_rock
6,200,206,-4.803921568627452,debris_rock
6,201,188,-6.56862745098039,debris_rock
6,202,200,-5.392156862745097,debris_rock
6,203,118,-13.431372549019608,regular_glacier_ice
6,216,181,-7.254901960784313,mixed_snow_ice
6,217,195,-5.882352941176471,debris_rock
6,218,246,-0.882352941176471,debris_rock
6,219,247,-0.7843137254901968,debris_rock
6,220,163,-9.019607843137257,clean_glacier_ice
6,221,146,-10.686274509803923,clean_glacier_ice
6,222,175,-7.843137254901961,mixed_snow_ice
7,0,134,-11.862745098039214,clean_glacier_ice
7,1,179,-7.450980392156865,mixed_snow_ice
7,2,144,-10.882352941176471,clean_glacier_ice
7,3,131,-12.15686274509804,clean_glacier_ice
7,4,170,-8.333333333333336,mixed_snow_ice
7,5,176,-7.745098039215687,mixed_snow_ice
7,6,156,-9.705882352941176,clean_glacier_ice
7,7,207,-4.7058823529411775,debris_rock
7,8,128,-12.450980392156863,regular_glacier_ice
7,9,113,-13.92156862745098,regular_glacier_ice
7,14,232,-2.254901960784313,debris_rock
7,15,202,-5.196078431372548,debris_rock
7,16,139,-11.372549019607844,clean_glacier_ice
7,17,116,-13.627450980392156,regular_glacier_ice
7,18,137,-11.568627450980392,clean_glacier_ice
7,19,107,-14.509803921568627,regular_glacier_ice
7,20,182,-7.156862745098039,mixed_snow_ice
7,21,163,-9.019607843137257,clean_glacier_ice
7,22,157,-9.607843137254902,clean_glacier_ice
7,23,93,-15.882352941176471,regular_glacier_ice
7,24,105,-14.705882352941178,regular_glacier_ice
7,25,97,-15.490196078431373,regular_glacier_ice
7,26,91,-16.07843137254902,regular_glacier_ice
7,29,137,-11.568627450980392,clean_glacier_ice
7,32,189,-6.470588235294116,debris_rock
7,33,134,-11.862745098039214,clean_glacier_ice
7,34,102,-15.0,regular_glacier_ice
7,35,174,-7.9411764705882355,mixed_snow_ice
7,36,212,-4.215686274509803,debris_rock
7,37,167,-8.627450980392158,mixed_snow_ice
7,38,160,-9.313725490196079,clean_glacier_ice
7,39,158,-9.509803921568627,clean_glacier_ice
7,40,140,-11.274509803921568,clean_glacier_ice
7,41,160,-9.313725490196079,clean_glacier_ice
7,42,165,-8.823529411764707,clean_glacier_ice
7,43,137,-11.568627450980392,clean_glacier_ice
7,44,219,-3.529411764705884,debris_rock
7,45,213,-4.117647058823529,debris_rock
7,46,201,-5.2941176470588225,debris_rock
7,47,195,-5.882352941176471,debris_rock
7,48,190,-6.372549019607842,debris_rock
7,49,194,-5.980392156862745,debris_rock
7,50,226,-2.8431372549019613,debris_rock
7,51,255,0.0,debris_rock
7,52,255,0.0,debris_rock
7,53,254,-0.09803921568627416,debris_rock
7,54,197,-5.686274509803919,debris_rock
7,55,207,-4.7058823529411775,debris_rock
7,56,176,-7.745098039215687,mixed_snow_ice
7,57,163,-9.019607843137257,clean_glacier_ice
7,58,196,-5.784313725490193,debris_rock
7,59,182,-7.156862745098039,mixed_snow_ice
7,60,163,-9.019607843137257,clean_glacier_ice
7,61,177,-7.647058823529413,mixed_snow_ice
7,62,173,-8.03921568627451,mixed_snow_ice
7,63,208,-4.607843137254903,debris_rock
7,64,203,-5.098039215686274,debris_rock
7,65,192,-6.1764705882352935,debris_rock
7,66,190,-6.372549019607842,debris_rock
7,67,179,-7.450980392156865,mixed_snow_ice
7,68,189,-6.470588235294116,debris_rock
7,69,201,-5.2941176470588225,debris_rock
7,70,150,-10.294117647058822,clean_glacier_ice
7,71,161,-9.215686274509805,clean_glacier_ice
7,72,184,-6.96078431372549,mixed_snow_ice
7,73,173,-8.03921568627451,mixed_snow_ice
7,74,192,-6.1764705882352935,debris_rock
7,75,146,-10.686274509803923,clean_glacier_ice
7,76,178,-7.549019607843139,mixed_snow_ice
7,77,166,-8.725490196078432,mixed_snow_ice
7,82,194,-5.980392156862745,debris_rock
7,83,167,-8.627450980392158,mixed_snow_ice
7,84,226,-2.8431372549019613,debris_rock
7,85,197,-5.686274509803919,debris_rock
7,86,184,-6.96078431372549,mixed_snow_ice
7,87,195,-5.882352941176471,debris_rock
7,88,158,-9.509803921568627,clean_glacier_ice
7,89,180,-7.352941176470587,mixed_snow_ice
7,90,221,-3.333333333333332,debris_rock
7,91,192,-6.1764705882352935,debris_rock
7,92,208,-4.607843137254903,debris_rock
7,93,188,-6.56862745098039,debris_rock
7,94,196,-5.784313725490193,debris_rock
7,95,253,-0.19607843137254832,debris_rock
7,96,197,-5.686274509803919,debris_rock
7,97,180,-7.352941176470587,mixed_snow_ice
7,98,211,-4.313725490196081,debris_rock
7,99,225,-2.9411764705882355,debris_rock
7,100,222,-3.235294117647058,debris_rock
7,101,253,-0.19607843137254832,debris_rock
7,102,149,-10.392156862745097,clean_glacier_ice
7,103,187,-6.666666666666668,debris_rock
7,104,253,-0.19607843137254832,debris_rock
7,105,251,-0.3921568627451002,debris_rock
7,106,187,-6.666666666666668,debris_rock
7,107,159,-9.411764705882353,clean_glacier_ice
7,108,205,-4.901960784313726,debris_rock
7,109,194,-5.980392156862745,debris_rock
7,110,179,-7.450980392156865,mixed_snow_ice
7,111,206,-4.803921568627452,debris_rock
7,112,226,-2.8431372549019613,debris_rock
7,113,176,-7.745098039215687,mixed_snow_ice
7,114,150,-10.294117647058822,clean_glacier_ice
7,115,186,-6.764705882352942,debris_rock
7,116,188,-6.56862745098039,debris_rock
7,117,161,-9.215686274509805,clean_glacier_ice
7,118,220,-3.4313725490196063,debris_rock
7,119,205,-4.901960784313726,debris_rock
7,120,156,-9.705882352941176,clean_glacier_ice
7,121,195,-5.882352941176471,debris_rock
7,122,192,-6.1764705882352935,debris_rock
7,123,214,-4.019607843137255,debris_rock
7,124,133,-11.960784313725489,clean_glacier_ice
7,125,140,-11.274509803921568,clean_glacier_ice
7,126,148,-10.49019607843137,clean_glacier_ice
7,127,164,-8.92156862745098,clean_glacier_ice
7,128,162,-9.11764705882353,clean_glacier_ice
7,129,177,-7.647058823529413,mixed_snow_ice
7,130,179,-7.450980392156865,mixed_snow_ice
7,131,189,-6.470588235294116,debris_rock
7,132,181,-7.254901960784313,mixed_snow_ice
7,133,246,-0.882352941176471,debris_rock
7,134,166,-8.725490196078432,mixed_snow_ice
7,135,200,-5.392156862745097,debris_rock
7,136,194,-5.980392156862745,debris_rock
7,137,213,-4.117647058823529,debris_rock
7,138,201,-5.2941176470588225,debris_rock
7,139,176,-7.745098039215687,mixed_snow_ice
7,140,166,-8.725490196078432,mixed_snow_ice
7,141,185,-6.862745098039216,mixed_snow_ice
7,142,192,-6.1764705882352935,debris_rock
7,143,181,-7.254901960784313,mixed_snow_ice
7,144,184,-6.96078431372549,mixed_snow_ice
7,145,162,-9.11764705882353,clean_glacier_ice
7,146,126,-12.647058823529411,regular_glacier_ice
7,158,213,-4.117647058823529,debris_rock
7,159,235,-1.9607843137254903,debris_rock
7,161,186,-6.764705882352942,debris_rock
7,162,127,-12.549019607843137,regular_glacier_ice
7,163,155,-9.803921568627452,clean_glacier_ice
7,164,215,-3.9215686274509807,debris_rock
7,165,163,-9.019607843137257,clean_glacier_ice
7,166,178,-7.549019607843139,mixed_snow_ice
7,167,179,-7.450980392156865,mixed_snow_ice
7,168,191,-6.274509803921568,debris_rock
7,169,152,-10.098039215686274,clean_glacier_ice
7,170,164,-8.92156862745098,clean_glacier_ice
7,171,143,-10.980392156862745,clean_glacier_ice
7,172,195,-5.882352941176471,debris_rock
7,173,191,-6.274509803921568,debris_rock
7,174,183,-7.0588235294117645,mixed_snow_ice
7,178,237,-1.764705882352942,debris_rock
7,179,238,-1.6666666666666679,debris_rock
7,180,164,-8.92156862745098,clean_glacier_ice
7,181,141,-11.176470588235293,clean_glacier_ice
7,182,175,-7.843137254901961,mixed_snow_ice
7,183,233,-2.1568627450980387,debris_rock
7,184,147,-10.588235294117649,clean_glacier_ice
7,185,121,-13.137254901960786,regular_glacier_ice
7,186,122,-13.03921568627451,regular_glacier_ice
7,187,112,-14.019607843137255,regular_glacier_ice
7,194,167,-8.627450980392158,mixed_snow_ice
7,196,254,-0.09803921568627416,debris_rock
7,197,155,-9.803921568627452,clean_glacier_ice
7,198,150,-10.294117647058822,clean_glacier_ice
7,199,152,-10.098039215686274,clean_glacier_ice
7,200,180,-7.352941176470587,mixed_snow_ice
7,201,216,-3.8235294117647065,debris_rock
7,202,185,-6.862745098039216,mixed_snow_ice
7,203,175,-7.843137254901961,mixed_snow_ice
7,204,176,-7.745098039215687,mixed_snow_ice
7,205,181,-7.254901960784313,mixed_snow_ice
7,206,189,-6.470588235294116,debris_rock
7,207,180,-7.352941176470587,mixed_snow_ice
7,208,162,-9.11764705882353,clean_glacier_ice
7,209,185,-6.862745098039216,mixed_snow_ice
7,210,205,-4.901960784313726,debris_rock
7,211,179,-7.450980392156865,mixed_snow_ice
7,212,172,-8.137254901960784,mixed_snow_ice
7,213,158,-9.509803921568627,clean_glacier_ice
7,214,146,-10.686274509803923,clean_glacier_ice
7,215,143,-10.980392156862745,clean_glacier_ice
7,216,132,-12.058823529411763,clean_glacier_ice
7,217,134,-11.862745098039214,clean_glacier_ice
7,218,162,-9.11764705882353,clean_glacier_ice
7,219,215,-3.9215686274509807,debris_rock
7,220,206,-4.803921568627452,debris_rock
7,221,182,-7.156862745098039,mixed_snow_ice
7,222,178,-7.549019607843139,mixed_snow_ice
8,0,173,-8.03921568627451,mixed_snow_ice
8,1,162,-9.11764705882353,clean_glacier_ice
8,2,191,-6.274509803921568,debris_rock
8,3,199,-5.490196078431371,debris_rock
8,4,184,-6.96078431372549,mixed_snow_ice
8,5,193,-6.078431372549019,debris_rock
8,6,183,-7.0588235294117645,mixed_snow_ice
8,7,185,-6.862745098039216,mixed_snow_ice
8,8,175,-7.843137254901961,mixed_snow_ice
8,9,187,-6.666666666666668,debris_rock
8,10,208,-4.607843137254903,debris_rock
8,11,168,-8.529411764705884,mixed_snow_ice
8,12,186,-6.764705882352942,debris_rock
8,13,184,-6.96078431372549,mixed_snow_ice
8,14,179,-7.450980392156865,mixed_snow_ice
8,15,187,-6.666666666666668,debris_rock
8,16,176,-7.745098039215687,mixed_snow_ice
8,17,183,-7.0588235294117645,mixed_snow_ice
8,18,194,-5.980392156862745,debris_rock
8,19,182,-7.156862745098039,mixed_snow_ice
8,20,153,-10.0,clean_glacier_ice
8,24,166,-8.725490196078432,mixed_snow_ice
8,25,173,-8.03921568627451,mixed_snow_ice
8,26,197,-5.686274509803919,debris_rock
8,27,168,-8.529411764705884,mixed_snow_ice
8,28,196,-5.784313725490193,debris_rock
8,29,173,-8.03921568627451,mixed_snow_ice
8,30,179,-7.450980392156865,mixed_snow_ice
8,31,170,-8.333333333333336,mixed_snow_ice
8,32,193,-6.078431372549019,debris_rock
8,33,169,-8.43137254901961,mixed_snow_ice
8,34,184,-6.96078431372549,mixed_snow_ice
8,35,171,-8.235294117647062,mixed_snow_ice
8,36,253,-0.19607843137254832,debris_rock
8,37,255,0.0,debris_rock
8,38,245,-0.9803921568627452,debris_rock
8,39,221,-3.333333333333332,debris_rock
8,40,185,-6.862745098039216,mixed_snow_ice
8,41,148,-10.49019607843137,clean_glacier_ice
8,42,187,-6.666666666666668,debris_rock
8,43,231,-2.352941176470587,debris_rock
8,44,238,-1.6666666666666679,debris_rock
8,45,198,-5.588235294117645,debris_rock
8,46,179,-7.450980392156865,mixed_snow_ice
8,47,154,-9.901960784313726,clean_glacier_ice
8,48,222,-3.235294117647058,debris_rock
8,49,220,-3.4313725490196063,debris_rock
8,50,208,-4.607843137254903,debris_rock
8,51,174,-7.9411764705882355,mixed_snow_ice
8,52,181,-7.254901960784313,mixed_snow_ice
8,53,206,-4.803921568627452,debris_rock
8,54,219,-3.529411764705884,debris_rock
8,55,190,-6.372549019607842,debris_rock
8,56,183,-7.0588235294117645,mixed_snow_ice
8,57,225,-2.9411764705882355,debris_rock
8,58,194,-5.980392156862745,debris_rock
8,59,143,-10.980392156862745,clean_glacier_ice
8,60,159,-9.411764705882353,clean_glacier_ice
8,61,178,-7.549019607843139,mixed_snow_ice
8,62,191,-6.274509803921568,debris_rock
8,63,178,-7.549019607843139,mixed_snow_ice
8,64,172,-8.137254901960784,mixed_snow_ice
8,65,195,-5.882352941176471,debris_rock
8,66,147,-10.588235294117649,clean_glacier_ice
8,67,72,-17.941176470588236,deep_glacier_ice
8,68,107,-14.509803921568627,regular_glacier_ice
8,69,144,-10.882352941176471,clean_glacier_ice
8,70,127,-12.549019607843137,regular_glacier_ice
8,71,166,-8.725490196078432,mixed_snow_ice
8,72,185,-6.862745098039216,mixed_snow_ice
8,73,149,-10.392156862745097,clean_glacier_ice
8,74,197,-5.686274509803919,debris_rock
8,75,247,-0.7843137254901968,debris_rock
8,76,195,-5.882352941176471,debris_rock
8,77,170,-8.333333333333336,mixed_snow_ice
8,78,158,-9.509803921568627,clean_glacier_ice
8,79,166,-8.725490196078432,mixed_snow_ice
8,80,255,0.0,debris_rock
8,81,178,-7.549019607843139,mixed_snow_ice
8,82,147,-10.588235294117649,clean_glacier_ice
8,83,176,-7.745098039215687,mixed_snow_ice
8,84,180,-7.352941176470587,mixed_snow_ice
8,85,166,-8.725490196078432,mixed_snow_ice
8,86,186,-6.764705882352942,debris_rock
8,87,151,-10.196078431372548,clean_glacier_ice
8,88,168,-8.529411764705884,mixed_snow_ice
8,100,209,-4.509803921568629,debris_rock
8,103,180,-7.352941176470587,mixed_snow_ice
8,104,110,-14.215686274509803,regular_glacier_ice
8,105,184,-6.96078431372549,mixed_snow_ice
8,106,187,-6.666666666666668,debris_rock
8,107,179,-7.450980392156865,mixed_snow_ice
8,108,187,-6.666666666666668,debris_rock
8,109,175,-7.843137254901961,mixed_snow_ice
8,110,162,-9.11764705882353,clean_glacier_ice
8,111,149,-10.392156862745097,clean_glacier_ice
8,112,168,-8.529411764705884,mixed_snow_ice
8,113,166,-8.725490196078432,mixed_snow_ice
8,114,186,-6.764705882352942,debris_rock
8,115,202,-5.196078431372548,debris_rock
8,116,151,-10.196078431372548,clean_glacier_ice
8,119,210,-4.411764705882355,debris_rock
8,120,203,-5.098039215686274,debris_rock
8,121,156,-9.705882352941176,clean_glacier_ice
8,122,75,-17.647058823529413,deep_glacier_ice
8,123,78,-17.352941176470587,deep_glacier_ice
8,124,133,-11.960784313725489,clean_glacier_ice
8,125,232,-2.254901960784313,debris_rock
8,126,155,-9.803921568627452,clean_glacier_ice
8,127,87,-16.470588235294116,deep_glacier_ice
8,128,88,-16.372549019607845,regular_glacier_ice
8,136,147,-10.588235294117649,clean_glacier_ice
8,137,191,-6.274509803921568,debris_rock
8,138,166,-8.725490196078432,mixed_snow_ice
8,139,156,-9.705882352941176,clean_glacier_ice
8,140,138,-11.470588235294118,clean_glacier_ice
8,141,187,-6.666666666666668,debris_rock
8,142,146,-10.686274509803923,clean_glacier_ice
8,143,209,-4.509803921568629,debris_rock
8,144,194,-5.980392156862745,debris_rock
8,145,191,-6.274509803921568,debris_rock
8,146,190,-6.372549019607842,debris_rock
8,147,166,-8.725490196078432,mixed_snow_ice
8,148,173,-8.03921568627451,mixed_snow_ice
8,149,175,-7.843137254901961,mixed_snow_ice
8,150,189,-6.470588235294116,debris_rock
8,151,196,-5.784313725490193,debris_rock
8,152,222,-3.235294117647058,debris_rock
8,153,208,-4.607843137254903,debris_rock
8,154,155,-9.803921568627452,clean_glacier_ice
8,155,180,-7.352941176470587,mixed_snow_ice
8,156,204,-5.0,debris_rock
8,157,187,-6.666666666666668,debris_rock
8,158,158,-9.509803921568627,clean_glacier_ice
8,159,174,-7.9411764705882355,mixed_snow_ice
8,160,169,-8.43137254901961,mixed_snow_ice
8,161,253,-0.19607843137254832,debris_rock
8,162,220,-3.4313725490196063,debris_rock
8,163,170,-8.333333333333336,mixed_snow_ice
8,164,209,-4.509803921568629,debris_rock
8,165,171,-8.235294117647062,mixed_snow_ice
8,166,152,-10.098039215686274,clean_glacier_ice
8,167,212,-4.215686274509803,debris_rock
8,168,196,-5.784313725490193,debris_rock
8,169,176,-7.745098039215687,mixed_snow_ice
8,170,193,-6.078431372549019,debris_rock
8,171,191,-6.274509803921568,debris_rock
8,172,170,-8.333333333333336,mixed_snow_ice
8,173,199,-5.490196078431371,debris_rock
8,174,194,-5.980392156862745,debris_rock
8,175,190,-6.372549019607842,debris_rock
8,176,190,-6.372549019607842,debris_rock
8,177,194,-5.980392156862745,debris_rock
8,178,185,-6.862745098039216,mixed_snow_ice
8,179,190,-6.372549019607842,debris_rock
8,180,175,-7.843137254901961,mixed_snow_ice
8,181,165,-8.823529411764707,clean_glacier_ice
8,182,198,-5.588235294117645,debris_rock
8,183,170,-8.333333333333336,mixed_snow_ice
8,184,166,-8.725490196078432,mixed_snow_ice
8,185,179,-7.450980392156865,mixed_snow_ice
8,186,214,-4.019607843137255,debris_rock
8,187,141,-11.176470588235293,clean_glacier_ice
8,188,148,-10.49019607843137,clean_glacier_ice
8,189,178,-7.549019607843139,mixed_snow_ice
8,190,159,-9.411764705882353,clean_glacier_ice
8,191,198,-5.588235294117645,debris_rock
8,192,158,-9.509803921568627,clean_glacier_ice
8,193,177,-7.647058823529413,mixed_snow_ice
8,194,168,-8.529411764705884,mixed_snow_ice
8,195,233,-2.1568627450980387,debris_rock
8,196,173,-8.03921568627451,mixed_snow_ice
8,197,201,-5.2941176470588225,debris_rock
8,198,175,-7.843137254901961,mixed_snow_ice
8,199,191,-6.274509803921568,debris_rock
8,200,120,-13.23529411764706,regular_glacier_ice
8,201,158,-9.509803921568627,clean_glacier_ice
8,202,234,-2.0588235294117645,debris_rock
8,203,255,0.0,debris_rock
8,204,186,-6.764705882352942,debris_rock
8,205,166,-8.725490196078432,mixed_snow_ice
8,206,187,-6.666666666666668,debris_rock
8,207,190,-6.372549019607842,debris_rock
8,208,214,-4.019607843137255,debris_rock
8,209,176,-7.745098039215687,mixed_snow_ice
8,210,202,-5.196078431372548,debris_rock
8,211,154,-9.901960784313726,clean_glacier_ice
8,212,112,-14.019607843137255,regular_glacier_ice
8,213,156,-9.705882352941176,clean_glacier_ice
8,214,217,-3.7254901960784323,debris_rock
8,215,206,-4.803921568627452,debris_rock
8,216,204,-5.0,debris_rock
8,217,190,-6.372549019607842,debris_rock
8,218,195,-5.882352941176471,debris_rock
8,219,184,-6.96078431372549,mixed_snow_ice
8,220,222,-3.235294117647058,debris_rock
8,221,221,-3.333333333333332,debris_rock
8,222,185,-6.862745098039216,mixed_snow_ice
9,0,177,-7.647058823529413,mixed_snow_ice
9,1,171,-8.235294117647062,mixed_snow_ice
9,2,126,-12.647058823529411,regular_glacier_ice
9,3,197,-5.686274509803919,debris_rock
9,4,181,-7.254901960784313,mixed_snow_ice
9,5,166,-8.725490196078432,mixed_snow_ice
9,6,180,-7.352941176470587,mixed_snow_ice
9,7,198,-5.588235294117645,debris_rock
9,8,164,-8.92156862745098,clean_glacier_ice
9,9,133,-11.960784313725489,clean_glacier_ice
9,10,138,-11.470588235294118,clean_glacier_ice
9,11,141,-11.176470588235293,clean_glacier_ice
9,12,133,-11.960784313725489,clean_glacier_ice
9,13,255,0.0,debris_rock
9,14,255,0.0,debris_rock
9,15,148,-10.49019607843137,clean_glacier_ice
9,16,189,-6.470588235294116,debris_rock
9,17,237,-1.764705882352942,debris_rock
9,18,199,-5.490196078431371,debris_rock
9,19,192,-6.1764705882352935,debris_rock
9,20,202,-5.196078431372548,debris_rock
9,21,168,-8.529411764705884,mixed_snow_ice
9,22,238,-1.6666666666666679,debris_rock
9,23,224,-3.0392156862745097,debris_rock
9,24,132,-12.058823529411763,clean_glacier_ice
9,25,167,-8.627450980392158,mixed_snow_ice
9,26,194,-5.980392156862745,debris_rock
9,27,189,-6.470588235294116,debris_rock
9,28,160,-9.313725490196079,clean_glacier_ice
9,29,181,-7.254901960784313,mixed_snow_ice
9,30,156,-9.705882352941176,clean_glacier_ice
9,31,118,-13.431372549019608,regular_glacier_ice
9,45,172,-8.137254901960784,mixed_snow_ice
9,46,198,-5.588235294117645,debris_rock
9,47,163,-9.019607843137257,clean_glacier_ice
9,48,173,-8.03921568627451,mixed_snow_ice
9,49,152,-10.098039215686274,clean_glacier_ice
9,50,172,-8.137254901960784,mixed_snow_ice
9,51,178,-7.549019607843139,mixed_snow_ice
9,52,164,-8.92156862745098,clean_glacier_ice
9,53,155,-9.803921568627452,clean_glacier_ice
9,54,182,-7.156862745098039,mixed_snow_ice
9,55,162,-9.11764705882353,clean_glacier_ice
9,56,155,-9.803921568627452,clean_glacier_ice
9,57,180,-7.352941176470587,mixed_snow_ice
9,58,193,-6.078431372549019,debris_rock
9,59,200,-5.392156862745097,debris_rock
9,60,191,-6.274509803921568,debris_rock
9,61,174,-7.9411764705882355,mixed_snow_ice
9,63,132,-12.058823529411763,clean_glacier_ice
9,64,91,-16.07843137254902,regular_glacier_ice
9,65,86,-16.568627450980394,deep_glacier_ice
9,66,122,-13.03921568627451,regular_glacier_ice
9,67,164,-8.92156862745098,clean_glacier_ice
9,68,157,-9.607843137254902,clean_glacier_ice
9,69,140,-11.274509803921568,clean_glacier_ice
9,70,113,-13.92156862745098,regular_glacier_ice
9,78,148,-10.49019607843137,clean_glacier_ice
9,79,162,-9.11764705882353,clean_glacier_ice
9,80,141,-11.176470588235293,clean_glacier_ice
9,81,170,-8.333333333333336,mixed_snow_ice
9,82,173,-8.03921568627451,mixed_snow_ice
9,83,187,-6.666666666666668,debris_rock
9,84,184,-6.96078431372549,mixed_snow_ice
9,85,227,-2.745098039215687,debris_rock
9,86,231,-2.352941176470587,debris_rock
9,87,208,-4.607843137254903,debris_rock
9,88,191,-6.274509803921568,debris_rock
9,89,210,-4.411764705882355,debris_rock
9,90,251,-0.3921568627451002,debris_rock
9,91,255,0.0,debris_rock
9,92,245,-0.9803921568627452,debris_rock
9,93,200,-5.392156862745097,debris_rock
9,94,185,-6.862745098039216,mixed_snow_ice
9,95,173,-8.03921568627451,mixed_snow_ice
9,96,177,-7.647058823529413,mixed_snow_ice
9,97,179,-7.450980392156865,mixed_snow_ice
9,98,173,-8.03921568627451,mixed_snow_ice
9,99,184,-6.96078431372549,mixed_snow_ice
9,100,160,-9.313725490196079,clean_glacier_ice
9,101,172,-8.137254901960784,mixed_snow_ice
9,102,155,-9.803921568627452,clean_glacier_ice
9,103,228,-2.6470588235294095,debris_rock
9,104,205,-4.901960784313726,debris_rock
9,105,200,-5.392156862745097,debris_rock
9,106,181,-7.254901960784313,mixed_snow_ice
9,107,196,-5.784313725490193,debris_rock
9,108,173,-8.03921568627451,mixed_snow_ice
9,109,195,-5.882352941176471,debris_rock
9,110,178,-7.549019607843139,mixed_snow_ice
9,111,200,-5.392156862745097,debris_rock
9,112,191,-6.274509803921568,debris_rock
9,113,174,-7.9411764705882355,mixed_snow_ice
9,114,189,-6.470588235294116,debris_rock
9,115,192,-6.1764705882352935,debris_rock
9,116,191,-6.274509803921568,debris_rock
9,117,181,-7.254901960784313,mixed_snow_ice
9,118,212,-4.215686274509803,debris_rock
9,119,194,-5.980392156862745,debris_rock
9,120,196,-5.784313725490193,debris_rock
9,121,197,-5.686274509803919,debris_rock
9,122,189,-6.470588235294116,debris_rock
9,123,195,-5.882352941176471,debris_rock
9,124,198,-5.588235294117645,debris_rock
9,125,185,-6.862745098039216,mixed_snow_ice
9,126,173,-8.03921568627451,mixed_snow_ice
9,127,153,-10.0,clean_glacier_ice
9,128,206,-4.803921568627452,debris_rock
9,129,152,-10.098039215686274,clean_glacier_ice
9,130,197,-5.686274509803919,debris_rock
9,131,199,-5.490196078431371,debris_rock
9,132,194,-5.980392156862745,debris_rock
9,133,164,-8.92156862745098,clean_glacier_ice
9,134,170,-8.333333333333336,mixed_snow_ice
9,135,177,-7.647058823529413,mixed_snow_ice
9,136,149,-10.392156862745097,clean_glacier_ice
9,137,223,-3.137254901960784,debris_rock
9,138,187,-6.666666666666668,debris_rock
9,139,205,-4.901960784313726,debris_rock
9,140,190,-6.372549019607842,debris_rock
9,141,185,-6.862745098039216,mixed_snow_ice
9,142,117,-13.529411764705882,regular_glacier_ice
9,143,134,-11.862745098039214,clean_glacier_ice
9,144,198,-5.588235294117645,debris_rock
9,145,255,0.0,debris_rock
9,146,185,-6.862745098039216,mixed_snow_ice
9,147,170,-8.333333333333336,mixed_snow_ice
9,148,163,-9.019607843137257,clean_glacier_ice
9,149,152,-10.098039215686274,clean_glacier_ice
9,150,161,-9.215686274509805,clean_glacier_ice
9,151,187,-6.666666666666668,debris_rock
9,152,221,-3.333333333333332,debris_rock
9,153,210,-4.411764705882355,debris_rock
9,154,210,-4.411764705882355,debris_rock
9,155,236,-1.8627450980392162,debris_rock
9,156,244,-1.0784313725490193,debris_rock
9,157,226,-2.8431372549019613,debris_rock
9,158,156,-9.705882352941176,clean_glacier_ice
9,159,169,-8.43137254901961,mixed_snow_ice
9,160,188,-6.56862745098039,debris_rock
9,161,255,0.0,debris_rock
9,162,144,-10.882352941176471,clean_glacier_ice
9,163,167,-8.627450980392158,mixed_snow_ice
9,164,216,-3.8235294117647065,debris_rock
9,165,199,-5.490196078431371,debris_rock
9,166,224,-3.0392156862745097,debris_rock
9,167,206,-4.803921568627452,debris_rock
9,168,219,-3.529411764705884,debris_rock
9,169,186,-6.764705882352942,debris_rock
9,170,184,-6.96078431372549,mixed_snow_ice
9,171,177,-7.647058823529413,mixed_snow_ice
9,172,196,-5.784313725490193,debris_rock
9,173,151,-10.196078431372548,clean_glacier_ice
9,174,212,-4.215686274509803,debris_rock
9,175,239,-1.5686274509803937,debris_rock
9,176,196,-5.784313725490193,debris_rock
9,177,251,-0.3921568627451002,debris_rock
9,178,255,0.0,debris_rock
9,179,223,-3.137254901960784,debris_rock
9,180,170,-8.333333333333336,mixed_snow_ice
9,181,184,-6.96078431372549,mixed_snow_ice
9,182,201,-5.2941176470588225,debris_rock
9,183,172,-8.137254901960784,mixed_snow_ice
9,184,166,-8.725490196078432,mixed_snow_ice
9,185,173,-8.03921568627451,mixed_snow_ice
9,186,184,-6.96078431372549,mixed_snow_ice
9,187,197,-5.686274509803919,debris_rock
9,188,191,-6.274509803921568,debris_rock
9,189,173,-8.03921568627451,mixed_snow_ice
9,190,164,-8.92156862745098,clean_glacier_ice
9,191,177,-7.647058823529413,mixed_snow_ice
9,192,176,-7.745098039215687,mixed_snow_ice
9,193,154,-9.901960784313726,clean_glacier_ice
9,194,174,-7.9411764705882355,mixed_snow_ice
9,195,170,-8.333333333333336,mixed_snow_ice
9,196,122,-13.03921568627451,regular_glacier_ice
9,197,39,-21.176470588235293,very_deep_glacier_ice
9,210,197,-5.686274509803919,debris_rock
9,211,175,-7.843137254901961,mixed_snow_ice
9,212,140,-11.274509803921568,clean_glacier_ice
9,213,162,-9.11764705882353,clean_glacier_ice
9,214,181,-7.254901960784313,mixed_snow_ice
9,215,207,-4.7058823529411775,debris_rock
9,216,173,-8.03921568627451,mixed_snow_ice
9,217,168,-8.529411764705884,mixed_snow_ice
9,218,149,-10.392156862745097,clean_glacier_ice
9,219,217,-3.7254901960784323,debris_rock
9,220,163,-9.019607843137257,clean_glacier_ice
9,221,120,-13.23529411764706,regular_glacier_ice
9,222,148,-10.49019607843137,clean_glacier_ice
10,1,200,-5.392156862745097,debris_rock
10,5,125,-12.745098039215687,regular_glacier_ice
10,6,121,-13.137254901960786,regular_glacier_ice
10,7,152,-10.098039215686274,clean_glacier_ice
10,8,193,-6.078431372549019,debris_rock
10,9,151,-10.196078431372548,clean_glacier_ice
10,10,149,-10.392156862745097,clean_glacier_ice
10,11,160,-9.313725490196079,clean_glacier_ice
10,12,188,-6.56862745098039,debris_rock
10,19,236,-1.8627450980392162,debris_rock
10,20,159,-9.411764705882353,clean_glacier_ice
10,21,251,-0.3921568627451002,debris_rock
10,22,199,-5.490196078431371,debris_rock
10,23,204,-5.0,debris_rock
10,24,211,-4.313725490196081,debris_rock
10,25,156,-9.705882352941176,clean_glacier_ice
10,28,229,-2.5490196078431353,debris_rock
10,29,184,-6.96078431372549,mixed_snow_ice
10,30,192,-6.1764705882352935,debris_rock
10,31,221,-3.333333333333332,debris_rock
10,32,255,0.0,debris_rock
10,33,242,-1.2745098039215712,debris_rock
10,34,172,-8.137254901960784,mixed_snow_ice
10,35,157,-9.607843137254902,clean_glacier_ice
10,36,165,-8.823529411764707,clean_glacier_ice
10,37,165,-8.823529411764707,clean_glacier_ice
10,38,158,-9.509803921568627,clean_glacier_ice
10,39,153,-10.0,clean_glacier_ice
10,40,144,-10.882352941176471,clean_glacier_ice
10,41,146,-10.686274509803923,clean_glacier_ice
10,42,175,-7.843137254901961,mixed_snow_ice
10,43,186,-6.764705882352942,debris_rock
10,44,171,-8.235294117647062,mixed_snow_ice
10,45,178,-7.549019607843139,mixed_snow_ice
10,46,193,-6.078431372549019,debris_rock
10,47,198,-5.588235294117645,debris_rock
10,48,165,-8.823529411764707,clean_glacier_ice
10,49,208,-4.607843137254903,debris_rock
10,50,154,-9.901960784313726,clean_glacier_ice
10,51,188,-6.56862745098039,debris_rock
10,52,171,-8.235294117647062,mixed_snow_ice
10,53,235,-1.9607843137254903,debris_rock
10,54,183,-7.0588235294117645,mixed_snow_ice
10,55,171,-8.235294117647062,mixed_snow_ice
10,56,162,-9.11764705882353,clean_glacier_ice
10,57,164,-8.92156862745098,clean_glacier_ice
10,58,206,-4.803921568627452,debris_rock
10,59,194,-5.980392156862745,debris_rock
10,60,211,-4.313725490196081,debris_rock
10,61,206,-4.803921568627452,debris_rock
10,62,176,-7.745098039215687,mixed_snow_ice
10,63,199,-5.490196078431371,debris_rock
10,64,186,-6.764705882352942,debris_rock
10,65,182,-7.156862745098039,mixed_snow_ice
10,66,191,-6.274509803921568,debris_rock
10,67,167,-8.627450980392158,mixed_snow_ice
10,68,198,-5.588235294117645,debris_rock
10,69,147,-10.588235294117649,clean_glacier_ice
10,70,165,-8.823529411764707,clean_glacier_ice
10,71,152,-10.098039215686274,clean_glacier_ice
10,72,206,-4.803921568627452,debris_rock
10,73,196,-5.784313725490193,debris_rock
10,74,192,-6.1764705882352935,debris_rock
10,75,205,-4.901960784313726,debris_rock
10,76,143,-10.980392156862745,clean_glacier_ice
10,77,140,-11.274509803921568,clean_glacier_ice
10,78,160,-9.313725490196079,clean_glacier_ice
10,79,184,-6.96078431372549,mixed_snow_ice
10,80,200,-5.392156862745097,debris_rock
10,81,185,-6.862745098039216,mixed_snow_ice
10,82,178,-7.549019607843139,mixed_snow_ice
10,83,179,-7.450980392156865,mixed_snow_ice
10,84,140,-11.274509803921568,clean_glacier_ice
10,85,125,-12.745098039215687,regular_glacier_ice
10,86,143,-10.980392156862745,clean_glacier_ice
10,87,208,-4.607843137254903,debris_rock
10,88,198,-5.588235294117645,debris_rock
10,89,171,-8.235294117647062,mixed_snow_ice
10,90,179,-7.450980392156865,mixed_snow_ice
10,91,142,-11.07843137254902,clean_glacier_ice
10,92,124,-12.843137254901961,regular_glacier_ice
10,93,104,-14.803921568627452,regular_glacier_ice
10,94,133,-11.960784313725489,clean_glacier_ice
10,95,180,-7.352941176470587,mixed_snow_ice
10,96,206,-4.803921568627452,debris_rock
10,97,224,-3.0392156862745097,debris_rock
10,98,255,0.0,debris_rock
10,99,214,-4.019607843137255,debris_rock
10,100,145,-10.784313725490197,clean_glacier_ice
10,101,196,-5.784313725490193,debris_rock
10,102,196,-5.784313725490193,debris_rock
10,103,231,-2.352941176470587,debris_rock
10,104,203,-5.098039215686274,debris_rock
10,105,235,-1.9607843137254903,debris_rock
10,106,229,-2.5490196078431353,debris_rock
10,107,180,-7.352941176470587,mixed_snow_ice
10,108,138,-11.470588235294118,clean_glacier_ice
10,109,132,-12.058823529411763,clean_glacier_ice
10,110,223,-3.137254901960784,debris_rock
10,111,167,-8.627450980392158,mixed_snow_ice
10,112,198,-5.588235294117645,debris_rock
10,113,196,-5.784313725490193,debris_rock
10,114,199,-5.490196078431371,debris_rock
10,115,223,-3.137254901960784,debris_rock
10,116,205,-4.901960784313726,debris_rock
10,117,212,-4.215686274509803,debris_rock
10,118,169,-8.43137254901961,mixed_snow_ice
10,119,160,-9.313725490196079,clean_glacier_ice
10,120,179,-7.450980392156865,mixed_snow_ice
10,121,147,-10.588235294117649,clean_glacier_ice
10,122,219,-3.529411764705884,debris_rock
10,123,198,-5.588235294117645,debris_rock
10,124,194,-5.980392156862745,debris_rock
10,125,185,-6.862745098039216,mixed_snow_ice
10,126,182,-7.156862745098039,mixed_snow_ice
10,127,233,-2.1568627450980387,debris_rock
10,128,201,-5.2941176470588225,debris_rock
10,129,148,-10.49019607843137,clean_glacier_ice
10,130,143,-10.980392156862745,clean_glacier_ice
10,131,156,-9.705882352941176,clean_glacier_ice
10,132,171,-8.235294117647062,mixed_snow_ice
10,133,175,-7.843137254901961,mixed_snow_ice
10,134,193,-6.078431372549019,debris_rock
10,135,178,-7.549019607843139,mixed_snow_ice
10,136,159,-9.411764705882353,clean_glacier_ice
10,137,184,-6.96078431372549,mixed_snow_ice
10,138,142,-11.07843137254902,clean_glacier_ice
10,139,104,-14.803921568627452,regular_glacier_ice
10,149,181,-7.254901960784313,mixed_snow_ice
10,152,200,-5.392156862745097,debris_rock
10,153,139,-11.372549019607844,clean_glacier_ice
10,154,125,-12.745098039215687,regular_glacier_ice
10,155,152,-10.098039215686274,clean_glacier_ice
10,156,158,-9.509803921568627,clean_glacier_ice
10,157,146,-10.686274509803923,clean_glacier_ice
10,158,138,-11.470588235294118,clean_glacier_ice
10,159,118,-13.431372549019608,regular_glacier_ice
10,160,129,-12.352941176470589,regular_glacier_ice
10,161,177,-7.647058823529413,mixed_snow_ice
10,162,174,-7.9411764705882355,mixed_snow_ice
10,163,111,-14.117647058823529,regular_glacier_ice
10,164,113,-13.92156862745098,regular_glacier_ice
10,170,163,-9.019607843137257,clean_glacier_ice
10,171,142,-11.07843137254902,clean_glacier_ice
10,172,179,-7.450980392156865,mixed_snow_ice
10,173,179,-7.450980392156865,mixed_snow_ice
10,174,189,-6.470588235294116,debris_rock
10,175,167,-8.627450980392158,mixed_snow_ice
10,176,179,-7.450980392156865,mixed_snow_ice
10,177,216,-3.8235294117647065,debris_rock
10,178,144,-10.882352941176471,clean_glacier_ice
10,184,210,-4.411764705882355,debris_rock
10,185,201,-5.2941176470588225,debris_rock
10,186,211,-4.313725490196081,debris_rock
10,187,186,-6.764705882352942,debris_rock
10,188,186,-6.764705882352942,debris_rock
10,189,206,-4.803921568627452,debris_rock
10,190,124,-12.843137254901961,regular_glacier_ice
10,193,188,-6.56862745098039,debris_rock
10,194,163,-9.019607843137257,clean_glacier_ice
10,195,196,-5.784313725490193,debris_rock
10,196,255,0.0,debris_rock
10,197,255,0.0,debris_rock
10,198,194,-5.980392156862745,debris_rock
10,199,143,-10.980392156862745,clean_glacier_ice
10,200,153,-10.0,clean_glacier_ice
10,201,143,-10.980392156862745,clean_glacier_ice
10,202,143,-10.980392156862745,clean_glacier_ice
10,203,104,-14.803921568627452,regular_glacier_ice
10,204,94,-15.784313725490195,regular_glacier_ice
10,205,114,-13.823529411764705,regular_glacier_ice
10,206,131,-12.15686274509804,clean_glacier_ice
10,207,168,-8.529411764705884,mixed_snow_ice
10,208,194,-5.980392156862745,debris_rock
10,209,186,-6.764705882352942,debris_rock
10,210,158,-9.509803921568627,clean_glacier_ice
10,211,163,-9.019607843137257,clean_glacier_ice
10,212,218,-3.627450980392158,debris_rock
10,213,202,-5.196078431372548,debris_rock
10,214,197,-5.686274509803919,debris_rock
10,215,172,-8.137254901960784,mixed_snow_ice
10,216,215,-3.9215686274509807,debris_rock
10,217,204,-5.0,debris_rock
10,218,220,-3.4313725490196063,debris_rock
10,219,188,-6.56862745098039,debris_rock
10,220,188,-6.56862745098039,debris_rock
10,221,218,-3.627450980392158,debris_rock
10,222,194,-5.980392156862745,debris_rock
11,0,193,-6.078431372549019,debris_rock
11,1,194,-5.980392156862745,debris_rock
11,2,186,-6.764705882352942,debris_rock
11,3,208,-4.607843137254903,debris_rock
11,4,187,-6.666666666666668,debris_rock
11,5,180,-7.352941176470587,mixed_snow_ice
11,6,165,-8.823529411764707,clean_glacier_ice
11,7,154,-9.901960784313726,clean_glacier_ice
11,8,181,-7.254901960784313,mixed_snow_ice
11,9,172,-8.137254901960784,mixed_snow_ice
11,10,196,-5.784313725490193,debris_rock
11,11,185,-6.862745098039216,mixed_snow_ice
11,12,170,-8.333333333333336,mixed_snow_ice
11,13,169,-8.43137254901961,mixed_snow_ice
11,14,196,-5.784313725490193,debris_rock
11,15,173,-8.03921568627451,mixed_snow_ice
11,16,178,-7.549019607843139,mixed_snow_ice
11,17,184,-6.96078431372549,mixed_snow_ice
11,18,167,-8.627450980392158,mixed_snow_ice
11,19,140,-11.274509803921568,clean_glacier_ice
11,20,182,-7.156862745098039,mixed_snow_ice
11,21,176,-7.745098039215687,mixed_snow_ice
11,22,213,-4.117647058823529,debris_rock
11,23,162,-9.11764705882353,clean_glacier_ice
11,24,179,-7.450980392156865,mixed_snow_ice
11,25,215,-3.9215686274509807,debris_rock
11,26,144,-10.882352941176471,clean_glacier_ice
11,27,148,-10.49019607843137,clean_glacier_ice
11,28,147,-10.588235294117649,clean_glacier_ice
11,29,205,-4.901960784313726,debris_rock
11,30,239,-1.5686274509803937,debris_rock
11,31,247,-0.7843137254901968,debris_rock
11,32,238,-1.6666666666666679,debris_rock
11,33,223,-3.137254901960784,debris_rock
11,34,185,-6.862745098039216,mixed_snow_ice
11,35,165,-8.823529411764707,clean_glacier_ice
11,36,138,-11.470588235294118,clean_glacier_ice
11,37,170,-8.333333333333336,mixed_snow_ice
11,38,217,-3.7254901960784323,debris_rock
11,39,255,0.0,debris_rock
11,40,255,0.0,debris_rock
11,41,204,-5.0,debris_rock
11,42,137,-11.568627450980392,clean_glacier_ice
11,43,195,-5.882352941176471,debris_rock
11,44,193,-6.078431372549019,debris_rock
11,45,215,-3.9215686274509807,debris_rock
11,46,176,-7.745098039215687,mixed_snow_ice
11,47,177,-7.647058823529413,mixed_snow_ice
11,48,199,-5.490196078431371,debris_rock
11,49,195,-5.882352941176471,debris_rock
11,50,176,-7.745098039215687,mixed_snow_ice
11,51,164,-8.92156862745098,clean_glacier_ice
11,52,172,-8.137254901960784,mixed_snow_ice
11,53,177,-7.647058823529413,mixed_snow_ice
11,54,167,-8.627450980392158,mixed_snow_ice
11,55,164,-8.92156862745098,clean_glacier_ice
11,56,185,-6.862745098039216,mixed_snow_ice
11,57,192,-6.1764705882352935,debris_rock
11,58,205,-4.901960784313726,debris_rock
11,59,201,-5.2941176470588225,debris_rock
11,60,211,-4.313725490196081,debris_rock
11,61,186,-6.764705882352942,debris_rock
11,62,239,-1.5686274509803937,debris_rock
11,63,192,-6.1764705882352935,debris_rock
11,64,204,-5.0,debris_rock
11,65,184,-6.96078431372549,mixed_snow_ice
11,66,158,-9.509803921568627,clean_glacier_ice
11,67,180,-7.352941176470587,mixed_snow_ice
11,68,199,-5.490196078431371,debris_rock
11,69,234,-2.0588235294117645,debris_rock
11,70,197,-5.686274509803919,debris_rock
11,71,188,-6.56862745098039,debris_rock
11,72,146,-10.686274509803923,clean_glacier_ice
11,73,174,-7.9411764705882355,mixed_snow_ice
11,74,182,-7.156862745098039,mixed_snow_ice
11,75,174,-7.9411764705882355,mixed_snow_ice
11,76,191,-6.274509803921568,debris_rock
11,77,170,-8.333333333333336,mixed_snow_ice
11,78,177,-7.647058823529413,mixed_snow_ice
11,79,171,-8.235294117647062,mixed_snow_ice
11,80,168,-8.529411764705884,mixed_snow_ice
11,81,166,-8.725490196078432,mixed_snow_ice
11,91,223,-3.137254901960784,debris_rock
11,92,174,-7.9411764705882355,mixed_snow_ice
11,93,255,0.0,debris_rock
11,94,196,-5.784313725490193,debris_rock
11,95,152,-10.098039215686274,clean_glacier_ice
11,96,109,-14.313725490196079,regular_glacier_ice
11,97,100,-15.196078431372548,regular_glacier_ice
11,98,134,-11.862745098039214,clean_glacier_ice
11,99,187,-6.666666666666668,debris_rock
11,100,121,-13.137254901960786,regular_glacier_ice
11,101,135,-11.76470588235294,clean_glacier_ice
11,102,142,-11.07843137254902,clean_glacier_ice
11,103,186,-6.764705882352942,debris_rock
11,104,168,-8.529411764705884,mixed_snow_ice
11,105,172,-8.137254901960784,mixed_snow_ice
11,106,112,-14.019607843137255,regular_glacier_ice
11,109,158,-9.509803921568627,clean_glacier_ice
11,113,214,-4.019607843137255,debris_rock
11,114,181,-7.254901960784313,mixed_snow_ice
11,115,188,-6.56862745098039,debris_rock
11,116,175,-7.843137254901961,mixed_snow_ice
11,117,203,-5.098039215686274,debris_rock
11,118,168,-8.529411764705884,mixed_snow_ice
11,119,137,-11.568627450980392,clean_glacier_ice
11,120,156,-9.705882352941176,clean_glacier_ice
11,124,199,-5.490196078431371,debris_rock
11,125,201,-5.2941176470588225,debris_rock
11,126,213,-4.117647058823529,debris_rock
11,127,204,-5.0,debris_rock
11,128,220,-3.4313725490196063,debris_rock
11,129,200,-5.392156862745097,debris_rock
11,130,188,-6.56862745098039,debris_rock
11,131,180,-7.352941176470587,mixed_snow_ice
11,132,104,-14.803921568627452,regular_glacier_ice
11,133,142,-11.07843137254902,clean_glacier_ice
11,135,192,-6.1764705882352935,debris_rock
11,136,186,-6.764705882352942,debris_rock
11,137,208,-4.607843137254903,debris_rock
11,138,223,-3.137254901960784,debris_rock
11,139,255,0.0,debris_rock
11,140,162,-9.11764705882353,clean_glacier_ice
11,141,211,-4.313725490196081,debris_rock
11,142,173,-8.03921568627451,mixed_snow_ice
11,143,169,-8.43137254901961,mixed_snow_ice
11,144,168,-8.529411764705884,mixed_snow_ice
11,145,174,-7.9411764705882355,mixed_snow_ice
11,146,151,-10.196078431372548,clean_glacier_ice
11,147,134,-11.862745098039214,clean_glacier_ice
11,148,157,-9.607843137254902,clean_glacier_ice
11,149,124,-12.843137254901961,regular_glacier_ice
11,150,171,-8.235294117647062,mixed_snow_ice
11,151,191,-6.274509803921568,debris_rock
11,152,159,-9.411764705882353,clean_glacier_ice
11,153,193,-6.078431372549019,debris_rock
11,154,236,-1.8627450980392162,debris_rock
11,155,218,-3.627450980392158,debris_rock
11,156,230,-2.450980392156861,debris_rock
11,157,194,-5.980392156862745,debris_rock
11,158,193,-6.078431372549019,debris_rock
11,159,185,-6.862745098039216,mixed_snow_ice
11,160,193,-6.078431372549019,debris_rock
11,161,184,-6.96078431372549,mixed_snow_ice
11,162,178,-7.549019607843139,mixed_snow_ice
11,163,202,-5.196078431372548,debris_rock
11,164,194,-5.980392156862745,debris_rock
11,165,181,-7.254901960784313,mixed_snow_ice
11,166,202,-5.196078431372548,debris_rock
11,167,190,-6.372549019607842,debris_rock
11,168,200,-5.392156862745097,debris_rock
11,169,181,-7.254901960784313,mixed_snow_ice
11,170,197,-5.686274509803919,debris_rock
11,171,176,-7.745098039215687,mixed_snow_ice
11,172,168,-8.529411764705884,mixed_snow_ice
11,173,199,-5.490196078431371,debris_rock
11,174,170,-8.333333333333336,mixed_snow_ice
11,175,199,-5.490196078431371,debris_rock
11,176,193,-6.078431372549019,debris_rock
11,177,174,-7.9411764705882355,mixed_snow_ice
11,178,176,-7.745098039215687,mixed_snow_ice
11,179,181,-7.254901960784313,mixed_snow_ice
11,180,206,-4.803921568627452,debris_rock
11,181,210,-4.411764705882355,debris_rock
11,182,201,-5.2941176470588225,debris_rock
11,183,197,-5.686274509803919,debris_rock
11,184,181,-7.254901960784313,mixed_snow_ice
11,185,179,-7.450980392156865,mixed_snow_ice
11,186,190,-6.372549019607842,debris_rock
11,187,180,-7.352941176470587,mixed_snow_ice
11,188,171,-8.235294117647062,mixed_snow_ice
11,189,169,-8.43137254901961,mixed_snow_ice
11,190,167,-8.627450980392158,mixed_snow_ice
11,191,189,-6.470588235294116,debris_rock
11,192,183,-7.0588235294117645,mixed_snow_ice
11,193,175,-7.843137254901961,mixed_snow_ice
11,194,198,-5.588235294117645,debris_rock
11,195,255,0.0,debris_rock
11,196,255,0.0,debris_rock
11,197,229,-2.5490196078431353,debris_rock
11,198,186,-6.764705882352942,debris_rock
11,199,178,-7.549019607843139,mixed_snow_ice
11,200,150,-10.294117647058822,clean_glacier_ice
11,201,147,-10.588235294117649,clean_glacier_ice
11,202,159,-9.411764705882353,clean_glacier_ice
11,203,236,-1.8627450980392162,debris_rock
11,204,255,0.0,debris_rock
11,205,255,0.0,debris_rock
11,206,169,-8.43137254901961,mixed_snow_ice
11,207,121,-13.137254901960786,regular_glacier_ice
11,208,215,-3.9215686274509807,debris_rock
11,209,178,-7.549019607843139,mixed_snow_ice
11,210,214,-4.019607843137255,debris_rock
11,211,194,-5.980392156862745,debris_rock
11,212,174,-7.9411764705882355,mixed_snow_ice
11,213,164,-8.92156862745098,clean_glacier_ice
11,214,216,-3.8235294117647065,debris_rock
11,215,212,-4.215686274509803,debris_rock
11,216,208,-4.607843137254903,debris_rock
11,217,211,-4.313725490196081,debris_rock
11,218,204,-5.0,debris_rock
11,219,202,-5.196078431372548,debris_rock
11,220,202,-5.196078431372548,debris_rock
11,221,170,-8.333333333333336,mixed_snow_ice
11,222,234,-2.0588235294117645,debris_rock
12,0,255,0.0,debris_rock
12,1,221,-3.333333333333332,debris_rock
12,2,153,-10.0,clean_glacier_ice
12,3,112,-14.019607843137255,regular_glacier_ice
12,4,208,-4.607843137254903,debris_rock
12,5,176,-7.745098039215687,mixed_snow_ice
12,6,164,-8.92156862745098,clean_glacier_ice
12,7,133,-11.960784313725489,clean_glacier_ice
12,8,194,-5.980392156862745,debris_rock
12,9,201,-5.2941176470588225,debris_rock
12,10,194,-5.980392156862745,debris_rock
12,11,182,-7.156862745098039,mixed_snow_ice
12,12,219,-3.529411764705884,debris_rock
12,13,232,-2.254901960784313,debris_rock
12,14,187,-6.666666666666668,debris_rock
12,15,175,-7.843137254901961,mixed_snow_ice
12,16,187,-6.666666666666668,debris_rock
12,17,197,-5.686274509803919,debris_rock
12,18,159,-9.411764705882353,clean_glacier_ice
12,19,155,-9.803921568627452,clean_glacier_ice
12,20,159,-9.411764705882353,clean_glacier_ice
12,21,199,-5.490196078431371,debris_rock
12,22,162,-9.11764705882353,clean_glacier_ice
12,23,185,-6.862745098039216,mixed_snow_ice
12,33,223,-3.137254901960784,debris_rock
12,34,197,-5.686274509803919,debris_rock
12,35,182,-7.156862745098039,mixed_snow_ice
12,36,156,-9.705882352941176,clean_glacier_ice
12,37,142,-11.07843137254902,clean_glacier_ice
12,38,120,-13.23529411764706,regular_glacier_ice
12,39,94,-15.784313725490195,regular_glacier_ice
12,42,179,-7.450980392156865,mixed_snow_ice
12,43,149,-10.392156862745097,clean_glacier_ice
12,44,179,-7.450980392156865,mixed_snow_ice
12,45,168,-8.529411764705884,mixed_snow_ice
12,46,197,-5.686274509803919,debris_rock
12,47,200,-5.392156862745097,debris_rock
12,48,138,-11.470588235294118,clean_glacier_ice
12,49,150,-10.294117647058822,clean_glacier_ice
12,51,182,-7.156862745098039,mixed_snow_ice
12,52,207,-4.7058823529411775,debris_rock
12,55,255,0.0,debris_rock
12,56,162,-9.11764705882353,clean_glacier_ice
12,57,196,-5.784313725490193,debris_rock
12,58,190,-6.372549019607842,debris_rock
12,59,199,-5.490196078431371,debris_rock
12,60,147,-10.588235294117649,clean_glacier_ice
12,61,53,-19.80392156862745,deep_glacier_ice
12,62,72,-17.941176470588236,deep_glacier_ice
12,66,162,-9.11764705882353,clean_glacier_ice
12,67,194,-5.980392156862745,debris_rock
12,68,233,-2.1568627450980387,debris_rock
12,69,197,-5.686274509803919,debris_rock
12,70,218,-3.627450980392158,debris_rock
12,71,172,-8.137254901960784,mixed_snow_ice
12,72,190,-6.372549019607842,debris_rock
12,73,177,-7.647058823529413,mixed_snow_ice
12,74,143,-10.980392156862745,clean_glacier_ice
12,75,158,-9.509803921568627,clean_glacier_ice
12,76,252,-0.2941176470588225,debris_rock
12,77,190,-6.372549019607842,debris_rock
12,78,212,-4.215686274509803,debris_rock
12,79,191,-6.274509803921568,debris_rock
12,80,204,-5.0,debris_rock
12,81,255,0.0,debris_rock
12,82,255,0.0,debris_rock
12,83,229,-2.5490196078431353,debris_rock
12,84,181,-7.254901960784313,mixed_snow_ice
12,85,121,-13.137254901960786,regular_glacier_ice
12,86,144,-10.882352941176471,clean_glacier_ice
12,87,181,-7.254901960784313,mixed_snow_ice
12,88,216,-3.8235294117647065,debris_rock
12,89,172,-8.137254901960784,mixed_snow_ice
12,90,123,-12.941176470588236,regular_glacier_ice
12,91,141,-11.176470588235293,clean_glacier_ice
12,92,166,-8.725490196078432,mixed_snow_ice
12,93,193,-6.078431372549019,debris_rock
12,94,154,-9.901960784313726,clean_glacier_ice
12,95,157,-9.607843137254902,clean_glacier_ice
12,96,206,-4.803921568627452,debris_rock
12,97,202,-5.196078431372548,debris_rock
12,98,214,-4.019607843137255,debris_rock
12,99,193,-6.078431372549019,debris_rock
12,100,189,-6.470588235294116,debris_rock
12,101,192,-6.1764705882352935,debris_rock
12,102,202,-5.196078431372548,debris_rock
12,103,179,-7.450980392156865,mixed_snow_ice
12,104,178,-7.549019607843139,mixed_snow_ice
12,105,179,-7.450980392156865,mixed_snow_ice
12,106,191,-6.274509803921568,debris_rock
12,107,207,-4.7058823529411775,debris_rock
12,108,189,-6.470588235294116,debris_rock
12,109,178,-7.549019607843139,mixed_snow_ice
12,110,200,-5.392156862745097,debris_rock
12,111,189,-6.470588235294116,debris_rock
12,112,227,-2.745098039215687,debris_rock
12,113,184,-6.96078431372549,mixed_snow_ice
12,114,197,-5.686274509803919,debris_rock
12,115,203,-5.098039215686274,debris_rock
12,116,190,-6.372549019607842,debris_rock
12,117,188,-6.56862745098039,debris_rock
12,118,192,-6.1764705882352935,debris_rock
12,119,191,-6.274509803921568,debris_rock
12,120,161,-9.215686274509805,clean_glacier_ice
12,121,177,-7.647058823529413,mixed_snow_ice
12,122,194,-5.980392156862745,debris_rock
12,123,201,-5.2941176470588225,debris_rock
12,124,201,-5.2941176470588225,debris_rock
12,125,185,-6.862745098039216,mixed_snow_ice
12,126,212,-4.215686274509803,debris_rock
12,127,182,-7.156862745098039,mixed_snow_ice
12,128,208,-4.607843137254903,debris_rock
12,129,178,-7.549019607843139,mixed_snow_ice
12,130,168,-8.529411764705884,mixed_snow_ice
12,131,175,-7.843137254901961,mixed_snow_ice
12,132,148,-10.49019607843137,clean_glacier_ice
12,133,177,-7.647058823529413,mixed_snow_ice
12,134,228,-2.6470588235294095,debris_rock
12,135,157,-9.607843137254902,clean_glacier_ice
12,136,212,-4.215686274509803,debris_rock
12,137,245,-0.9803921568627452,debris_rock
12,138,245,-0.9803921568627452,debris_rock
12,139,185,-6.862745098039216,mixed_snow_ice
12,140,178,-7.549019607843139,mixed_snow_ice
12,141,161,-9.215686274509805,clean_glacier_ice
12,142,184,-6.96078431372549,mixed_snow_ice
12,143,176,-7.745098039215687,mixed_snow_ice
12,144,173,-8.03921568627451,mixed_snow_ice
12,145,237,-1.764705882352942,debris_rock
12,146,252,-0.2941176470588225,debris_rock
12,147,228,-2.6470588235294095,debris_rock
12,148,181,-7.254901960784313,mixed_snow_ice
12,149,132,-12.058823529411763,clean_glacier_ice
12,150,212,-4.215686274509803,debris_rock
12,151,190,-6.372549019607842,debris_rock
12,152,178,-7.549019607843139,mixed_snow_ice
12,153,163,-9.019607843137257,clean_glacier_ice
12,154,159,-9.411764705882353,clean_glacier_ice
12,155,158,-9.509803921568627,clean_glacier_ice
12,156,216,-3.8235294117647065,debris_rock
12,157,201,-5.2941176470588225,debris_rock
12,158,202,-5.196078431372548,debris_rock
12,159,182,-7.156862745098039,mixed_snow_ice
12,160,147,-10.588235294117649,clean_glacier_ice
12,161,177,-7.647058823529413,mixed_snow_ice
12,162,194,-5.980392156862745,debris_rock
12,163,206,-4.803921568627452,debris_rock
12,164,177,-7.647058823529413,mixed_snow_ice
12,165,210,-4.411764705882355,debris_rock
12,166,177,-7.647058823529413,mixed_snow_ice
12,167,169,-8.43137254901961,mixed_snow_ice
12,168,196,-5.784313725490193,debris_rock
12,169,185,-6.862745098039216,mixed_snow_ice
12,170,174,-7.9411764705882355,mixed_snow_ice
12,171,176,-7.745098039215687,mixed_snow_ice
12,172,175,-7.843137254901961,mixed_snow_ice
12,173,163,-9.019607843137257,clean_glacier_ice
12,174,161,-9.215686274509805,clean_glacier_ice
12,175,255,0.0,debris_rock
12,176,198,-5.588235294117645,debris_rock
12,177,242,-1.2745098039215712,debris_rock
12,178,217,-3.7254901960784323,debris_rock
12,179,158,-9.509803921568627,clean_glacier_ice
12,180,183,-7.0588235294117645,mixed_snow_ice
12,181,186,-6.764705882352942,debris_rock
12,182,177,-7.647058823529413,mixed_snow_ice
12,183,172,-8.137254901960784,mixed_snow_ice
12,184,154,-9.901960784313726,clean_glacier_ice
12,185,154,-9.901960784313726,clean_glacier_ice
12,186,188,-6.56862745098039,debris_rock
12,187,162,-9.11764705882353,clean_glacier_ice
12,188,147,-10.588235294117649,clean_glacier_ice
12,198,121,-13.137254901960786,regular_glacier_ice
12,199,86,-16.568627450980394,deep_glacier_ice
12,200,162,-9.11764705882353,clean_glacier_ice
12,201,194,-5.980392156862745,debris_rock
12,202,148,-10.49019607843137,clean_glacier_ice
12,203,149,-10.392156862745097,clean_glacier_ice
12,204,152,-10.098039215686274,clean_glacier_ice
12,207,242,-1.2745098039215712,debris_rock
12,208,171,-8.235294117647062,mixed_snow_ice
12,209,120,-13.23529411764706,regular_glacier_ice
12,210,169,-8.43137254901961,mixed_snow_ice
12,211,202,-5.196078431372548,debris_rock
12,212,157,-9.607843137254902,clean_glacier_ice
12,213,158,-9.509803921568627,clean_glacier_ice
12,214,174,-7.9411764705882355,mixed_snow_ice
12,215,255,0.0,debris_rock
12,216,188,-6.56862745098039,debris_rock
12,217,157,-9.607843137254902,clean_glacier_ice
12,220,213,-4.117647058823529,debris_rock
12,221,145,-10.784313725490197,clean_glacier_ice
12,222,166,-8.725490196078432,mixed_snow_ice
13,0,227,-2.745098039215687,debris_rock
13,1,185,-6.862745098039216,mixed_snow_ice
13,2,98,-15.392156862745097,regular_glacier_ice
13,3,48,-20.294117647058822,deep_glacier_ice
13,4,84,-16.764705882352942,deep_glacier_ice
13,8,210,-4.411764705882355,debris_rock
13,9,237,-1.764705882352942,debris_rock
13,10,222,-3.235294117647058,debris_rock
13,11,194,-5.980392156862745,debris_rock
13,12,185,-6.862745098039216,mixed_snow_ice
13,13,170,-8.333333333333336,mixed_snow_ice
13,14,190,-6.372549019607842,debris_rock
13,15,158,-9.509803921568627,clean_glacier_ice
13,16,118,-13.431372549019608,regular_glacier_ice
13,17,171,-8.235294117647062,mixed_snow_ice
13,18,198,-5.588235294117645,debris_rock
13,19,193,-6.078431372549019,debris_rock
13,20,206,-4.803921568627452,debris_rock
13,21,197,-5.686274509803919,debris_rock
13,22,197,-5.686274509803919,debris_rock
13,23,235,-1.9607843137254903,debris_rock
13,24,254,-0.09803921568627416,debris_rock
13,25,217,-3.7254901960784323,debris_rock
13,26,247,-0.7843137254901968,debris_rock
13,27,136,-11.666666666666666,clean_glacier_ice
13,28,157,-9.607843137254902,clean_glacier_ice
13,29,127,-12.549019607843137,regular_glacier_ice
13,30,203,-5.098039215686274,debris_rock
13,31,227,-2.745098039215687,debris_rock
13,32,153,-10.0,clean_glacier_ice
13,33,150,-10.294117647058822,clean_glacier_ice
13,34,170,-8.333333333333336,mixed_snow_ice
13,35,175,-7.843137254901961,mixed_snow_ice
13,36,147,-10.588235294117649,clean_glacier_ice
13,37,209,-4.509803921568629,debris_rock
13,38,192,-6.1764705882352935,debris_rock
13,39,202,-5.196078431372548,debris_rock
13,40,227,-2.745098039215687,debris_rock
13,41,200,-5.392156862745097,debris_rock
13,42,197,-5.686274509803919,debris_rock
13,43,209,-4.509803921568629,debris_rock
13,44,212,-4.215686274509803,debris_rock
13,45,197,-5.686274509803919,debris_rock
13,46,196,-5.784313725490193,debris_rock
13,47,173,-8.03921568627451,mixed_snow_ice
13,48,190,-6.372549019607842,debris_rock
13,49,174,-7.9411764705882355,mixed_snow_ice
13,50,185,-6.862745098039216,mixed_snow_ice
13,51,181,-7.254901960784313,mixed_snow_ice
13,52,199,-5.490196078431371,debris_rock
13,53,182,-7.156862745098039,mixed_snow_ice
13,54,207,-4.7058823529411775,debris_rock
13,55,188,-6.56862745098039,debris_rock
13,56,226,-2.8431372549019613,debris_rock
13,57,190,-6.372549019607842,debris_rock
13,58,172,-8.137254901960784,mixed_snow_ice
13,59,191,-6.274509803921568,debris_rock
13,60,182,-7.156862745098039,mixed_snow_ice
13,61,172,-8.137254901960784,mixed_snow_ice
13,62,204,-5.0,debris_rock
13,63,173,-8.03921568627451,mixed_snow_ice
13,64,187,-6.666666666666668,debris_rock
13,65,168,-8.529411764705884,mixed_snow_ice
13,66,164,-8.92156862745098,clean_glacier_ice
13,67,175,-7.843137254901961,mixed_snow_ice
13,68,185,-6.862745098039216,mixed_snow_ice
13,69,192,-6.1764705882352935,debris_rock
13,70,199,-5.490196078431371,debris_rock
13,71,184,-6.96078431372549,mixed_snow_ice
13,72,210,-4.411764705882355,debris_rock
13,73,186,-6.764705882352942,debris_rock
13,74,129,-12.352941176470589,regular_glacier_ice
13,75,162,-9.11764705882353,clean_glacier_ice
13,76,241,-1.3725490196078454,debris_rock
13,77,194,-5.980392156862745,debris_rock
13,78,175,-7.843137254901961,mixed_snow_ice
13,79,203,-5.098039215686274,debris_rock
13,80,201,-5.2941176470588225,debris_rock
13,81,194,-5.980392156862745,debris_rock
13,82,200,-5.392156862745097,debris_rock
13,83,177,-7.647058823529413,mixed_snow_ice
13,84,167,-8.627450980392158,mixed_snow_ice
13,85,173,-8.03921568627451,mixed_snow_ice
13,86,188,-6.56862745098039,debris_rock
13,87,217,-3.7254901960784323,debris_rock
13,88,242,-1.2745098039215712,debris_rock
13,89,248,-0.6862745098039227,debris_rock
13,90,209,-4.509803921568629,debris_rock
13,91,139,-11.372549019607844,clean_glacier_ice
13,92,138,-11.470588235294118,clean_glacier_ice
13,93,176,-7.745098039215687,mixed_snow_ice
13,94,175,-7.843137254901961,mixed_snow_ice
13,95,191,-6.274509803921568,debris_rock
13,96,170,-8.333333333333336,mixed_snow_ice
13,97,211,-4.313725490196081,debris_rock
13,98,240,-1.4705882352941195,debris_rock
13,99,182,-7.156862745098039,mixed_snow_ice
13,100,199,-5.490196078431371,debris_rock
13,101,185,-6.862745098039216,mixed_snow_ice
13,102,146,-10.686274509803923,clean_glacier_ice
13,103,109,-14.313725490196079,regular_glacier_ice
13,104,180,-7.352941176470587,mixed_snow_ice
13,105,183,-7.0588235294117645,mixed_snow_ice
13,106,186,-6.764705882352942,debris_rock
13,107,196,-5.784313725490193,debris_rock
13,108,185,-6.862745098039216,mixed_snow_ice
13,109,175,-7.843137254901961,mixed_snow_ice
13,110,193,-6.078431372549019,debris_rock
13,111,203,-5.098039215686274,debris_rock
13,112,189,-6.470588235294116,debris_rock
13,113,186,-6.764705882352942,debris_rock
13,114,222,-3.235294117647058,debris_rock
13,115,200,-5.392156862745097,debris_rock
13,116,197,-5.686274509803919,debris_rock
13,117,212,-4.215686274509803,debris_rock
13,118,231,-2.352941176470587,debris_rock
13,119,189,-6.470588235294116,debris_rock
13,120,174,-7.9411764705882355,mixed_snow_ice
13,121,145,-10.784313725490197,clean_glacier_ice
13,122,151,-10.196078431372548,clean_glacier_ice
13,123,157,-9.607843137254902,clean_glacier_ice
13,124,174,-7.9411764705882355,mixed_snow_ice
13,125,155,-9.803921568627452,clean_glacier_ice
13,126,163,-9.019607843137257,clean_glacier_ice
13,127,165,-8.823529411764707,clean_glacier_ice
13,128,192,-6.1764705882352935,debris_rock
13,129,180,-7.352941176470587,mixed_snow_ice
13,130,169,-8.43137254901961,mixed_snow_ice
13,131,180,-7.352941176470587,mixed_snow_ice
13,139,194,-5.980392156862745,debris_rock
13,140,112,-14.019607843137255,regular_glacier_ice
13,141,99,-15.294117647058822,regular_glacier_ice
13,142,173,-8.03921568627451,mixed_snow_ice
13,143,171,-8.235294117647062,mixed_snow_ice
13,144,137,-11.568627450980392,clean_glacier_ice
13,145,188,-6.56862745098039,debris_rock
13,146,174,-7.9411764705882355,mixed_snow_ice
13,147,169,-8.43137254901961,mixed_snow_ice
13,148,242,-1.2745098039215712,debris_rock
13,149,233,-2.1568627450980387,debris_rock
13,150,107,-14.509803921568627,regular_glacier_ice
13,151,108,-14.411764705882353,regular_glacier_ice
13,152,114,-13.823529411764705,regular_glacier_ice
13,153,150,-10.294117647058822,clean_glacier_ice
13,154,179,-7.450980392156865,mixed_snow_ice
13,155,216,-3.8235294117647065,debris_rock
13,156,132,-12.058823529411763,clean_glacier_ice
13,157,137,-11.568627450980392,clean_glacier_ice
13,158,172,-8.137254901960784,mixed_snow_ice
13,159,194,-5.980392156862745,debris_rock
13,160,195,-5.882352941176471,debris_rock
13,161,191,-6.274509803921568,debris_rock
13,162,93,-15.882352941176471,regular_glacier_ice
13,163,114,-13.823529411764705,regular_glacier_ice
13,164,169,-8.43137254901961,mixed_snow_ice
13,165,232,-2.254901960784313,debris_rock
13,166,169,-8.43137254901961,mixed_snow_ice
13,167,73,-17.84313725490196,deep_glacier_ice
13,168,85,-16.666666666666668,deep_glacier_ice
13,169,108,-14.411764705882353,regular_glacier_ice
13,173,225,-2.9411764705882355,debris_rock
13,174,255,0.0,debris_rock
13,175,200,-5.392156862745097,debris_rock
13,176,200,-5.392156862745097,debris_rock
13,177,192,-6.1764705882352935,debris_rock
13,178,194,-5.980392156862745,debris_rock
13,179,212,-4.215686274509803,debris_rock
13,180,191,-6.274509803921568,debris_rock
13,181,112,-14.019607843137255,regular_glacier_ice
13,182,219,-3.529411764705884,debris_rock
13,183,255,0.0,debris_rock
13,184,195,-5.882352941176471,debris_rock
13,185,170,-8.333333333333336,mixed_snow_ice
13,186,197,-5.686274509803919,debris_rock
13,187,166,-8.725490196078432,mixed_snow_ice
13,188,212,-4.215686274509803,debris_rock
13,189,225,-2.9411764705882355,debris_rock
13,190,255,0.0,debris_rock
13,191,255,0.0,debris_rock
13,192,183,-7.0588235294117645,mixed_snow_ice
13,193,88,-16.372549019607845,regular_glacier_ice
13,194,89,-16.274509803921568,regular_glacier_ice
13,195,154,-9.901960784313726,clean_glacier_ice
13,196,241,-1.3725490196078454,debris_rock
13,197,175,-7.843137254901961,mixed_snow_ice
13,198,159,-9.411764705882353,clean_glacier_ice
13,199,185,-6.862745098039216,mixed_snow_ice
13,200,193,-6.078431372549019,debris_rock
13,201,201,-5.2941176470588225,debris_rock
13,202,236,-1.8627450980392162,debris_rock
13,203,187,-6.666666666666668,debris_rock
13,204,136,-11.666666666666666,clean_glacier_ice
13,205,220,-3.4313725490196063,debris_rock
13,206,189,-6.470588235294116,debris_rock
13,207,199,-5.490196078431371,debris_rock
13,208,180,-7.352941176470587,mixed_snow_ice
13,209,184,-6.96078431372549,mixed_snow_ice
13,210,212,-4.215686274509803,debris_rock
13,211,225,-2.9411764705882355,debris_rock
13,212,177,-7.647058823529413,mixed_snow_ice
13,213,205,-4.901960784313726,debris_rock
13,214,168,-8.529411764705884,mixed_snow_ice
13,215,184,-6.96078431372549,mixed_snow_ice
13,216,183,-7.0588235294117645,mixed_snow_ice
13,217,206,-4.803921568627452,debris_rock
13,218,188,-6.56862745098039,debris_rock
13,219,185,-6.862745098039216,mixed_snow_ice
13,220,171,-8.235294117647062,mixed_snow_ice
13,221,186,-6.764705882352942,debris_rock
13,222,177,-7.647058823529413,mixed_snow_ice
14,0,167,-8.627450980392158,mixed_snow_ice
14,1,193,-6.078431372549019,debris_rock
14,2,195,-5.882352941176471,debris_rock
14,3,173,-8.03921568627451,mixed_snow_ice
14,4,187,-6.666666666666668,debris_rock
14,5,202,-5.196078431372548,debris_rock
14,6,181,-7.254901960784313,mixed_snow_ice
14,7,190,-6.372549019607842,debris_rock
14,8,167,-8.627450980392158,mixed_snow_ice
14,9,148,-10.49019607843137,clean_glacier_ice
14,10,173,-8.03921568627451,mixed_snow_ice
14,11,204,-5.0,debris_rock
14,12,163,-9.019607843137257,clean_glacier_ice
14,13,183,-7.0588235294117645,mixed_snow_ice
14,14,209,-4.509803921568629,debris_rock
14,15,201,-5.2941176470588225,debris_rock
14,16,180,-7.352941176470587,mixed_snow_ice
14,17,165,-8.823529411764707,clean_glacier_ice
14,18,201,-5.2941176470588225,debris_rock
14,19,202,-5.196078431372548,debris_rock
14,20,186,-6.764705882352942,debris_rock
14,21,152,-10.098039215686274,clean_glacier_ice
14,22,183,-7.0588235294117645,mixed_snow_ice
14,23,200,-5.392156862745097,debris_rock
14,24,155,-9.803921568627452,clean_glacier_ice
14,25,216,-3.8235294117647065,debris_rock
14,26,212,-4.215686274509803,debris_rock
14,27,201,-5.2941176470588225,debris_rock
14,28,201,-5.2941176470588225,debris_rock
14,29,200,-5.392156862745097,debris_rock
14,30,192,-6.1764705882352935,debris_rock
14,31,183,-7.0588235294117645,mixed_snow_ice
14,32,179,-7.450980392156865,mixed_snow_ice
14,33,205,-4.901960784313726,debris_rock
14,34,222,-3.235294117647058,debris_rock
14,35,192,-6.1764705882352935,debris_rock
14,36,174,-7.9411764705882355,mixed_snow_ice
14,37,189,-6.470588235294116,debris_rock
14,38,132,-12.058823529411763,clean_glacier_ice
14,39,145,-10.784313725490197,clean_glacier_ice
14,40,190,-6.372549019607842,debris_rock
14,41,167,-8.627450980392158,mixed_snow_ice
14,42,144,-10.882352941176471,clean_glacier_ice
14,43,165,-8.823529411764707,clean_glacier_ice
14,44,179,-7.450980392156865,mixed_snow_ice
14,45,190,-6.372549019607842,debris_rock
14,46,188,-6.56862745098039,debris_rock
14,47,217,-3.7254901960784323,debris_rock
14,48,205,-4.901960784313726,debris_rock
14,49,206,-4.803921568627452,debris_rock
14,50,190,-6.372549019607842,debris_rock
14,51,216,-3.8235294117647065,debris_rock
14,52,210,-4.411764705882355,debris_rock
14,53,162,-9.11764705882353,clean_glacier_ice
14,54,178,-7.549019607843139,mixed_snow_ice
14,55,222,-3.235294117647058,debris_rock
14,56,200,-5.392156862745097,debris_rock
14,57,140,-11.274509803921568,clean_glacier_ice
14,58,217,-3.7254901960784323,debris_rock
14,59,230,-2.450980392156861,debris_rock
14,60,198,-5.588235294117645,debris_rock
14,61,189,-6.470588235294116,debris_rock
14,62,188,-6.56862745098039,debris_rock
14,63,181,-7.254901960784313,mixed_snow_ice
14,64,176,-7.745098039215687,mixed_snow_ice
14,65,172,-8.137254901960784,mixed_snow_ice
14,66,183,-7.0588235294117645,mixed_snow_ice
14,67,144,-10.882352941176471,clean_glacier_ice
14,68,181,-7.254901960784313,mixed_snow_ice
14,69,163,-9.019607843137257,clean_glacier_ice
14,70,175,-7.843137254901961,mixed_snow_ice
14,71,146,-10.686274509803923,clean_glacier_ice
14,72,164,-8.92156862745098,clean_glacier_ice
14,73,178,-7.549019607843139,mixed_snow_ice
14,81,191,-6.274509803921568,debris_rock
14,82,148,-10.49019607843137,clean_glacier_ice
14,83,134,-11.862745098039214,clean_glacier_ice
14,84,168,-8.529411764705884,mixed_snow_ice
14,85,152,-10.098039215686274,clean_glacier_ice
14,86,168,-8.529411764705884,mixed_snow_ice
14,87,192,-6.1764705882352935,debris_rock
14,88,170,-8.333333333333336,mixed_snow_ice
14,89,168,-8.529411764705884,mixed_snow_ice
14,90,178,-7.549019607843139,mixed_snow_ice
14,91,205,-4.901960784313726,debris_rock
14,92,157,-9.607843137254902,clean_glacier_ice
14,93,137,-11.568627450980392,clean_glacier_ice
14,97,192,-6.1764705882352935,debris_rock
14,98,157,-9.607843137254902,clean_glacier_ice
14,99,155,-9.803921568627452,clean_glacier_ice
14,100,147,-10.588235294117649,clean_glacier_ice
14,101,201,-5.2941176470588225,debris_rock
14,102,232,-2.254901960784313,debris_rock
14,103,174,-7.9411764705882355,mixed_snow_ice
14,104,154,-9.901960784313726,clean_glacier_ice
14,105,172,-8.137254901960784,mixed_snow_ice
14,106,238,-1.6666666666666679,debris_rock
14,107,196,-5.784313725490193,debris_rock
14,108,178,-7.549019607843139,mixed_snow_ice
14,109,55,-19.607843137254903,deep_glacier_ice
14,110,86,-16.568627450980394,deep_glacier_ice
14,111,108,-14.411764705882353,regular_glacier_ice
14,115,185,-6.862745098039216,mixed_snow_ice
14,116,255,0.0,debris_rock
14,117,212,-4.215686274509803,debris_rock
14,118,180,-7.352941176470587,mixed_snow_ice
14,119,164,-8.92156862745098,clean_glacier_ice
14,120,179,-7.450980392156865,mixed_snow_ice
14,121,185,-6.862745098039216,mixed_snow_ice
14,122,182,-7.156862745098039,mixed_snow_ice
14,123,93,-15.882352941176471,regular_glacier_ice
14,126,173,-8.03921568627451,mixed_snow_ice
14,127,166,-8.725490196078432,mixed_snow_ice
14,128,187,-6.666666666666668,debris_rock
14,129,163,-9.019607843137257,clean_glacier_ice
14,130,197,-5.686274509803919,debris_rock
14,131,186,-6.764705882352942,debris_rock
14,132,188,-6.56862745098039,debris_rock
14,133,255,0.0,debris_rock
14,134,198,-5.588235294117645,debris_rock
14,135,93,-15.882352941176471,regular_glacier_ice
14,136,67,-18.431372549019606,deep_glacier_ice
14,137,69,-18.235294117647058,deep_glacier_ice
14,138,180,-7.352941176470587,mixed_snow_ice
14,139,205,-4.901960784313726,debris_rock
14,140,212,-4.215686274509803,debris_rock
14,141,206,-4.803921568627452,debris_rock
14,142,197,-5.686274509803919,debris_rock
14,143,214,-4.019607843137255,debris_rock
14,144,251,-0.3921568627451002,debris_rock
14,145,201,-5.2941176470588225,debris_rock
14,146,148,-10.49019607843137,clean_glacier_ice
14,147,224,-3.0392156862745097,debris_rock
14,148,255,0.0,debris_rock
14,149,209,-4.509803921568629,debris_rock
14,150,152,-10.098039215686274,clean_glacier_ice
14,151,162,-9.11764705882353,clean_glacier_ice
14,152,172,-8.137254901960784,mixed_snow_ice
14,153,203,-5.098039215686274,debris_rock
14,154,174,-7.9411764705882355,mixed_snow_ice
14,155,204,-5.0,debris_rock
14,156,173,-8.03921568627451,mixed_snow_ice
14,157,166,-8.725490196078432,mixed_snow_ice
14,158,190,-6.372549019607842,debris_rock
14,159,188,-6.56862745098039,debris_rock
14,160,193,-6.078431372549019,debris_rock
14,161,157,-9.607843137254902,clean_glacier_ice
14,162,184,-6.96078431372549,mixed_snow_ice
14,163,191,-6.274509803921568,debris_rock
14,164,219,-3.529411764705884,debris_rock
14,165,179,-7.450980392156865,mixed_snow_ice
14,166,188,-6.56862745098039,debris_rock
14,167,191,-6.274509803921568,debris_rock
14,168,184,-6.96078431372549,mixed_snow_ice
14,169,192,-6.1764705882352935,debris_rock
14,170,181,-7.254901960784313,mixed_snow_ice
14,171,180,-7.352941176470587,mixed_snow_ice
14,172,193,-6.078431372549019,debris_rock
14,173,185,-6.862745098039216,mixed_snow_ice
14,174,177,-7.647058823529413,mixed_snow_ice
14,175,174,-7.9411764705882355,mixed_snow_ice
14,176,207,-4.7058823529411775,debris_rock
14,177,168,-8.529411764705884,mixed_snow_ice
14,178,191,-6.274509803921568,debris_rock
14,179,199,-5.490196078431371,debris_rock
14,180,180,-7.352941176470587,mixed_snow_ice
14,181,191,-6.274509803921568,debris_rock
14,182,175,-7.843137254901961,mixed_snow_ice
14,183,187,-6.666666666666668,debris_rock
14,184,189,-6.470588235294116,debris_rock
14,185,180,-7.352941176470587,mixed_snow_ice
14,186,172,-8.137254901960784,mixed_snow_ice
14,187,193,-6.078431372549019,debris_rock
14,188,174,-7.9411764705882355,mixed_snow_ice
14,189,145,-10.784313725490197,clean_glacier_ice
14,190,215,-3.9215686274509807,debris_rock
14,191,234,-2.0588235294117645,debris_rock
14,192,154,-9.901960784313726,clean_glacier_ice
14,193,177,-7.647058823529413,mixed_snow_ice
14,194,159,-9.411764705882353,clean_glacier_ice
14,195,179,-7.450980392156865,mixed_snow_ice
14,196,201,-5.2941176470588225,debris_rock
14,197,185,-6.862745098039216,mixed_snow_ice
14,198,182,-7.156862745098039,mixed_snow_ice
14,199,191,-6.274509803921568,debris_rock
14,200,155,-9.803921568627452,clean_glacier_ice
14,201,150,-10.294117647058822,clean_glacier_ice
14,202,143,-10.980392156862745,clean_glacier_ice
14,203,149,-10.392156862745097,clean_glacier_ice
14,204,145,-10.784313725490197,clean_glacier_ice
14,205,170,-8.333333333333336,mixed_snow_ice
14,206,190,-6.372549019607842,debris_rock
14,207,192,-6.1764705882352935,debris_rock
14,208,151,-10.196078431372548,clean_glacier_ice
14,209,143,-10.980392156862745,clean_glacier_ice
14,210,138,-11.470588235294118,clean_glacier_ice
14,211,154,-9.901960784313726,clean_glacier_ice
14,212,201,-5.2941176470588225,debris_rock
14,213,173,-8.03921568627451,mixed_snow_ice
14,214,172,-8.137254901960784,mixed_snow_ice
14,215,194,-5.980392156862745,debris_rock
14,216,197,-5.686274509803919,debris_rock
14,217,215,-3.9215686274509807,debris_rock
14,218,152,-10.098039215686274,clean_glacier_ice
14,219,166,-8.725490196078432,mixed_snow_ice
14,220,177,-7.647058823529413,mixed_snow_ice
14,221,203,-5.098039215686274,debris_rock
14,222,174,-7.9411764705882355,mixed_snow_ice
15,0,156,-9.705882352941176,clean_glacier_ice
15,1,190,-6.372549019607842,debris_rock
15,2,184,-6.96078431372549,mixed_snow_ice
15,3,185,-6.862745098039216,mixed_snow_ice
15,4,161,-9.215686274509805,clean_glacier_ice
15,5,170,-8.333333333333336,mixed_snow_ice
15,6,197,-5.686274509803919,debris_rock
15,7,184,-6.96078431372549,mixed_snow_ice
15,8,179,-7.450980392156865,mixed_snow_ice
15,9,154,-9.901960784313726,clean_glacier_ice
15,10,145,-10.784313725490197,clean_glacier_ice
15,11,166,-8.725490196078432,mixed_snow_ice
15,12,146,-10.686274509803923,clean_glacier_ice
15,13,149,-10.392156862745097,clean_glacier_ice
15,14,172,-8.137254901960784,mixed_snow_ice
15,15,163,-9.019607843137257,clean_glacier_ice
15,22,173,-8.03921568627451,mixed_snow_ice
15,23,157,-9.607843137254902,clean_glacier_ice
15,24,163,-9.019607843137257,clean_glacier_ice
15,25,138,-11.470588235294118,clean_glacier_ice
15,26,159,-9.411764705882353,clean_glacier_ice
15,27,162,-9.11764705882353,clean_glacier_ice
15,28,196,-5.784313725490193,debris_rock
15,29,174,-7.9411764705882355,mixed_snow_ice
15,30,143,-10.980392156862745,clean_glacier_ice
15,31,159,-9.411764705882353,clean_glacier_ice
15,32,187,-6.666666666666668,debris_rock
15,33,217,-3.7254901960784323,debris_rock
15,34,155,-9.803921568627452,clean_glacier_ice
15,35,151,-10.196078431372548,clean_glacier_ice
15,39,116,-13.627450980392156,regular_glacier_ice
15,40,123,-12.941176470588236,regular_glacier_ice
15,41,130,-12.254901960784315,clean_glacier_ice
15,42,140,-11.274509803921568,clean_glacier_ice
15,43,170,-8.333333333333336,mixed_snow_ice
15,44,222,-3.235294117647058,debris_rock
15,45,201,-5.2941176470588225,debris_rock
15,46,166,-8.725490196078432,mixed_snow_ice
15,47,210,-4.411764705882355,debris_rock
15,48,237,-1.764705882352942,debris_rock
15,49,186,-6.764705882352942,debris_rock
15,50,184,-6.96078431372549,mixed_snow_ice
15,51,114,-13.823529411764705,regular_glacier_ice
15,52,108,-14.411764705882353,regular_glacier_ice
15,57,141,-11.176470588235293,clean_glacier_ice
15,58,239,-1.5686274509803937,debris_rock
15,59,165,-8.823529411764707,clean_glacier_ice
15,60,177,-7.647058823529413,mixed_snow_ice
15,61,173,-8.03921568627451,mixed_snow_ice
15,62,174,-7.9411764705882355,mixed_snow_ice
15,63,184,-6.96078431372549,mixed_snow_ice
15,64,182,-7.156862745098039,mixed_snow_ice
15,65,116,-13.627450980392156,regular_glacier_ice
15,66,153,-10.0,clean_glacier_ice
15,68,212,-4.215686274509803,debris_rock
15,69,176,-7.745098039215687,mixed_snow_ice
15,70,192,-6.1764705882352935,debris_rock
15,71,187,-6.666666666666668,debris_rock
15,72,176,-7.745098039215687,mixed_snow_ice
15,73,194,-5.980392156862745,debris_rock
15,74,145,-10.784313725490197,clean_glacier_ice
15,75,183,-7.0588235294117645,mixed_snow_ice
15,76,255,0.0,debris_rock
15,77,198,-5.588235294117645,debris_rock
15,78,107,-14.509803921568627,regular_glacier_ice
15,79,60,-19.11764705882353,deep_glacier_ice
15,80,84,-16.764705882352942,deep_glacier_ice
15,81,151,-10.196078431372548,clean_glacier_ice
15,82,190,-6.372549019607842,debris_rock
15,83,209,-4.509803921568629,debris_rock
15,84,193,-6.078431372549019,debris_rock
15,85,198,-5.588235294117645,debris_rock
15,86,167,-8.627450980392158,mixed_snow_ice
15,87,102,-15.0,regular_glacier_ice
15,88,149,-10.392156862745097,clean_glacier_ice
15,89,196,-5.784313725490193,debris_rock
15,90,169,-8.43137254901961,mixed_snow_ice
15,91,148,-10.49019607843137,clean_glacier_ice
15,92,152,-10.098039215686274,clean_glacier_ice
15,93,140,-11.274509803921568,clean_glacier_ice
15,94,174,-7.9411764705882355,mixed_snow_ice
15,95,173,-8.03921568627451,mixed_snow_ice
15,96,210,-4.411764705882355,debris_rock
15,97,164,-8.92156862745098,clean_glacier_ice
15,98,183,-7.0588235294117645,mixed_snow_ice
15,99,190,-6.372549019607842,debris_rock
15,100,212,-4.215686274509803,debris_rock
15,101,216,-3.8235294117647065,debris_rock
15,102,202,-5.196078431372548,debris_rock
15,103,166,-8.725490196078432,mixed_snow_ice
15,104,174,-7.9411764705882355,mixed_snow_ice
15,105,181,-7.254901960784313,mixed_snow_ice
15,106,171,-8.235294117647062,mixed_snow_ice
15,107,171,-8.235294117647062,mixed_snow_ice
15,108,178,-7.549019607843139,mixed_snow_ice
15,109,184,-6.96078431372549,mixed_snow_ice
15,110,201,-5.2941176470588225,debris_rock
15,111,185,-6.862745098039216,mixed_snow_ice
15,112,164,-8.92156862745098,clean_glacier_ice
15,113,183,-7.0588235294117645,mixed_snow_ice
15,114,185,-6.862745098039216,mixed_snow_ice
15,115,168,-8.529411764705884,mixed_snow_ice
15,116,208,-4.607843137254903,debris_rock
15,117,170,-8.333333333333336,mixed_snow_ice
15,118,179,-7.450980392156865,mixed_snow_ice
15,119,166,-8.725490196078432,mixed_snow_ice
15,120,207,-4.7058823529411775,debris_rock
15,121,197,-5.686274509803919,debris_rock
15,122,202,-5.196078431372548,debris_rock
15,123,204,-5.0,debris_rock
15,124,202,-5.196078431372548,debris_rock
15,125,192,-6.1764705882352935,debris_rock
15,126,180,-7.352941176470587,mixed_snow_ice
15,127,196,-5.784313725490193,debris_rock
15,128,166,-8.725490196078432,mixed_snow_ice
15,129,166,-8.725490196078432,mixed_snow_ice
15,130,177,-7.647058823529413,mixed_snow_ice
15,131,176,-7.745098039215687,mixed_snow_ice
15,132,173,-8.03921568627451,mixed_snow_ice
15,133,226,-2.8431372549019613,debris_rock
15,134,175,-7.843137254901961,mixed_snow_ice
15,135,192,-6.1764705882352935,debris_rock
15,136,249,-0.5882352941176485,debris_rock
15,137,255,0.0,debris_rock
15,138,198,-5.588235294117645,debris_rock
15,139,203,-5.098039215686274,debris_rock
15,140,204,-5.0,debris_rock
15,141,174,-7.9411764705882355,mixed_snow_ice
15,142,163,-9.019607843137257,clean_glacier_ice
15,143,179,-7.450980392156865,mixed_snow_ice
15,144,161,-9.215686274509805,clean_glacier_ice
15,145,140,-11.274509803921568,clean_glacier_ice
15,146,129,-12.352941176470589,regular_glacier_ice
15,147,168,-8.529411764705884,mixed_snow_ice
15,148,190,-6.372549019607842,debris_rock
15,149,213,-4.117647058823529,debris_rock
15,150,178,-7.549019607843139,mixed_snow_ice
15,151,164,-8.92156862745098,clean_glacier_ice
15,152,153,-10.0,clean_glacier_ice
15,153,170,-8.333333333333336,mixed_snow_ice
15,154,196,-5.784313725490193,debris_rock
15,155,166,-8.725490196078432,mixed_snow_ice
15,156,183,-7.0588235294117645,mixed_snow_ice
15,157,186,-6.764705882352942,debris_rock
15,158,187,-6.666666666666668,debris_rock
15,159,112,-14.019607843137255,regular_glacier_ice
15,160,118,-13.431372549019608,regular_glacier_ice
15,161,148,-10.49019607843137,clean_glacier_ice
15,162,179,-7.450980392156865,mixed_snow_ice
15,163,228,-2.6470588235294095,debris_rock
15,164,182,-7.156862745098039,mixed_snow_ice
15,165,170,-8.333333333333336,mixed_snow_ice
15,166,218,-3.627450980392158,debris_rock
15,167,214,-4.019607843137255,debris_rock
15,168,163,-9.019607843137257,clean_glacier_ice
15,169,166,-8.725490196078432,mixed_snow_ice
15,170,204,-5.0,debris_rock
15,171,203,-5.098039215686274,debris_rock
15,172,187,-6.666666666666668,debris_rock
15,173,168,-8.529411764705884,mixed_snow_ice
15,174,132,-12.058823529411763,clean_glacier_ice
15,175,151,-10.196078431372548,clean_glacier_ice
15,176,176,-7.745098039215687,mixed_snow_ice
15,177,171,-8.235294117647062,mixed_snow_ice
15,178,162,-9.11764705882353,clean_glacier_ice
15,179,156,-9.705882352941176,clean_glacier_ice
15,180,180,-7.352941176470587,mixed_snow_ice
15,181,177,-7.647058823529413,mixed_snow_ice
15,187,150,-10.294117647058822,clean_glacier_ice
15,188,151,-10.196078431372548,clean_glacier_ice
15,189,144,-10.882352941176471,clean_glacier_ice
15,190,159,-9.411764705882353,clean_glacier_ice
15,191,163,-9.019607843137257,clean_glacier_ice
15,192,171,-8.235294117647062,mixed_snow_ice
15,193,190,-6.372549019607842,debris_rock
15,194,224,-3.0392156862745097,debris_rock
15,195,188,-6.56862745098039,debris_rock
15,196,148,-10.49019607843137,clean_glacier_ice
15,197,149,-10.392156862745097,clean_glacier_ice
15,198,173,-8.03921568627451,mixed_snow_ice
15,199,107,-14.509803921568627,regular_glacier_ice
15,203,157,-9.607843137254902,clean_glacier_ice
15,204,111,-14.117647058823529,regular_glacier_ice
15,205,86,-16.568627450980394,deep_glacier_ice
15,206,113,-13.92156862745098,regular_glacier_ice
15,207,132,-12.058823529411763,clean_glacier_ice
15,208,241,-1.3725490196078454,debris_rock
15,209,223,-3.137254901960784,debris_rock
15,210,165,-8.823529411764707,clean_glacier_ice
15,211,170,-8.333333333333336,mixed_snow_ice
15,212,197,-5.686274509803919,debris_rock
15,213,214,-4.019607843137255,debris_rock
15,214,158,-9.509803921568627,clean_glacier_ice
15,215,144,-10.882352941176471,clean_glacier_ice
15,216,116,-13.627450980392156,regular_glacier_ice
15,221,179,-7.450980392156865,mixed_snow_ice
15,222,180,-7.352941176470587,mixed_snow_ice
16,0,212,-4.215686274509803,debris_rock
16,1,190,-6.372549019607842,debris_rock
16,2,184,-6.96078431372549,mixed_snow_ice
16,3,158,-9.509803921568627,clean_glacier_ice
16,4,188,-6.56862745098039,debris_rock
16,5,175,-7.843137254901961,mixed_snow_ice
16,6,175,-7.843137254901961,mixed_snow_ice
16,7,134,-11.862745098039214,clean_glacier_ice
16,8,144,-10.882352941176471,clean_glacier_ice
16,9,191,-6.274509803921568,debris_rock
16,10,227,-2.745098039215687,debris_rock
16,11,199,-5.490196078431371,debris_rock
16,12,204,-5.0,debris_rock
16,13,170,-8.333333333333336,mixed_snow_ice
16,14,168,-8.529411764705884,mixed_snow_ice
16,15,207,-4.7058823529411775,debris_rock
16,16,188,-6.56862745098039,debris_rock
16,17,123,-12.941176470588236,regular_glacier_ice
16,18,185,-6.862745098039216,mixed_snow_ice
16,19,255,0.0,debris_rock
16,20,130,-12.254901960784315,clean_glacier_ice
16,21,134,-11.862745098039214,clean_glacier_ice
16,22,123,-12.941176470588236,regular_glacier_ice
16,23,139,-11.372549019607844,clean_glacier_ice
16,24,175,-7.843137254901961,mixed_snow_ice
16,25,161,-9.215686274509805,clean_glacier_ice
16,26,135,-11.76470588235294,clean_glacier_ice
16,27,97,-15.490196078431373,regular_glacier_ice
16,28,143,-10.980392156862745,clean_glacier_ice
16,29,175,-7.843137254901961,mixed_snow_ice
16,30,142,-11.07843137254902,clean_glacier_ice
16,31,140,-11.274509803921568,clean_glacier_ice
16,32,182,-7.156862745098039,mixed_snow_ice
16,33,115,-13.72549019607843,regular_glacier_ice
16,34,106,-14.607843137254902,regular_glacier_ice
16,35,131,-12.15686274509804,clean_glacier_ice
16,36,228,-2.6470588235294095,debris_rock
16,37,176,-7.745098039215687,mixed_snow_ice
16,38,220,-3.4313725490196063,debris_rock
16,39,197,-5.686274509803919,debris_rock
16,40,184,-6.96078431372549,mixed_snow_ice
16,41,190,-6.372549019607842,debris_rock
16,42,199,-5.490196078431371,debris_rock
16,43,201,-5.2941176470588225,debris_rock
16,44,191,-6.274509803921568,debris_rock
16,45,220,-3.4313725490196063,debris_rock
16,46,207,-4.7058823529411775,debris_rock
16,47,167,-8.627450980392158,mixed_snow_ice
16,48,162,-9.11764705882353,clean_glacier_ice
16,49,191,-6.274509803921568,debris_rock
16,50,195,-5.882352941176471,debris_rock
16,51,181,-7.254901960784313,mixed_snow_ice
16,52,212,-4.215686274509803,debris_rock
16,53,208,-4.607843137254903,debris_rock
16,54,161,-9.215686274509805,clean_glacier_ice
16,55,195,-5.882352941176471,debris_rock
16,56,184,-6.96078431372549,mixed_snow_ice
16,57,202,-5.196078431372548,debris_rock
16,58,206,-4.803921568627452,debris_rock
16,59,164,-8.92156862745098,clean_glacier_ice
16,60,167,-8.627450980392158,mixed_snow_ice
16,61,178,-7.549019607843139,mixed_snow_ice
16,62,203,-5.098039215686274,debris_rock
16,63,213,-4.117647058823529,debris_rock
16,64,193,-6.078431372549019,debris_rock
16,65,176,-7.745098039215687,mixed_snow_ice
16,66,206,-4.803921568627452,debris_rock
16,67,203,-5.098039215686274,debris_rock
16,68,173,-8.03921568627451,mixed_snow_ice
16,69,183,-7.0588235294117645,mixed_snow_ice
16,70,173,-8.03921568627451,mixed_snow_ice
16,71,173,-8.03921568627451,mixed_snow_ice
16,72,188,-6.56862745098039,debris_rock
16,73,186,-6.764705882352942,debris_rock
16,74,179,-7.450980392156865,mixed_snow_ice
16,75,197,-5.686274509803919,debris_rock
16,76,236,-1.8627450980392162,debris_rock
16,77,170,-8.333333333333336,mixed_snow_ice
16,78,214,-4.019607843137255,debris_rock
16,79,202,-5.196078431372548,debris_rock
16,80,166,-8.725490196078432,mixed_snow_ice
16,81,137,-11.568627450980392,clean_glacier_ice
16,82,115,-13.72549019607843,regular_glacier_ice
16,83,173,-8.03921568627451,mixed_snow_ice
16,84,186,-6.764705882352942,debris_rock
16,85,197,-5.686274509803919,debris_rock
16,86,205,-4.901960784313726,debris_rock
16,87,211,-4.313725490196081,debris_rock
16,88,209,-4.509803921568629,debris_rock
16,89,219,-3.529411764705884,debris_rock
16,90,248,-0.6862745098039227,debris_rock
16,91,255,0.0,debris_rock
16,92,255,0.0,debris_rock
16,93,230,-2.450980392156861,debris_rock
16,94,179,-7.450980392156865,mixed_snow_ice
16,95,166,-8.725490196078432,mixed_snow_ice
16,96,188,-6.56862745098039,debris_rock
16,97,158,-9.509803921568627,clean_glacier_ice
16,98,187,-6.666666666666668,debris_rock
16,99,195,-5.882352941176471,debris_rock
16,100,140,-11.274509803921568,clean_glacier_ice
16,101,169,-8.43137254901961,mixed_snow_ice
16,102,195,-5.882352941176471,debris_rock
16,103,160,-9.313725490196079,clean_glacier_ice
16,104,189,-6.470588235294116,debris_rock
16,105,173,-8.03921568627451,mixed_snow_ice
16,106,189,-6.470588235294116,debris_rock
16,107,160,-9.313725490196079,clean_glacier_ice
16,108,186,-6.764705882352942,debris_rock
16,109,240,-1.4705882352941195,debris_rock
16,110,169,-8.43137254901961,mixed_snow_ice
16,111,148,-10.49019607843137,clean_glacier_ice
16,112,166,-8.725490196078432,mixed_snow_ice
16,113,179,-7.450980392156865,mixed_snow_ice
16,114,183,-7.0588235294117645,mixed_snow_ice
16,115,165,-8.823529411764707,clean_glacier_ice
16,116,134,-11.862745098039214,clean_glacier_ice
16,117,166,-8.725490196078432,mixed_snow_ice
16,118,180,-7.352941176470587,mixed_snow_ice
16,119,157,-9.607843137254902,clean_glacier_ice
16,120,170,-8.333333333333336,mixed_snow_ice
16,121,157,-9.607843137254902,clean_glacier_ice
16,122,171,-8.235294117647062,mixed_snow_ice
16,123,203,-5.098039215686274,debris_rock
16,124,106,-14.607843137254902,regular_glacier_ice
16,129,84,-16.764705882352942,deep_glacier_ice
16,130,147,-10.588235294117649,clean_glacier_ice
16,131,150,-10.294117647058822,clean_glacier_ice
16,132,191,-6.274509803921568,debris_rock
16,133,198,-5.588235294117645,debris_rock
16,134,175,-7.843137254901961,mixed_snow_ice
16,137,216,-3.8235294117647065,debris_rock
16,138,166,-8.725490196078432,mixed_snow_ice
16,139,144,-10.882352941176471,clean_glacier_ice
16,140,218,-3.627450980392158,debris_rock
16,141,98,-15.392156862745097,regular_glacier_ice
16,142,106,-14.607843137254902,regular_glacier_ice
16,145,170,-8.333333333333336,mixed_snow_ice
16,146,177,-7.647058823529413,mixed_snow_ice
16,147,128,-12.450980392156863,regular_glacier_ice
16,148,119,-13.333333333333334,regular_glacier_ice
16,149,138,-11.470588235294118,clean_glacier_ice
16,150,212,-4.215686274509803,debris_rock
16,151,239,-1.5686274509803937,debris_rock
16,152,112,-14.019607843137255,regular_glacier_ice
16,153,142,-11.07843137254902,clean_glacier_ice
16,154,240,-1.4705882352941195,debris_rock
16,155,156,-9.705882352941176,clean_glacier_ice
16,156,113,-13.92156862745098,regular_glacier_ice
16,157,96,-15.588235294117647,regular_glacier_ice
16,158,81,-17.058823529411764,deep_glacier_ice
16,163,132,-12.058823529411763,clean_glacier_ice
16,164,163,-9.019607843137257,clean_glacier_ice
16,165,214,-4.019607843137255,debris_rock
16,166,196,-5.784313725490193,debris_rock
16,167,169,-8.43137254901961,mixed_snow_ice
16,168,190,-6.372549019607842,debris_rock
16,169,185,-6.862745098039216,mixed_snow_ice
16,170,211,-4.313725490196081,debris_rock
16,171,165,-8.823529411764707,clean_glacier_ice
16,172,174,-7.9411764705882355,mixed_snow_ice
16,173,148,-10.49019607843137,clean_glacier_ice
16,174,148,-10.49019607843137,clean_glacier_ice
16,175,196,-5.784313725490193,debris_rock
16,176,198,-5.588235294117645,debris_rock
16,177,177,-7.647058823529413,mixed_snow_ice
16,178,172,-8.137254901960784,mixed_snow_ice
16,179,200,-5.392156862745097,debris_rock
16,180,195,-5.882352941176471,debris_rock
16,181,155,-9.803921568627452,clean_glacier_ice
16,182,119,-13.333333333333334,regular_glacier_ice
16,183,162,-9.11764705882353,clean_glacier_ice
16,184,226,-2.8431372549019613,debris_rock
16,185,210,-4.411764705882355,debris_rock
16,186,141,-11.176470588235293,clean_glacier_ice
16,187,110,-14.215686274509803,regular_glacier_ice
16,188,138,-11.470588235294118,clean_glacier_ice
16,189,134,-11.862745098039214,clean_glacier_ice
16,190,132,-12.058823529411763,clean_glacier_ice
16,191,177,-7.647058823529413,mixed_snow_ice
16,192,174,-7.9411764705882355,mixed_snow_ice
16,193,185,-6.862745098039216,mixed_snow_ice
16,194,172,-8.137254901960784,mixed_snow_ice
16,195,92,-15.980392156862745,regular_glacier_ice
16,196,68,-18.333333333333332,deep_glacier_ice
16,197,83,-16.862745098039216,deep_glacier_ice
16,198,46,-20.490196078431374,deep_glacier_ice
16,199,91,-16.07843137254902,regular_glacier_ice
16,200,149,-10.392156862745097,clean_glacier_ice
16,201,255,0.0,debris_rock
16,202,183,-7.0588235294117645,mixed_snow_ice
16,203,210,-4.411764705882355,debris_rock
16,204,197,-5.686274509803919,debris_rock
16,205,186,-6.764705882352942,debris_rock
16,206,207,-4.7058823529411775,debris_rock
16,207,203,-5.098039215686274,debris_rock
16,208,210,-4.411764705882355,debris_rock
16,209,204,-5.0,debris_rock
16,210,209,-4.509803921568629,debris_rock
16,211,207,-4.7058823529411775,debris_rock
16,212,193,-6.078431372549019,debris_rock
16,213,194,-5.980392156862745,debris_rock
16,214,163,-9.019607843137257,clean_glacier_ice
16,215,169,-8.43137254901961,mixed_snow_ice
16,216,182,-7.156862745098039,mixed_snow_ice
16,217,201,-5.2941176470588225,debris_rock
16,218,189,-6.470588235294116,debris_rock
16,219,196,-5.784313725490193,debris_rock
16,220,204,-5.0,debris_rock
16,221,189,-6.470588235294116,debris_rock
16,222,180,-7.352941176470587,mixed_snow_ice
17,0,199,-5.490196078431371,debris_rock
17,1,188,-6.56862745098039,debris_rock
17,2,178,-7.549019607843139,mixed_snow_ice
17,3,195,-5.882352941176471,debris_rock
17,4,165,-8.823529411764707,clean_glacier_ice
17,5,220,-3.4313725490196063,debris_rock
17,6,168,-8.529411764705884,mixed_snow_ice
17,7,158,-9.509803921568627,clean_glacier_ice
17,8,190,-6.372549019607842,debris_rock
17,9,174,-7.9411764705882355,mixed_snow_ice
17,10,177,-7.647058823529413,mixed_snow_ice
17,11,169,-8.43137254901961,mixed_snow_ice
17,12,160,-9.313725490196079,clean_glacier_ice
17,13,163,-9.019607843137257,clean_glacier_ice
17,14,187,-6.666666666666668,debris_rock
17,15,203,-5.098039215686274,debris_rock
17,16,178,-7.549019607843139,mixed_snow_ice
17,17,189,-6.470588235294116,debris_rock
17,18,217,-3.7254901960784323,debris_rock
17,19,222,-3.235294117647058,debris_rock
17,20,198,-5.588235294117645,debris_rock
17,21,181,-7.254901960784313,mixed_snow_ice
17,22,117,-13.529411764705882,regular_glacier_ice
17,23,180,-7.352941176470587,mixed_snow_ice
17,24,152,-10.098039215686274,clean_glacier_ice
17,25,142,-11.07843137254902,clean_glacier_ice
17,26,183,-7.0588235294117645,mixed_snow_ice
17,27,162,-9.11764705882353,clean_glacier_ice
17,28,169,-8.43137254901961,mixed_snow_ice
17,29,171,-8.235294117647062,mixed_snow_ice
17,30,168,-8.529411764705884,mixed_snow_ice
17,31,151,-10.196078431372548,clean_glacier_ice
17,32,154,-9.901960784313726,clean_glacier_ice
17,33,156,-9.705882352941176,clean_glacier_ice
17,34,213,-4.117647058823529,debris_rock
17,35,221,-3.333333333333332,debris_rock
17,36,180,-7.352941176470587,mixed_snow_ice
17,37,184,-6.96078431372549,mixed_snow_ice
17,38,213,-4.117647058823529,debris_rock
17,39,204,-5.0,debris_rock
17,40,181,-7.254901960784313,mixed_snow_ice
17,41,177,-7.647058823529413,mixed_snow_ice
17,42,178,-7.549019607843139,mixed_snow_ice
17,43,168,-8.529411764705884,mixed_snow_ice
17,44,206,-4.803921568627452,debris_rock
17,45,208,-4.607843137254903,debris_rock
17,46,179,-7.450980392156865,mixed_snow_ice
17,47,197,-5.686274509803919,debris_rock
17,48,156,-9.705882352941176,clean_glacier_ice
17,49,177,-7.647058823529413,mixed_snow_ice
17,50,192,-6.1764705882352935,debris_rock
17,51,202,-5.196078431372548,debris_rock
17,52,212,-4.215686274509803,debris_rock
17,53,178,-7.549019607843139,mixed_snow_ice
17,54,186,-6.764705882352942,debris_rock
17,55,177,-7.647058823529413,mixed_snow_ice
17,56,167,-8.627450980392158,mixed_snow_ice
17,57,173,-8.03921568627451,mixed_snow_ice
17,58,174,-7.9411764705882355,mixed_snow_ice
17,59,168,-8.529411764705884,mixed_snow_ice
17,60,181,-7.254901960784313,mixed_snow_ice
17,61,155,-9.803921568627452,clean_glacier_ice
17,62,151,-10.196078431372548,clean_glacier_ice
17,63,171,-8.235294117647062,mixed_snow_ice
17,64,173,-8.03921568627451,mixed_snow_ice
17,65,167,-8.627450980392158,mixed_snow_ice
17,66,132,-12.058823529411763,clean_glacier_ice
17,68,243,-1.176470588235297,debris_rock
17,69,148,-10.49019607843137,clean_glacier_ice
17,70,166,-8.725490196078432,mixed_snow_ice
17,71,99,-15.294117647058822,regular_glacier_ice
17,72,152,-10.098039215686274,clean_glacier_ice
17,73,140,-11.274509803921568,clean_glacier_ice
17,74,181,-7.254901960784313,mixed_snow_ice
17,75,199,-5.490196078431371,debris_rock
17,76,221,-3.333333333333332,debris_rock
17,79,157,-9.607843137254902,clean_glacier_ice
17,80,171,-8.235294117647062,mixed_snow_ice
17,81,143,-10.980392156862745,clean_glacier_ice
17,82,246,-0.882352941176471,debris_rock
17,83,175,-7.843137254901961,mixed_snow_ice
17,84,131,-12.15686274509804,clean_glacier_ice
17,85,190,-6.372549019607842,debris_rock
17,86,196,-5.784313725490193,debris_rock
17,87,178,-7.549019607843139,mixed_snow_ice
17,88,165,-8.823529411764707,clean_glacier_ice
17,89,170,-8.333333333333336,mixed_snow_ice
17,90,140,-11.274509803921568,clean_glacier_ice
17,91,102,-15.0,regular_glacier_ice
17,92,148,-10.49019607843137,clean_glacier_ice
17,93,236,-1.8627450980392162,debris_rock
17,94,154,-9.901960784313726,clean_glacier_ice
17,95,187,-6.666666666666668,debris_rock
17,96,224,-3.0392156862745097,debris_rock
17,97,145,-10.784313725490197,clean_glacier_ice
17,98,82,-16.96078431372549,deep_glacier_ice
17,99,101,-15.098039215686274,regular_glacier_ice
17,100,88,-16.372549019607845,regular_glacier_ice
17,105,131,-12.15686274509804,clean_glacier_ice
17,106,116,-13.627450980392156,regular_glacier_ice
17,107,228,-2.6470588235294095,debris_rock
17,108,191,-6.274509803921568,debris_rock
17,109,148,-10.49019607843137,clean_glacier_ice
17,110,197,-5.686274509803919,debris_rock
17,111,230,-2.450980392156861,debris_rock
17,112,191,-6.274509803921568,debris_rock
17,113,178,-7.549019607843139,mixed_snow_ice
17,114,188,-6.56862745098039,debris_rock
17,115,137,-11.568627450980392,clean_glacier_ice
17,116,184,-6.96078431372549,mixed_snow_ice
17,117,154,-9.901960784313726,clean_glacier_ice
17,118,150,-10.294117647058822,clean_glacier_ice
17,119,184,-6.96078431372549,mixed_snow_ice
17,120,148,-10.49019607843137,clean_glacier_ice
17,121,203,-5.098039215686274,debris_rock
17,122,183,-7.0588235294117645,mixed_snow_ice
17,123,163,-9.019607843137257,clean_glacier_ice
17,124,140,-11.274509803921568,clean_glacier_ice
17,125,158,-9.509803921568627,clean_glacier_ice
17,126,209,-4.509803921568629,debris_rock
17,127,236,-1.8627450980392162,debris_rock
17,128,184,-6.96078431372549,mixed_snow_ice
17,129,116,-13.627450980392156,regular_glacier_ice
17,130,98,-15.392156862745097,regular_glacier_ice
17,131,133,-11.960784313725489,clean_glacier_ice
17,132,185,-6.862745098039216,mixed_snow_ice
17,133,179,-7.450980392156865,mixed_snow_ice
17,134,168,-8.529411764705884,mixed_snow_ice
17,135,177,-7.647058823529413,mixed_snow_ice
17,136,143,-10.980392156862745,clean_glacier_ice
17,137,122,-13.03921568627451,regular_glacier_ice
17,138,122,-13.03921568627451,regular_glacier_ice
17,139,93,-15.882352941176471,regular_glacier_ice
17,140,41,-20.980392156862745,very_deep_glacier_ice
17,141,68,-18.333333333333332,deep_glacier_ice
17,142,152,-10.098039215686274,clean_glacier_ice
17,143,227,-2.745098039215687,debris_rock
17,144,255,0.0,debris_rock
17,145,197,-5.686274509803919,debris_rock
17,146,186,-6.764705882352942,debris_rock
17,147,185,-6.862745098039216,mixed_snow_ice
17,148,213,-4.117647058823529,debris_rock
17,149,194,-5.980392156862745,debris_rock
17,150,201,-5.2941176470588225,debris_rock
17,151,162,-9.11764705882353,clean_glacier_ice
17,152,152,-10.098039215686274,clean_glacier_ice
17,153,211,-4.313725490196081,debris_rock
17,154,199,-5.490196078431371,debris_rock
17,155,189,-6.470588235294116,debris_rock
17,156,172,-8.137254901960784,mixed_snow_ice
17,157,172,-8.137254901960784,mixed_snow_ice
17,158,192,-6.1764705882352935,debris_rock
17,159,184,-6.96078431372549,mixed_snow_ice
17,160,165,-8.823529411764707,clean_glacier_ice
17,161,182,-7.156862745098039,mixed_snow_ice
17,162,199,-5.490196078431371,debris_rock
17,163,197,-5.686274509803919,debris_rock
17,164,222,-3.235294117647058,debris_rock
17,165,174,-7.9411764705882355,mixed_snow_ice
17,166,181,-7.254901960784313,mixed_snow_ice
17,167,190,-6.372549019607842,debris_rock
17,168,182,-7.156862745098039,mixed_snow_ice
17,169,153,-10.0,clean_glacier_ice
17,170,182,-7.156862745098039,mixed_snow_ice
17,171,184,-6.96078431372549,mixed_snow_ice
17,172,193,-6.078431372549019,debris_rock
17,173,229,-2.5490196078431353,debris_rock
17,174,204,-5.0,debris_rock
17,175,181,-7.254901960784313,mixed_snow_ice
17,176,161,-9.215686274509805,clean_glacier_ice
17,177,193,-6.078431372549019,debris_rock
17,178,158,-9.509803921568627,clean_glacier_ice
17,179,165,-8.823529411764707,clean_glacier_ice
17,180,171,-8.235294117647062,mixed_snow_ice
17,181,181,-7.254901960784313,mixed_snow_ice
17,182,179,-7.450980392156865,mixed_snow_ice
17,183,139,-11.372549019607844,clean_glacier_ice
17,184,246,-0.882352941176471,debris_rock
17,185,236,-1.8627450980392162,debris_rock
17,186,172,-8.137254901960784,mixed_snow_ice
17,187,160,-9.313725490196079,clean_glacier_ice
17,188,211,-4.313725490196081,debris_rock
17,189,169,-8.43137254901961,mixed_snow_ice
17,190,145,-10.784313725490197,clean_glacier_ice
17,191,148,-10.49019607843137,clean_glacier_ice
17,192,181,-7.254901960784313,mixed_snow_ice
17,193,219,-3.529411764705884,debris_rock
17,194,195,-5.882352941176471,debris_rock
17,195,184,-6.96078431372549,mixed_snow_ice
17,196,195,-5.882352941176471,debris_rock
17,197,189,-6.470588235294116,debris_rock
17,198,123,-12.941176470588236,regular_glacier_ice
17,199,180,-7.352941176470587,mixed_snow_ice
17,200,170,-8.333333333333336,mixed_snow_ice
17,201,154,-9.901960784313726,clean_glacier_ice
17,202,175,-7.843137254901961,mixed_snow_ice
17,203,169,-8.43137254901961,mixed_snow_ice
17,204,195,-5.882352941176471,debris_rock
17,205,205,-4.901960784313726,debris_rock
17,206,231,-2.352941176470587,debris_rock
17,207,163,-9.019607843137257,clean_glacier_ice
17,208,148,-10.49019607843137,clean_glacier_ice
17,209,178,-7.549019607843139,mixed_snow_ice
17,210,188,-6.56862745098039,debris_rock
17,211,162,-9.11764705882353,clean_glacier_ice
17,212,179,-7.450980392156865,mixed_snow_ice
17,213,169,-8.43137254901961,mixed_snow_ice
17,214,156,-9.705882352941176,clean_glacier_ice
17,215,188,-6.56862745098039,debris_rock
17,216,189,-6.470588235294116,debris_rock
17,217,248,-0.6862745098039227,debris_rock
17,218,191,-6.274509803921568,debris_rock
17,219,188,-6.56862745098039,debris_rock
17,220,184,-6.96078431372549,mixed_snow_ice
17,221,189,-6.470588235294116,debris_rock
17,222,184,-6.96078431372549,mixed_snow_ice
18,0,162,-9.11764705882353,clean_glacier_ice
18,1,165,-8.823529411764707,clean_glacier_ice
18,2,150,-10.294117647058822,clean_glacier_ice
18,3,158,-9.509803921568627,clean_glacier_ice
18,4,140,-11.274509803921568,clean_glacier_ice
18,5,154,-9.901960784313726,clean_glacier_ice
18,6,141,-11.176470588235293,clean_glacier_ice
18,7,170,-8.333333333333336,mixed_snow_ice
18,8,153,-10.0,clean_glacier_ice
18,9,215,-3.9215686274509807,debris_rock
18,10,188,-6.56862745098039,debris_rock
18,11,123,-12.941176470588236,regular_glacier_ice
18,12,119,-13.333333333333334,regular_glacier_ice
18,13,91,-16.07843137254902,regular_glacier_ice
18,14,94,-15.784313725490195,regular_glacier_ice
18,15,115,-13.72549019607843,regular_glacier_ice
18,16,187,-6.666666666666668,debris_rock
18,17,206,-4.803921568627452,debris_rock
18,19,208,-4.607843137254903,debris_rock
18,21,190,-6.372549019607842,debris_rock
18,22,210,-4.411764705882355,debris_rock
18,23,175,-7.843137254901961,mixed_snow_ice
18,24,255,0.0,debris_rock
18,25,157,-9.607843137254902,clean_glacier_ice
18,26,187,-6.666666666666668,debris_rock
18,27,188,-6.56862745098039,debris_rock
18,28,159,-9.411764705882353,clean_glacier_ice
18,29,173,-8.03921568627451,mixed_snow_ice
18,30,161,-9.215686274509805,clean_glacier_ice
18,31,121,-13.137254901960786,regular_glacier_ice
18,32,82,-16.96078431372549,deep_glacier_ice
18,33,112,-14.019607843137255,regular_glacier_ice
18,34,105,-14.705882352941178,regular_glacier_ice
18,35,228,-2.6470588235294095,debris_rock
18,36,148,-10.49019607843137,clean_glacier_ice
18,37,192,-6.1764705882352935,debris_rock
18,38,226,-2.8431372549019613,debris_rock
18,39,158,-9.509803921568627,clean_glacier_ice
18,40,80,-17.15686274509804,deep_glacier_ice
18,41,113,-13.92156862745098,regular_glacier_ice
18,42,124,-12.843137254901961,regular_glacier_ice
18,43,133,-11.960784313725489,clean_glacier_ice
18,47,108,-14.411764705882353,regular_glacier_ice
18,48,114,-13.823529411764705,regular_glacier_ice
18,49,188,-6.56862745098039,debris_rock
18,50,213,-4.117647058823529,debris_rock
18,51,168,-8.529411764705884,mixed_snow_ice
18,52,181,-7.254901960784313,mixed_snow_ice
18,53,203,-5.098039215686274,debris_rock
18,54,205,-4.901960784313726,debris_rock
18,55,160,-9.313725490196079,clean_glacier_ice
18,56,182,-7.156862745098039,mixed_snow_ice
18,57,152,-10.098039215686274,clean_glacier_ice
18,58,167,-8.627450980392158,mixed_snow_ice
18,59,152,-10.098039215686274,clean_glacier_ice
18,60,135,-11.76470588235294,clean_glacier_ice
18,61,164,-8.92156862745098,clean_glacier_ice
18,62,129,-12.352941176470589,regular_glacier_ice
18,63,176,-7.745098039215687,mixed_snow_ice
18,64,194,-5.980392156862745,debris_rock
18,65,199,-5.490196078431371,debris_rock
18,66,154,-9.901960784313726,clean_glacier_ice
18,67,206,-4.803921568627452,debris_rock
18,68,255,0.0,debris_rock
18,69,162,-9.11764705882353,clean_glacier_ice
18,70,125,-12.745098039215687,regular_glacier_ice
18,71,121,-13.137254901960786,regular_glacier_ice
18,72,118,-13.431372549019608,regular_glacier_ice
18,73,151,-10.196078431372548,clean_glacier_ice
18,74,193,-6.078431372549019,debris_rock
18,75,182,-7.156862745098039,mixed_snow_ice
18,76,185,-6.862745098039216,mixed_snow_ice
18,77,202,-5.196078431372548,debris_rock
18,78,149,-10.392156862745097,clean_glacier_ice
18,79,103,-14.901960784313726,regular_glacier_ice
18,80,103,-14.901960784313726,regular_glacier_ice
18,81,105,-14.705882352941178,regular_glacier_ice
18,82,117,-13.529411764705882,regular_glacier_ice
18,83,121,-13.137254901960786,regular_glacier_ice
18,84,132,-12.058823529411763,clean_glacier_ice
18,85,185,-6.862745098039216,mixed_snow_ice
18,86,255,0.0,debris_rock
18,87,213,-4.117647058823529,debris_rock
18,88,186,-6.764705882352942,debris_rock
18,89,180,-7.352941176470587,mixed_snow_ice
18,90,196,-5.784313725490193,debris_rock
18,91,209,-4.509803921568629,debris_rock
18,92,201,-5.2941176470588225,debris_rock
18,93,178,-7.549019607843139,mixed_snow_ice
18,94,159,-9.411764705882353,clean_glacier_ice
18,95,178,-7.549019607843139,mixed_snow_ice
18,96,214,-4.019607843137255,debris_rock
18,97,161,-9.215686274509805,clean_glacier_ice
18,98,175,-7.843137254901961,mixed_snow_ice
18,99,182,-7.156862745098039,mixed_snow_ice
18,100,191,-6.274509803921568,debris_rock
18,101,178,-7.549019607843139,mixed_snow_ice
18,102,185,-6.862745098039216,mixed_snow_ice
18,103,212,-4.215686274509803,debris_rock
18,104,186,-6.764705882352942,debris_rock
18,105,182,-7.156862745098039,mixed_snow_ice
18,106,214,-4.019607843137255,debris_rock
18,107,182,-7.156862745098039,mixed_snow_ice
18,108,174,-7.9411764705882355,mixed_snow_ice
18,109,173,-8.03921568627451,mixed_snow_ice
18,110,171,-8.235294117647062,mixed_snow_ice
18,111,168,-8.529411764705884,mixed_snow_ice
18,112,183,-7.0588235294117645,mixed_snow_ice
18,113,192,-6.1764705882352935,debris_rock
18,114,200,-5.392156862745097,debris_rock
18,115,209,-4.509803921568629,debris_rock
18,116,170,-8.333333333333336,mixed_snow_ice
18,117,166,-8.725490196078432,mixed_snow_ice
18,118,165,-8.823529411764707,clean_glacier_ice
18,119,170,-8.333333333333336,mixed_snow_ice
18,120,166,-8.725490196078432,mixed_snow_ice
18,121,180,-7.352941176470587,mixed_snow_ice
18,122,161,-9.215686274509805,clean_glacier_ice
18,123,199,-5.490196078431371,debris_rock
18,124,185,-6.862745098039216,mixed_snow_ice
18,125,141,-11.176470588235293,clean_glacier_ice
18,126,170,-8.333333333333336,mixed_snow_ice
18,127,228,-2.6470588235294095,debris_rock
18,128,155,-9.803921568627452,clean_glacier_ice
18,129,205,-4.901960784313726,debris_rock
18,130,213,-4.117647058823529,debris_rock
18,131,225,-2.9411764705882355,debris_rock
18,132,234,-2.0588235294117645,debris_rock
18,133,144,-10.882352941176471,clean_glacier_ice
18,134,192,-6.1764705882352935,debris_rock
18,135,179,-7.450980392156865,mixed_snow_ice
18,136,183,-7.0588235294117645,mixed_snow_ice
18,137,203,-5.098039215686274,debris_rock
18,138,198,-5.588235294117645,debris_rock
18,139,171,-8.235294117647062,mixed_snow_ice
18,140,122,-13.03921568627451,regular_glacier_ice
18,141,88,-16.372549019607845,regular_glacier_ice
18,142,86,-16.568627450980394,deep_glacier_ice
18,143,178,-7.549019607843139,mixed_snow_ice
18,144,190,-6.372549019607842,debris_rock
18,145,188,-6.56862745098039,debris_rock
18,146,158,-9.509803921568627,clean_glacier_ice
18,147,168,-8.529411764705884,mixed_snow_ice
18,148,237,-1.764705882352942,debris_rock
18,149,185,-6.862745098039216,mixed_snow_ice
18,150,138,-11.470588235294118,clean_glacier_ice
18,151,157,-9.607843137254902,clean_glacier_ice
18,152,168,-8.529411764705884,mixed_snow_ice
18,153,146,-10.686274509803923,clean_glacier_ice
18,154,159,-9.411764705882353,clean_glacier_ice
18,155,227,-2.745098039215687,debris_rock
18,156,172,-8.137254901960784,mixed_snow_ice
18,157,174,-7.9411764705882355,mixed_snow_ice
18,158,233,-2.1568627450980387,debris_rock
18,159,253,-0.19607843137254832,debris_rock
18,160,183,-7.0588235294117645,mixed_snow_ice
18,161,200,-5.392156862745097,debris_rock
18,162,186,-6.764705882352942,debris_rock
18,163,213,-4.117647058823529,debris_rock
18,164,181,-7.254901960784313,mixed_snow_ice
18,165,159,-9.411764705882353,clean_glacier_ice
18,166,171,-8.235294117647062,mixed_snow_ice
18,167,160,-9.313725490196079,clean_glacier_ice
18,168,157,-9.607843137254902,clean_glacier_ice
18,169,146,-10.686274509803923,clean_glacier_ice
18,170,167,-8.627450980392158,mixed_snow_ice
18,171,194,-5.980392156862745,debris_rock
18,172,194,-5.980392156862745,debris_rock
18,173,167,-8.627450980392158,mixed_snow_ice
18,174,147,-10.588235294117649,clean_glacier_ice
18,175,169,-8.43137254901961,mixed_snow_ice
18,176,140,-11.274509803921568,clean_glacier_ice
18,177,92,-15.980392156862745,regular_glacier_ice
18,178,94,-15.784313725490195,regular_glacier_ice
18,179,142,-11.07843137254902,clean_glacier_ice
18,180,126,-12.647058823529411,regular_glacier_ice
18,181,209,-4.509803921568629,debris_rock
18,182,255,0.0,debris_rock
18,184,201,-5.2941176470588225,debris_rock
18,185,243,-1.176470588235297,debris_rock
18,186,190,-6.372549019607842,debris_rock
18,187,191,-6.274509803921568,debris_rock
18,188,187,-6.666666666666668,debris_rock
18,189,193,-6.078431372549019,debris_rock
18,190,169,-8.43137254901961,mixed_snow_ice
18,192,152,-10.098039215686274,clean_glacier_ice
18,193,162,-9.11764705882353,clean_glacier_ice
18,194,169,-8.43137254901961,mixed_snow_ice
18,195,149,-10.392156862745097,clean_glacier_ice
18,196,171,-8.235294117647062,mixed_snow_ice
18,197,110,-14.215686274509803,regular_glacier_ice
18,198,95,-15.686274509803921,regular_glacier_ice
18,199,92,-15.980392156862745,regular_glacier_ice
18,200,236,-1.8627450980392162,debris_rock
18,201,154,-9.901960784313726,clean_glacier_ice
18,202,196,-5.784313725490193,debris_rock
18,203,189,-6.470588235294116,debris_rock
18,204,139,-11.372549019607844,clean_glacier_ice
18,205,89,-16.274509803921568,regular_glacier_ice
18,206,101,-15.098039215686274,regular_glacier_ice
18,207,140,-11.274509803921568,clean_glacier_ice
18,208,187,-6.666666666666668,debris_rock
18,212,169,-8.43137254901961,mixed_snow_ice
18,213,124,-12.843137254901961,regular_glacier_ice
18,214,177,-7.647058823529413,mixed_snow_ice
18,215,255,0.0,debris_rock
18,216,179,-7.450980392156865,mixed_snow_ice
18,217,196,-5.784313725490193,debris_rock
18,218,194,-5.980392156862745,debris_rock
18,219,173,-8.03921568627451,mixed_snow_ice
18,220,177,-7.647058823529413,mixed_snow_ice
18,221,151,-10.196078431372548,clean_glacier_ice
18,222,109,-14.313725490196079,regular_glacier_ice
19,0,127,-12.549019607843137,regular_glacier_ice
19,1,115,-13.72549019607843,regular_glacier_ice
19,2,132,-12.058823529411763,clean_glacier_ice
19,3,196,-5.784313725490193,debris_rock
19,4,172,-8.137254901960784,mixed_snow_ice
19,7,230,-2.450980392156861,debris_rock
19,8,184,-6.96078431372549,mixed_snow_ice
19,9,232,-2.254901960784313,debris_rock
19,10,239,-1.5686274509803937,debris_rock
19,11,145,-10.784313725490197,clean_glacier_ice
19,12,137,-11.568627450980392,clean_glacier_ice
19,13,131,-12.15686274509804,clean_glacier_ice
19,14,141,-11.176470588235293,clean_glacier_ice
19,15,180,-7.352941176470587,mixed_snow_ice
19,16,183,-7.0588235294117645,mixed_snow_ice
19,17,168,-8.529411764705884,mixed_snow_ice
19,18,193,-6.078431372549019,debris_rock
19,19,176,-7.745098039215687,mixed_snow_ice
19,20,161,-9.215686274509805,clean_glacier_ice
19,21,163,-9.019607843137257,clean_glacier_ice
19,22,158,-9.509803921568627,clean_glacier_ice
19,23,113,-13.92156862745098,regular_glacier_ice
19,24,124,-12.843137254901961,regular_glacier_ice
19,25,92,-15.980392156862745,regular_glacier_ice
19,26,81,-17.058823529411764,deep_glacier_ice
19,27,98,-15.392156862745097,regular_glacier_ice
19,28,237,-1.764705882352942,debris_rock
19,29,246,-0.882352941176471,debris_rock
19,30,218,-3.627450980392158,debris_rock
19,31,199,-5.490196078431371,debris_rock
19,32,209,-4.509803921568629,debris_rock
19,33,187,-6.666666666666668,debris_rock
19,34,195,-5.882352941176471,debris_rock
19,35,201,-5.2941176470588225,debris_rock
19,36,206,-4.803921568627452,debris_rock
19,37,159,-9.411764705882353,clean_glacier_ice
19,38,210,-4.411764705882355,debris_rock
19,39,174,-7.9411764705882355,mixed_snow_ice
19,40,203,-5.098039215686274,debris_rock
19,41,189,-6.470588235294116,debris_rock
19,42,194,-5.980392156862745,debris_rock
19,43,167,-8.627450980392158,mixed_snow_ice
19,44,199,-5.490196078431371,debris_rock
19,45,174,-7.9411764705882355,mixed_snow_ice
19,46,197,-5.686274509803919,debris_rock
19,47,184,-6.96078431372549,mixed_snow_ice
19,48,204,-5.0,debris_rock
19,49,207,-4.7058823529411775,debris_rock
19,50,164,-8.92156862745098,clean_glacier_ice
19,51,214,-4.019607843137255,debris_rock
19,52,184,-6.96078431372549,mixed_snow_ice
19,53,184,-6.96078431372549,mixed_snow_ice
19,54,203,-5.098039215686274,debris_rock
19,55,186,-6.764705882352942,debris_rock
19,56,181,-7.254901960784313,mixed_snow_ice
19,57,190,-6.372549019607842,debris_rock
19,58,161,-9.215686274509805,clean_glacier_ice
19,59,185,-6.862745098039216,mixed_snow_ice
19,60,189,-6.470588235294116,debris_rock
19,61,189,-6.470588235294116,debris_rock
19,62,205,-4.901960784313726,debris_rock
19,63,195,-5.882352941176471,debris_rock
19,64,183,-7.0588235294117645,mixed_snow_ice
19,65,206,-4.803921568627452,debris_rock
19,66,177,-7.647058823529413,mixed_snow_ice
19,67,170,-8.333333333333336,mixed_snow_ice
19,68,161,-9.215686274509805,clean_glacier_ice
19,69,176,-7.745098039215687,mixed_snow_ice
19,70,191,-6.274509803921568,debris_rock
19,71,184,-6.96078431372549,mixed_snow_ice
19,72,164,-8.92156862745098,clean_glacier_ice
19,73,180,-7.352941176470587,mixed_snow_ice
19,74,240,-1.4705882352941195,debris_rock
19,75,187,-6.666666666666668,debris_rock
19,76,194,-5.980392156862745,debris_rock
19,77,195,-5.882352941176471,debris_rock
19,78,218,-3.627450980392158,debris_rock
19,79,198,-5.588235294117645,debris_rock
19,80,202,-5.196078431372548,debris_rock
19,81,193,-6.078431372549019,debris_rock
19,82,166,-8.725490196078432,mixed_snow_ice
19,83,137,-11.568627450980392,clean_glacier_ice
19,84,143,-10.980392156862745,clean_glacier_ice
19,85,161,-9.215686274509805,clean_glacier_ice
19,86,178,-7.549019607843139,mixed_snow_ice
19,87,175,-7.843137254901961,mixed_snow_ice
19,88,136,-11.666666666666666,clean_glacier_ice
19,89,154,-9.901960784313726,clean_glacier_ice
19,90,206,-4.803921568627452,debris_rock
19,91,164,-8.92156862745098,clean_glacier_ice
19,92,142,-11.07843137254902,clean_glacier_ice
19,93,122,-13.03921568627451,regular_glacier_ice
19,94,91,-16.07843137254902,regular_glacier_ice
19,95,128,-12.450980392156863,regular_glacier_ice
19,96,182,-7.156862745098039,mixed_snow_ice
19,97,246,-0.882352941176471,debris_rock
19,98,183,-7.0588235294117645,mixed_snow_ice
19,99,183,-7.0588235294117645,mixed_snow_ice
19,100,192,-6.1764705882352935,debris_rock
19,101,227,-2.745098039215687,debris_rock
19,102,193,-6.078431372549019,debris_rock
19,103,205,-4.901960784313726,debris_rock
19,104,185,-6.862745098039216,mixed_snow_ice
19,105,200,-5.392156862745097,debris_rock
19,106,164,-8.92156862745098,clean_glacier_ice
19,107,158,-9.509803921568627,clean_glacier_ice
19,108,149,-10.392156862745097,clean_glacier_ice
19,109,167,-8.627450980392158,mixed_snow_ice
19,110,161,-9.215686274509805,clean_glacier_ice
19,111,174,-7.9411764705882355,mixed_snow_ice
19,112,152,-10.098039215686274,clean_glacier_ice
19,113,192,-6.1764705882352935,debris_rock
19,114,151,-10.196078431372548,clean_glacier_ice
19,115,182,-7.156862745098039,mixed_snow_ice
19,116,154,-9.901960784313726,clean_glacier_ice
19,117,157,-9.607843137254902,clean_glacier_ice
19,118,167,-8.627450980392158,mixed_snow_ice
19,119,134,-11.862745098039214,clean_glacier_ice
19,120,122,-13.03921568627451,regular_glacier_ice
19,121,127,-12.549019607843137,regular_glacier_ice
19,125,243,-1.176470588235297,debris_rock
19,126,193,-6.078431372549019,debris_rock
19,127,190,-6.372549019607842,debris_rock
19,128,156,-9.705882352941176,clean_glacier_ice
19,129,167,-8.627450980392158,mixed_snow_ice
19,130,213,-4.117647058823529,debris_rock
19,131,177,-7.647058823529413,mixed_snow_ice
19,132,164,-8.92156862745098,clean_glacier_ice
19,133,178,-7.549019607843139,mixed_snow_ice
19,134,162,-9.11764705882353,clean_glacier_ice
19,135,205,-4.901960784313726,debris_rock
19,136,167,-8.627450980392158,mixed_snow_ice
19,137,149,-10.392156862745097,clean_glacier_ice
19,138,150,-10.294117647058822,clean_glacier_ice
19,139,134,-11.862745098039214,clean_glacier_ice
19,140,150,-10.294117647058822,clean_glacier_ice
19,141,156,-9.705882352941176,clean_glacier_ice
19,142,202,-5.196078431372548,debris_rock
19,143,210,-4.411764705882355,debris_rock
19,144,141,-11.176470588235293,clean_glacier_ice
19,145,152,-10.098039215686274,clean_glacier_ice
19,146,117,-13.529411764705882,regular_glacier_ice
19,147,105,-14.705882352941178,regular_glacier_ice
19,148,120,-13.23529411764706,regular_glacier_ice
19,149,210,-4.411764705882355,debris_rock
19,150,218,-3.627450980392158,debris_rock
19,151,158,-9.509803921568627,clean_glacier_ice
19,152,101,-15.098039215686274,regular_glacier_ice
19,153,184,-6.96078431372549,mixed_snow_ice
19,154,182,-7.156862745098039,mixed_snow_ice
19,155,214,-4.019607843137255,debris_rock
19,156,181,-7.254901960784313,mixed_snow_ice
19,157,195,-5.882352941176471,debris_rock
19,158,203,-5.098039215686274,debris_rock
19,159,179,-7.450980392156865,mixed_snow_ice
19,160,184,-6.96078431372549,mixed_snow_ice
19,161,191,-6.274509803921568,debris_rock
19,162,108,-14.411764705882353,regular_glacier_ice
19,163,88,-16.372549019607845,regular_glacier_ice
19,164,109,-14.313725490196079,regular_glacier_ice
19,165,142,-11.07843137254902,clean_glacier_ice
19,166,134,-11.862745098039214,clean_glacier_ice
19,167,181,-7.254901960784313,mixed_snow_ice
19,169,146,-10.686274509803923,clean_glacier_ice
19,170,208,-4.607843137254903,debris_rock
19,171,225,-2.9411764705882355,debris_rock
19,174,240,-1.4705882352941195,debris_rock
19,175,244,-1.0784313725490193,debris_rock
19,176,190,-6.372549019607842,debris_rock
19,177,150,-10.294117647058822,clean_glacier_ice
19,178,135,-11.76470588235294,clean_glacier_ice
19,179,189,-6.470588235294116,debris_rock
19,180,189,-6.470588235294116,debris_rock
19,181,147,-10.588235294117649,clean_glacier_ice
19,182,131,-12.15686274509804,clean_glacier_ice
19,183,168,-8.529411764705884,mixed_snow_ice
19,184,204,-5.0,debris_rock
19,185,211,-4.313725490196081,debris_rock
19,186,183,-7.0588235294117645,mixed_snow_ice
19,187,185,-6.862745098039216,mixed_snow_ice
19,188,190,-6.372549019607842,debris_rock
19,189,189,-6.470588235294116,debris_rock
19,190,170,-8.333333333333336,mixed_snow_ice
19,191,154,-9.901960784313726,clean_glacier_ice
19,192,144,-10.882352941176471,clean_glacier_ice
19,193,220,-3.4313725490196063,debris_rock
19,194,255,0.0,debris_rock
19,195,218,-3.627450980392158,debris_rock
19,196,206,-4.803921568627452,debris_rock
19,197,184,-6.96078431372549,mixed_snow_ice
19,198,198,-5.588235294117645,debris_rock
19,199,210,-4.411764705882355,debris_rock
19,200,194,-5.980392156862745,debris_rock
19,201,189,-6.470588235294116,debris_rock
19,202,163,-9.019607843137257,clean_glacier_ice
19,203,177,-7.647058823529413,mixed_snow_ice
19,204,207,-4.7058823529411775,debris_rock
19,205,187,-6.666666666666668,debris_rock
19,206,191,-6.274509803921568,debris_rock
19,207,186,-6.764705882352942,debris_rock
19,208,198,-5.588235294117645,debris_rock
19,209,192,-6.1764705882352935,debris_rock
19,210,183,-7.0588235294117645,mixed_snow_ice
19,211,200,-5.392156862745097,debris_rock
19,212,185,-6.862745098039216,mixed_snow_ice
19,213,185,-6.862745098039216,mixed_snow_ice
19,214,189,-6.470588235294116,debris_rock
19,215,182,-7.156862745098039,mixed_snow_ice
19,216,195,-5.882352941176471,debris_rock
19,217,180,-7.352941176470587,mixed_snow_ice
19,218,212,-4.215686274509803,debris_rock
19,219,206,-4.803921568627452,debris_rock
19,220,197,-5.686274509803919,debris_rock
19,221,220,-3.4313725490196063,debris_rock
19,222,175,-7.843137254901961,mixed_snow_ice
20,0,173,-8.03921568627451,mixed_snow_ice
20,1,168,-8.529411764705884,mixed_snow_ice
20,2,214,-4.019607843137255,debris_rock
20,3,198,-5.588235294117645,debris_rock
20,4,203,-5.098039215686274,debris_rock
20,5,225,-2.9411764705882355,debris_rock
20,6,193,-6.078431372549019,debris_rock
20,7,191,-6.274509803921568,debris_rock
20,8,189,-6.470588235294116,debris_rock
20,9,159,-9.411764705882353,clean_glacier_ice
20,10,176,-7.745098039215687,mixed_snow_ice
20,11,192,-6.1764705882352935,debris_rock
20,12,163,-9.019607843137257,clean_glacier_ice
20,13,194,-5.980392156862745,debris_rock
20,14,132,-12.058823529411763,clean_glacier_ice
20,15,174,-7.9411764705882355,mixed_snow_ice
20,16,204,-5.0,debris_rock
20,17,224,-3.0392156862745097,debris_rock
20,18,182,-7.156862745098039,mixed_snow_ice
20,19,250,-0.49019607843137436,debris_rock
20,20,255,0.0,debris_rock
20,21,219,-3.529411764705884,debris_rock
20,22,175,-7.843137254901961,mixed_snow_ice
20,23,196,-5.784313725490193,debris_rock
20,24,204,-5.0,debris_rock
20,25,192,-6.1764705882352935,debris_rock
20,26,205,-4.901960784313726,debris_rock
20,27,200,-5.392156862745097,debris_rock
20,28,201,-5.2941176470588225,debris_rock
20,29,201,-5.2941176470588225,debris_rock
20,30,175,-7.843137254901961,mixed_snow_ice
20,31,203,-5.098039215686274,debris_rock
20,32,176,-7.745098039215687,mixed_snow_ice
20,33,194,-5.980392156862745,debris_rock
20,34,125,-12.745098039215687,regular_glacier_ice
20,35,173,-8.03921568627451,mixed_snow_ice
20,36,130,-12.254901960784315,clean_glacier_ice
20,37,152,-10.098039215686274,clean_glacier_ice
20,38,154,-9.901960784313726,clean_glacier_ice
20,39,208,-4.607843137254903,debris_rock
20,40,198,-5.588235294117645,debris_rock
20,41,159,-9.411764705882353,clean_glacier_ice
20,42,150,-10.294117647058822,clean_glacier_ice
20,43,217,-3.7254901960784323,debris_rock
20,44,228,-2.6470588235294095,debris_rock
20,45,207,-4.7058823529411775,debris_rock
20,46,195,-5.882352941176471,debris_rock
20,47,207,-4.7058823529411775,debris_rock
20,48,168,-8.529411764705884,mixed_snow_ice
20,49,157,-9.607843137254902,clean_glacier_ice
20,50,163,-9.019607843137257,clean_glacier_ice
20,51,149,-10.392156862745097,clean_glacier_ice
20,52,154,-9.901960784313726,clean_glacier_ice
20,53,176,-7.745098039215687,mixed_snow_ice
20,54,155,-9.803921568627452,clean_glacier_ice
20,55,177,-7.647058823529413,mixed_snow_ice
20,56,146,-10.686274509803923,clean_glacier_ice
20,57,192,-6.1764705882352935,debris_rock
20,58,174,-7.9411764705882355,mixed_snow_ice
20,59,158,-9.509803921568627,clean_glacier_ice
20,60,193,-6.078431372549019,debris_rock
20,61,189,-6.470588235294116,debris_rock
20,62,172,-8.137254901960784,mixed_snow_ice
20,63,124,-12.843137254901961,regular_glacier_ice
20,67,195,-5.882352941176471,debris_rock
20,68,183,-7.0588235294117645,mixed_snow_ice
20,69,181,-7.254901960784313,mixed_snow_ice
20,70,182,-7.156862745098039,mixed_snow_ice
20,71,167,-8.627450980392158,mixed_snow_ice
20,72,156,-9.705882352941176,clean_glacier_ice
20,73,149,-10.392156862745097,clean_glacier_ice
20,74,168,-8.529411764705884,mixed_snow_ice
20,75,123,-12.941176470588236,regular_glacier_ice
20,76,155,-9.803921568627452,clean_glacier_ice
20,77,164,-8.92156862745098,clean_glacier_ice
20,78,156,-9.705882352941176,clean_glacier_ice
20,79,159,-9.411764705882353,clean_glacier_ice
20,80,133,-11.960784313725489,clean_glacier_ice
20,81,147,-10.588235294117649,clean_glacier_ice
20,82,155,-9.803921568627452,clean_glacier_ice
20,83,175,-7.843137254901961,mixed_snow_ice
20,84,202,-5.196078431372548,debris_rock
20,85,199,-5.490196078431371,debris_rock
20,86,170,-8.333333333333336,mixed_snow_ice
20,87,121,-13.137254901960786,regular_glacier_ice
20,88,134,-11.862745098039214,clean_glacier_ice
20,89,158,-9.509803921568627,clean_glacier_ice
20,90,144,-10.882352941176471,clean_glacier_ice
20,91,249,-0.5882352941176485,debris_rock
20,92,174,-7.9411764705882355,mixed_snow_ice
20,93,148,-10.49019607843137,clean_glacier_ice
20,94,100,-15.196078431372548,regular_glacier_ice
20,95,137,-11.568627450980392,clean_glacier_ice
20,96,149,-10.392156862745097,clean_glacier_ice
20,97,217,-3.7254901960784323,debris_rock
20,98,165,-8.823529411764707,clean_glacier_ice
20,99,156,-9.705882352941176,clean_glacier_ice
20,100,202,-5.196078431372548,debris_rock
20,101,163,-9.019607843137257,clean_glacier_ice
20,102,189,-6.470588235294116,debris_rock
20,103,159,-9.411764705882353,clean_glacier_ice
20,104,105,-14.705882352941178,regular_glacier_ice
20,105,80,-17.15686274509804,deep_glacier_ice
20,109,204,-5.0,debris_rock
20,110,200,-5.392156862745097,debris_rock
20,111,134,-11.862745098039214,clean_glacier_ice
20,112,191,-6.274509803921568,debris_rock
20,113,186,-6.764705882352942,debris_rock
20,114,255,0.0,debris_rock
20,115,255,0.0,debris_rock
20,116,203,-5.098039215686274,debris_rock
20,117,182,-7.156862745098039,mixed_snow_ice
20,118,197,-5.686274509803919,debris_rock
20,119,213,-4.117647058823529,debris_rock
20,120,198,-5.588235294117645,debris_rock
20,121,168,-8.529411764705884,mixed_snow_ice
20,122,171,-8.235294117647062,mixed_snow_ice
20,123,190,-6.372549019607842,debris_rock
20,124,173,-8.03921568627451,mixed_snow_ice
20,125,173,-8.03921568627451,mixed_snow_ice
20,126,165,-8.823529411764707,clean_glacier_ice
20,127,141,-11.176470588235293,clean_glacier_ice
20,128,140,-11.274509803921568,clean_glacier_ice
20,129,139,-11.372549019607844,clean_glacier_ice
20,130,142,-11.07843137254902,clean_glacier_ice
20,131,166,-8.725490196078432,mixed_snow_ice
20,132,167,-8.627450980392158,mixed_snow_ice
20,133,144,-10.882352941176471,clean_glacier_ice
20,134,177,-7.647058823529413,mixed_snow_ice
20,135,184,-6.96078431372549,mixed_snow_ice
20,136,194,-5.980392156862745,debris_rock
20,137,211,-4.313725490196081,debris_rock
20,138,202,-5.196078431372548,debris_rock
20,139,197,-5.686274509803919,debris_rock
20,140,192,-6.1764705882352935,debris_rock
20,141,181,-7.254901960784313,mixed_snow_ice
20,142,155,-9.803921568627452,clean_glacier_ice
20,143,188,-6.56862745098039,debris_rock
20,144,205,-4.901960784313726,debris_rock
20,145,170,-8.333333333333336,mixed_snow_ice
20,146,162,-9.11764705882353,clean_glacier_ice
20,147,183,-7.0588235294117645,mixed_snow_ice
20,148,195,-5.882352941176471,debris_rock
20,149,194,-5.980392156862745,debris_rock
20,150,211,-4.313725490196081,debris_rock
20,151,200,-5.392156862745097,debris_rock
20,152,178,-7.549019607843139,mixed_snow_ice
20,153,145,-10.784313725490197,clean_glacier_ice
20,154,208,-4.607843137254903,debris_rock
20,155,173,-8.03921568627451,mixed_snow_ice
20,156,167,-8.627450980392158,mixed_snow_ice
20,157,181,-7.254901960784313,mixed_snow_ice
20,158,182,-7.156862745098039,mixed_snow_ice
20,159,169,-8.43137254901961,mixed_snow_ice
20,160,201,-5.2941176470588225,debris_rock
20,161,202,-5.196078431372548,debris_rock
20,162,168,-8.529411764705884,mixed_snow_ice
20,163,209,-4.509803921568629,debris_rock
20,164,207,-4.7058823529411775,debris_rock
20,165,210,-4.411764705882355,debris_rock
20,166,203,-5.098039215686274,debris_rock
20,167,187,-6.666666666666668,debris_rock
20,168,188,-6.56862745098039,debris_rock
20,169,204,-5.0,debris_rock
20,170,171,-8.235294117647062,mixed_snow_ice
20,171,198,-5.588235294117645,debris_rock
20,172,158,-9.509803921568627,clean_glacier_ice
20,173,172,-8.137254901960784,mixed_snow_ice
20,174,192,-6.1764705882352935,debris_rock
20,175,194,-5.980392156862745,debris_rock
20,176,157,-9.607843137254902,clean_glacier_ice
20,177,179,-7.450980392156865,mixed_snow_ice
20,178,184,-6.96078431372549,mixed_snow_ice
20,179,159,-9.411764705882353,clean_glacier_ice
20,180,185,-6.862745098039216,mixed_snow_ice
20,181,208,-4.607843137254903,debris_rock
20,182,210,-4.411764705882355,debris_rock
20,183,191,-6.274509803921568,debris_rock
20,184,211,-4.313725490196081,debris_rock
20,185,166,-8.725490196078432,mixed_snow_ice
20,186,167,-8.627450980392158,mixed_snow_ice
20,187,162,-9.11764705882353,clean_glacier_ice
20,188,132,-12.058823529411763,clean_glacier_ice
20,189,111,-14.117647058823529,regular_glacier_ice
20,190,141,-11.176470588235293,clean_glacier_ice
20,191,148,-10.49019607843137,clean_glacier_ice
20,192,155,-9.803921568627452,clean_glacier_ice
20,193,86,-16.568627450980394,deep_glacier_ice
20,194,182,-7.156862745098039,mixed_snow_ice
20,195,217,-3.7254901960784323,debris_rock
20,196,213,-4.117647058823529,debris_rock
20,197,188,-6.56862745098039,debris_rock
20,198,181,-7.254901960784313,mixed_snow_ice
20,199,139,-11.372549019607844,clean_glacier_ice
20,200,173,-8.03921568627451,mixed_snow_ice
20,201,144,-10.882352941176471,clean_glacier_ice
20,202,114,-13.823529411764705,regular_glacier_ice
20,203,196,-5.784313725490193,debris_rock
20,204,189,-6.470588235294116,debris_rock
20,205,165,-8.823529411764707,clean_glacier_ice
20,206,163,-9.019607843137257,clean_glacier_ice
20,207,140,-11.274509803921568,clean_glacier_ice
20,208,192,-6.1764705882352935,debris_rock
20,209,237,-1.764705882352942,debris_rock
20,210,255,0.0,debris_rock
20,211,189,-6.470588235294116,debris_rock
20,212,180,-7.352941176470587,mixed_snow_ice
20,213,146,-10.686274509803923,clean_glacier_ice
20,214,154,-9.901960784313726,clean_glacier_ice
20,215,157,-9.607843137254902,clean_glacier_ice
20,216,164,-8.92156862745098,clean_glacier_ice
20,217,170,-8.333333333333336,mixed_snow_ice
20,218,169,-8.43137254901961,mixed_snow_ice
20,219,188,-6.56862745098039,debris_rock
20,220,154,-9.901960784313726,clean_glacier_ice
20,221,159,-9.411764705882353,clean_glacier_ice
20,222,179,-7.450980392156865,mixed_snow_ice
21,0,164,-8.92156862745098,clean_glacier_ice
21,1,197,-5.686274509803919,debris_rock
21,2,177,-7.647058823529413,mixed_snow_ice
21,3,181,-7.254901960784313,mixed_snow_ice
21,4,180,-7.352941176470587,mixed_snow_ice
21,5,143,-10.980392156862745,clean_glacier_ice
21,9,213,-4.117647058823529,debris_rock
21,10,155,-9.803921568627452,clean_glacier_ice
21,11,182,-7.156862745098039,mixed_snow_ice
21,12,169,-8.43137254901961,mixed_snow_ice
21,13,180,-7.352941176470587,mixed_snow_ice
21,14,174,-7.9411764705882355,mixed_snow_ice
21,15,130,-12.254901960784315,clean_glacier_ice
21,16,114,-13.823529411764705,regular_glacier_ice
21,17,194,-5.980392156862745,debris_rock
21,18,149,-10.392156862745097,clean_glacier_ice
21,19,147,-10.588235294117649,clean_glacier_ice
21,20,146,-10.686274509803923,clean_glacier_ice
21,21,165,-8.823529411764707,clean_glacier_ice
21,22,124,-12.843137254901961,regular_glacier_ice
21,23,168,-8.529411764705884,mixed_snow_ice
21,24,129,-12.352941176470589,regular_glacier_ice
21,25,129,-12.352941176470589,regular_glacier_ice
21,26,216,-3.8235294117647065,debris_rock
21,27,175,-7.843137254901961,mixed_snow_ice
21,28,129,-12.352941176470589,regular_glacier_ice
21,29,145,-10.784313725490197,clean_glacier_ice
21,30,134,-11.862745098039214,clean_glacier_ice
21,31,165,-8.823529411764707,clean_glacier_ice
21,32,164,-8.92156862745098,clean_glacier_ice
21,33,204,-5.0,debris_rock
21,34,179,-7.450980392156865,mixed_snow_ice
21,35,158,-9.509803921568627,clean_glacier_ice
21,36,107,-14.509803921568627,regular_glacier_ice
21,37,113,-13.92156862745098,regular_glacier_ice
21,38,199,-5.490196078431371,debris_rock
21,39,225,-2.9411764705882355,debris_rock
21,40,156,-9.705882352941176,clean_glacier_ice
21,41,167,-8.627450980392158,mixed_snow_ice
21,42,184,-6.96078431372549,mixed_snow_ice
21,43,147,-10.588235294117649,clean_glacier_ice
21,44,144,-10.882352941176471,clean_glacier_ice
21,45,138,-11.470588235294118,clean_glacier_ice
21,46,120,-13.23529411764706,regular_glacier_ice
21,47,75,-17.647058823529413,deep_glacier_ice
21,51,203,-5.098039215686274,debris_rock
21,52,173,-8.03921568627451,mixed_snow_ice
21,53,201,-5.2941176470588225,debris_rock
21,54,176,-7.745098039215687,mixed_snow_ice
21,55,200,-5.392156862745097,debris_rock
21,56,237,-1.764705882352942,debris_rock
21,57,254,-0.09803921568627416,debris_rock
21,58,180,-7.352941176470587,mixed_snow_ice
21,59,188,-6.56862745098039,debris_rock
21,60,198,-5.588235294117645,debris_rock
21,61,235,-1.9607843137254903,debris_rock
21,62,211,-4.313725490196081,debris_rock
21,63,209,-4.509803921568629,debris_rock
21,64,209,-4.509803921568629,debris_rock
21,65,150,-10.294117647058822,clean_glacier_ice
21,66,196,-5.784313725490193,debris_rock
21,67,184,-6.96078431372549,mixed_snow_ice
21,68,158,-9.509803921568627,clean_glacier_ice
21,69,137,-11.568627450980392,clean_glacier_ice
21,70,132,-12.058823529411763,clean_glacier_ice
21,71,119,-13.333333333333334,regular_glacier_ice
21,72,150,-10.294117647058822,clean_glacier_ice
21,73,130,-12.254901960784315,clean_glacier_ice
21,74,140,-11.274509803921568,clean_glacier_ice
21,75,146,-10.686274509803923,clean_glacier_ice
21,76,151,-10.196078431372548,clean_glacier_ice
21,77,146,-10.686274509803923,clean_glacier_ice
21,78,141,-11.176470588235293,clean_glacier_ice
21,79,236,-1.8627450980392162,debris_rock
21,80,250,-0.49019607843137436,debris_rock
21,81,201,-5.2941176470588225,debris_rock
21,82,187,-6.666666666666668,debris_rock
21,83,230,-2.450980392156861,debris_rock
21,84,216,-3.8235294117647065,debris_rock
21,85,187,-6.666666666666668,debris_rock
21,86,217,-3.7254901960784323,debris_rock
21,87,180,-7.352941176470587,mixed_snow_ice
21,88,191,-6.274509803921568,debris_rock
21,89,200,-5.392156862745097,debris_rock
21,90,169,-8.43137254901961,mixed_snow_ice
21,91,211,-4.313725490196081,debris_rock
21,92,213,-4.117647058823529,debris_rock
21,93,163,-9.019607843137257,clean_glacier_ice
21,94,187,-6.666666666666668,debris_rock
21,95,161,-9.215686274509805,clean_glacier_ice
21,96,202,-5.196078431372548,debris_rock
21,97,179,-7.450980392156865,mixed_snow_ice
21,98,206,-4.803921568627452,debris_rock
21,99,212,-4.215686274509803,debris_rock
21,100,160,-9.313725490196079,clean_glacier_ice
21,101,187,-6.666666666666668,debris_rock
21,102,191,-6.274509803921568,debris_rock
21,103,216,-3.8235294117647065,debris_rock
21,104,197,-5.686274509803919,debris_rock
21,105,215,-3.9215686274509807,debris_rock
21,106,196,-5.784313725490193,debris_rock
21,107,195,-5.882352941176471,debris_rock
21,108,201,-5.2941176470588225,debris_rock
21,109,156,-9.705882352941176,clean_glacier_ice
21,110,214,-4.019607843137255,debris_rock
21,111,195,-5.882352941176471,debris_rock
21,112,191,-6.274509803921568,debris_rock
21,113,199,-5.490196078431371,debris_rock
21,114,193,-6.078431372549019,debris_rock
21,115,226,-2.8431372549019613,debris_rock
21,116,197,-5.686274509803919,debris_rock
21,117,193,-6.078431372549019,debris_rock
21,118,170,-8.333333333333336,mixed_snow_ice
21,119,169,-8.43137254901961,mixed_snow_ice
21,120,193,-6.078431372549019,debris_rock
21,121,218,-3.627450980392158,debris_rock
21,122,185,-6.862745098039216,mixed_snow_ice
21,123,187,-6.666666666666668,debris_rock
21,124,222,-3.235294117647058,debris_rock
21,125,203,-5.098039215686274,debris_rock
21,126,193,-6.078431372549019,debris_rock
21,127,182,-7.156862745098039,mixed_snow_ice
21,128,170,-8.333333333333336,mixed_snow_ice
21,129,224,-3.0392156862745097,debris_rock
21,130,166,-8.725490196078432,mixed_snow_ice
21,131,177,-7.647058823529413,mixed_snow_ice
21,132,139,-11.372549019607844,clean_glacier_ice
21,133,113,-13.92156862745098,regular_glacier_ice
21,134,112,-14.019607843137255,regular_glacier_ice
21,135,107,-14.509803921568627,regular_glacier_ice
21,136,128,-12.450980392156863,regular_glacier_ice
21,137,205,-4.901960784313726,debris_rock
21,138,223,-3.137254901960784,debris_rock
21,139,181,-7.254901960784313,mixed_snow_ice
21,140,178,-7.549019607843139,mixed_snow_ice
21,141,165,-8.823529411764707,clean_glacier_ice
21,142,205,-4.901960784313726,debris_rock
21,143,126,-12.647058823529411,regular_glacier_ice
21,144,172,-8.137254901960784,mixed_snow_ice
21,145,181,-7.254901960784313,mixed_snow_ice
21,146,145,-10.784313725490197,clean_glacier_ice
21,147,186,-6.764705882352942,debris_rock
21,148,220,-3.4313725490196063,debris_rock
21,149,195,-5.882352941176471,debris_rock
21,150,192,-6.1764705882352935,debris_rock
21,151,228,-2.6470588235294095,debris_rock
21,152,202,-5.196078431372548,debris_rock
21,153,192,-6.1764705882352935,debris_rock
21,154,187,-6.666666666666668,debris_rock
21,155,177,-7.647058823529413,mixed_snow_ice
21,156,192,-6.1764705882352935,debris_rock
21,157,160,-9.313725490196079,clean_glacier_ice
21,158,184,-6.96078431372549,mixed_snow_ice
21,159,170,-8.333333333333336,mixed_snow_ice
21,160,176,-7.745098039215687,mixed_snow_ice
21,161,190,-6.372549019607842,debris_rock
21,162,165,-8.823529411764707,clean_glacier_ice
21,163,170,-8.333333333333336,mixed_snow_ice
21,164,165,-8.823529411764707,clean_glacier_ice
21,165,181,-7.254901960784313,mixed_snow_ice
21,166,188,-6.56862745098039,debris_rock
21,167,205,-4.901960784313726,debris_rock
21,168,171,-8.235294117647062,mixed_snow_ice
21,169,174,-7.9411764705882355,mixed_snow_ice
21,170,171,-8.235294117647062,mixed_snow_ice
21,171,162,-9.11764705882353,clean_glacier_ice
21,172,168,-8.529411764705884,mixed_snow_ice
21,173,173,-8.03921568627451,mixed_snow_ice
21,174,169,-8.43137254901961,mixed_snow_ice
21,175,144,-10.882352941176471,clean_glacier_ice
21,176,175,-7.843137254901961,mixed_snow_ice
21,177,124,-12.843137254901961,regular_glacier_ice
21,178,172,-8.137254901960784,mixed_snow_ice
21,179,170,-8.333333333333336,mixed_snow_ice
21,180,152,-10.098039215686274,clean_glacier_ice
21,181,134,-11.862745098039214,clean_glacier_ice
21,182,149,-10.392156862745097,clean_glacier_ice
21,183,183,-7.0588235294117645,mixed_snow_ice
21,184,185,-6.862745098039216,mixed_snow_ice
21,185,174,-7.9411764705882355,mixed_snow_ice
21,186,118,-13.431372549019608,regular_glacier_ice
21,187,147,-10.588235294117649,clean_glacier_ice
21,188,187,-6.666666666666668,debris_rock
21,189,121,-13.137254901960786,regular_glacier_ice
21,190,130,-12.254901960784315,clean_glacier_ice
21,191,184,-6.96078431372549,mixed_snow_ice
21,192,119,-13.333333333333334,regular_glacier_ice
21,193,102,-15.0,regular_glacier_ice
21,194,160,-9.313725490196079,clean_glacier_ice
21,195,141,-11.176470588235293,clean_glacier_ice
21,196,235,-1.9607843137254903,debris_rock
21,197,229,-2.5490196078431353,debris_rock
21,198,146,-10.686274509803923,clean_glacier_ice
21,199,151,-10.196078431372548,clean_glacier_ice
21,200,141,-11.176470588235293,clean_glacier_ice
21,201,142,-11.07843137254902,clean_glacier_ice
21,202,117,-13.529411764705882,regular_glacier_ice
21,203,234,-2.0588235294117645,debris_rock
21,204,167,-8.627450980392158,mixed_snow_ice
21,205,137,-11.568627450980392,clean_glacier_ice
21,206,172,-8.137254901960784,mixed_snow_ice
21,207,199,-5.490196078431371,debris_rock
21,208,167,-8.627450980392158,mixed_snow_ice
21,209,122,-13.03921568627451,regular_glacier_ice
21,210,157,-9.607843137254902,clean_glacier_ice
21,211,231,-2.352941176470587,debris_rock
21,212,70,-18.137254901960784,deep_glacier_ice
21,216,129,-12.352941176470589,regular_glacier_ice
21,217,236,-1.8627450980392162,debris_rock
21,218,228,-2.6470588235294095,debris_rock
21,219,167,-8.627450980392158,mixed_snow_ice
21,220,186,-6.764705882352942,debris_rock
21,221,168,-8.529411764705884,mixed_snow_ice
21,222,232,-2.254901960784313,debris_rock
22,0,164,-8.92156862745098,clean_glacier_ice
22,1,182,-7.156862745098039,mixed_snow_ice
22,2,160,-9.313725490196079,clean_glacier_ice
22,3,225,-2.9411764705882355,debris_rock
22,4,172,-8.137254901960784,mixed_snow_ice
22,5,184,-6.96078431372549,mixed_snow_ice
22,6,201,-5.2941176470588225,debris_rock
22,7,142,-11.07843137254902,clean_glacier_ice
22,8,205,-4.901960784313726,debris_rock
22,9,189,-6.470588235294116,debris_rock
22,10,209,-4.509803921568629,debris_rock
22,11,231,-2.352941176470587,debris_rock
22,12,215,-3.9215686274509807,debris_rock
22,13,185,-6.862745098039216,mixed_snow_ice
22,14,163,-9.019607843137257,clean_glacier_ice
22,15,140,-11.274509803921568,clean_glacier_ice
22,16,131,-12.15686274509804,clean_glacier_ice
22,17,104,-14.803921568627452,regular_glacier_ice
22,18,96,-15.588235294117647,regular_glacier_ice
22,19,109,-14.313725490196079,regular_glacier_ice
22,20,127,-12.549019607843137,regular_glacier_ice
22,21,231,-2.352941176470587,debris_rock
22,22,255,0.0,debris_rock
22,23,219,-3.529411764705884,debris_rock
22,24,193,-6.078431372549019,debris_rock
22,25,219,-3.529411764705884,debris_rock
22,26,207,-4.7058823529411775,debris_rock
22,27,214,-4.019607843137255,debris_rock
22,28,171,-8.235294117647062,mixed_snow_ice
22,29,217,-3.7254901960784323,debris_rock
22,30,183,-7.0588235294117645,mixed_snow_ice
22,31,212,-4.215686274509803,debris_rock
22,32,181,-7.254901960784313,mixed_snow_ice
22,33,191,-6.274509803921568,debris_rock
22,34,163,-9.019607843137257,clean_glacier_ice
22,35,185,-6.862745098039216,mixed_snow_ice
22,36,189,-6.470588235294116,debris_rock
22,37,174,-7.9411764705882355,mixed_snow_ice
22,38,188,-6.56862745098039,debris_rock
22,39,169,-8.43137254901961,mixed_snow_ice
22,40,200,-5.392156862745097,debris_rock
22,41,209,-4.509803921568629,debris_rock
22,42,208,-4.607843137254903,debris_rock
22,43,193,-6.078431372549019,debris_rock
22,44,241,-1.3725490196078454,debris_rock
22,45,234,-2.0588235294117645,debris_rock
22,46,187,-6.666666666666668,debris_rock
22,47,224,-3.0392156862745097,debris_rock
22,48,189,-6.470588235294116,debris_rock
22,49,190,-6.372549019607842,debris_rock
22,50,168,-8.529411764705884,mixed_snow_ice
22,51,152,-10.098039215686274,clean_glacier_ice
22,52,164,-8.92156862745098,clean_glacier_ice
22,53,194,-5.980392156862745,debris_rock
22,54,217,-3.7254901960784323,debris_rock
22,55,198,-5.588235294117645,debris_rock
22,56,226,-2.8431372549019613,debris_rock
22,57,204,-5.0,debris_rock
22,58,196,-5.784313725490193,debris_rock
22,59,203,-5.098039215686274,debris_rock
22,60,192,-6.1764705882352935,debris_rock
22,61,171,-8.235294117647062,mixed_snow_ice
22,62,184,-6.96078431372549,mixed_snow_ice
22,63,224,-3.0392156862745097,debris_rock
22,64,189,-6.470588235294116,debris_rock
22,65,194,-5.980392156862745,debris_rock
22,66,185,-6.862745098039216,mixed_snow_ice
22,67,233,-2.1568627450980387,debris_rock
22,68,243,-1.176470588235297,debris_rock
22,69,238,-1.6666666666666679,debris_rock
22,70,148,-10.49019607843137,clean_glacier_ice
22,71,148,-10.49019607843137,clean_glacier_ice
22,72,155,-9.803921568627452,clean_glacier_ice
22,73,187,-6.666666666666668,debris_rock
22,74,191,-6.274509803921568,debris_rock
22,75,162,-9.11764705882353,clean_glacier_ice
22,76,108,-14.411764705882353,regular_glacier_ice
22,77,134,-11.862745098039214,clean_glacier_ice
22,78,171,-8.235294117647062,mixed_snow_ice
22,79,205,-4.901960784313726,debris_rock
22,80,207,-4.7058823529411775,debris_rock
22,81,165,-8.823529411764707,clean_glacier_ice
22,82,181,-7.254901960784313,mixed_snow_ice
22,83,180,-7.352941176470587,mixed_snow_ice
22,84,177,-7.647058823529413,mixed_snow_ice
22,85,172,-8.137254901960784,mixed_snow_ice
22,86,181,-7.254901960784313,mixed_snow_ice
22,87,180,-7.352941176470587,mixed_snow_ice
22,88,167,-8.627450980392158,mixed_snow_ice
22,89,209,-4.509803921568629,debris_rock
22,90,204,-5.0,debris_rock
22,91,207,-4.7058823529411775,debris_rock
22,92,236,-1.8627450980392162,debris_rock
22,93,226,-2.8431372549019613,debris_rock
22,94,215,-3.9215686274509807,debris_rock
22,95,184,-6.96078431372549,mixed_snow_ice
22,96,174,-7.9411764705882355,mixed_snow_ice
22,97,192,-6.1764705882352935,debris_rock
22,98,185,-6.862745098039216,mixed_snow_ice
22,99,194,-5.980392156862745,debris_rock
22,100,181,-7.254901960784313,mixed_snow_ice
22,101,163,-9.019607843137257,clean_glacier_ice
22,102,166,-8.725490196078432,mixed_snow_ice
22,103,161,-9.215686274509805,clean_glacier_ice
22,104,165,-8.823529411764707,clean_glacier_ice
22,105,140,-11.274509803921568,clean_glacier_ice
22,106,167,-8.627450980392158,mixed_snow_ice
22,107,170,-8.333333333333336,mixed_snow_ice
22,108,173,-8.03921568627451,mixed_snow_ice
22,109,171,-8.235294117647062,mixed_snow_ice
22,110,152,-10.098039215686274,clean_glacier_ice
22,111,131,-12.15686274509804,clean_glacier_ice
22,112,136,-11.666666666666666,clean_glacier_ice
22,113,179,-7.450980392156865,mixed_snow_ice
22,114,158,-9.509803921568627,clean_glacier_ice
22,115,169,-8.43137254901961,mixed_snow_ice
22,116,150,-10.294117647058822,clean_glacier_ice
22,117,150,-10.294117647058822,clean_glacier_ice
22,118,174,-7.9411764705882355,mixed_snow_ice
22,119,145,-10.784313725490197,clean_glacier_ice
22,120,162,-9.11764705882353,clean_glacier_ice
22,121,139,-11.372549019607844,clean_glacier_ice
22,122,165,-8.823529411764707,clean_glacier_ice
22,123,129,-12.352941176470589,regular_glacier_ice
22,124,157,-9.607843137254902,clean_glacier_ice
22,125,171,-8.235294117647062,mixed_snow_ice
22,126,199,-5.490196078431371,debris_rock
22,127,166,-8.725490196078432,mixed_snow_ice
22,128,136,-11.666666666666666,clean_glacier_ice
22,129,151,-10.196078431372548,clean_glacier_ice
22,130,172,-8.137254901960784,mixed_snow_ice
22,131,171,-8.235294117647062,mixed_snow_ice
22,132,117,-13.529411764705882,regular_glacier_ice
22,133,134,-11.862745098039214,clean_glacier_ice
22,134,75,-17.647058823529413,deep_glacier_ice
22,135,159,-9.411764705882353,clean_glacier_ice
22,136,171,-8.235294117647062,mixed_snow_ice
22,137,154,-9.901960784313726,clean_glacier_ice
22,138,216,-3.8235294117647065,debris_rock
22,139,238,-1.6666666666666679,debris_rock
22,140,179,-7.450980392156865,mixed_snow_ice
22,141,95,-15.686274509803921,regular_glacier_ice
22,142,144,-10.882352941176471,clean_glacier_ice
22,143,144,-10.882352941176471,clean_glacier_ice
22,144,122,-13.03921568627451,regular_glacier_ice
22,145,165,-8.823529411764707,clean_glacier_ice
22,146,184,-6.96078431372549,mixed_snow_ice
22,147,174,-7.9411764705882355,mixed_snow_ice
22,148,151,-10.196078431372548,clean_glacier_ice
22,149,147,-10.588235294117649,clean_glacier_ice
22,150,157,-9.607843137254902,clean_glacier_ice
22,151,164,-8.92156862745098,clean_glacier_ice
22,154,98,-15.392156862745097,regular_glacier_ice
22,155,152,-10.098039215686274,clean_glacier_ice
22,157,118,-13.431372549019608,regular_glacier_ice
22,158,169,-8.43137254901961,mixed_snow_ice
22,159,255,0.0,debris_rock
22,160,204,-5.0,debris_rock
22,161,146,-10.686274509803923,clean_glacier_ice
22,162,158,-9.509803921568627,clean_glacier_ice
22,163,134,-11.862745098039214,clean_glacier_ice
22,164,203,-5.098039215686274,debris_rock
22,165,168,-8.529411764705884,mixed_snow_ice
22,166,173,-8.03921568627451,mixed_snow_ice
22,167,120,-13.23529411764706,regular_glacier_ice
22,168,221,-3.333333333333332,debris_rock
22,169,232,-2.254901960784313,debris_rock
22,170,170,-8.333333333333336,mixed_snow_ice
22,171,160,-9.313725490196079,clean_glacier_ice
22,172,148,-10.49019607843137,clean_glacier_ice
22,173,195,-5.882352941176471,debris_rock
22,174,221,-3.333333333333332,debris_rock
22,175,187,-6.666666666666668,debris_rock
22,176,255,0.0,debris_rock
22,177,236,-1.8627450980392162,debris_rock
22,178,157,-9.607843137254902,clean_glacier_ice
22,179,204,-5.0,debris_rock
22,180,250,-0.49019607843137436,debris_rock
22,181,188,-6.56862745098039,debris_rock
22,182,173,-8.03921568627451,mixed_snow_ice
22,183,189,-6.470588235294116,debris_rock
22,184,151,-10.196078431372548,clean_glacier_ice
22,185,149,-10.392156862745097,clean_glacier_ice
22,186,206,-4.803921568627452,debris_rock
22,187,255,0.0,debris_rock
22,188,255,0.0,debris_rock
22,189,194,-5.980392156862745,debris_rock
22,190,194,-5.980392156862745,debris_rock
22,191,205,-4.901960784313726,debris_rock
22,192,217,-3.7254901960784323,debris_rock
22,193,165,-8.823529411764707,clean_glacier_ice
22,194,186,-6.764705882352942,debris_rock
22,195,190,-6.372549019607842,debris_rock
22,196,188,-6.56862745098039,debris_rock
22,197,195,-5.882352941176471,debris_rock
22,198,199,-5.490196078431371,debris_rock
22,199,199,-5.490196078431371,debris_rock
22,200,198,-5.588235294117645,debris_rock
22,201,209,-4.509803921568629,debris_rock
22,202,193,-6.078431372549019,debris_rock
22,203,161,-9.215686274509805,clean_glacier_ice
22,204,216,-3.8235294117647065,debris_rock
22,205,189,-6.470588235294116,debris_rock
22,206,190,-6.372549019607842,debris_rock
22,207,220,-3.4313725490196063,debris_rock
22,208,210,-4.411764705882355,debris_rock
22,209,193,-6.078431372549019,debris_rock
22,210,205,-4.901960784313726,debris_rock
22,211,211,-4.313725490196081,debris_rock
22,212,211,-4.313725490196081,debris_rock
22,213,177,-7.647058823529413,mixed_snow_ice
22,214,215,-3.9215686274509807,debris_rock
22,215,170,-8.333333333333336,mixed_snow_ice
22,216,195,-5.882352941176471,debris_rock
22,217,155,-9.803921568627452,clean_glacier_ice
22,218,160,-9.313725490196079,clean_glacier_ice
22,219,185,-6.862745098039216,mixed_snow_ice
22,220,154,-9.901960784313726,clean_glacier_ice
22,221,213,-4.117647058823529,debris_rock
22,222,164,-8.92156862745098,clean_glacier_ice
23,0,197,-5.686274509803919,debris_rock
23,1,217,-3.7254901960784323,debris_rock
23,2,213,-4.117647058823529,debris_rock
23,3,144,-10.882352941176471,clean_glacier_ice
23,4,167,-8.627450980392158,mixed_snow_ice
23,5,177,-7.647058823529413,mixed_snow_ice
23,6,210,-4.411764705882355,debris_rock
23,7,169,-8.43137254901961,mixed_snow_ice
23,8,162,-9.11764705882353,clean_glacier_ice
23,9,220,-3.4313725490196063,debris_rock
23,10,237,-1.764705882352942,debris_rock
23,11,255,0.0,debris_rock
23,12,229,-2.5490196078431353,debris_rock
23,13,153,-10.0,clean_glacier_ice
23,14,156,-9.705882352941176,clean_glacier_ice
23,15,204,-5.0,debris_rock
23,16,211,-4.313725490196081,debris_rock
23,17,179,-7.450980392156865,mixed_snow_ice
23,18,126,-12.647058823529411,regular_glacier_ice
23,19,202,-5.196078431372548,debris_rock
23,20,172,-8.137254901960784,mixed_snow_ice
23,21,172,-8.137254901960784,mixed_snow_ice
23,22,209,-4.509803921568629,debris_rock
23,23,174,-7.9411764705882355,mixed_snow_ice
23,24,188,-6.56862745098039,debris_rock
23,25,161,-9.215686274509805,clean_glacier_ice
23,26,150,-10.294117647058822,clean_glacier_ice
23,27,188,-6.56862745098039,debris_rock
23,28,180,-7.352941176470587,mixed_snow_ice
23,29,193,-6.078431372549019,debris_rock
23,30,155,-9.803921568627452,clean_glacier_ice
23,31,152,-10.098039215686274,clean_glacier_ice
23,32,213,-4.117647058823529,debris_rock
23,33,223,-3.137254901960784,debris_rock
23,34,205,-4.901960784313726,debris_rock
23,35,244,-1.0784313725490193,debris_rock
23,36,200,-5.392156862745097,debris_rock
23,37,185,-6.862745098039216,mixed_snow_ice
23,38,191,-6.274509803921568,debris_rock
23,39,146,-10.686274509803923,clean_glacier_ice
23,40,177,-7.647058823529413,mixed_snow_ice
23,41,183,-7.0588235294117645,mixed_snow_ice
23,42,199,-5.490196078431371,debris_rock
23,43,174,-7.9411764705882355,mixed_snow_ice
23,44,160,-9.313725490196079,clean_glacier_ice
23,45,185,-6.862745098039216,mixed_snow_ice
23,46,189,-6.470588235294116,debris_rock
23,47,161,-9.215686274509805,clean_glacier_ice
23,48,153,-10.0,clean_glacier_ice
23,49,163,-9.019607843137257,clean_glacier_ice
23,50,160,-9.313725490196079,clean_glacier_ice
23,51,182,-7.156862745098039,mixed_snow_ice
23,52,158,-9.509803921568627,clean_glacier_ice
23,53,163,-9.019607843137257,clean_glacier_ice
23,54,161,-9.215686274509805,clean_glacier_ice
23,55,171,-8.235294117647062,mixed_snow_ice
23,56,128,-12.450980392156863,regular_glacier_ice
23,57,176,-7.745098039215687,mixed_snow_ice
23,58,179,-7.450980392156865,mixed_snow_ice
23,59,153,-10.0,clean_glacier_ice
23,60,161,-9.215686274509805,clean_glacier_ice
23,61,184,-6.96078431372549,mixed_snow_ice
23,62,133,-11.960784313725489,clean_glacier_ice
23,63,142,-11.07843137254902,clean_glacier_ice
23,64,170,-8.333333333333336,mixed_snow_ice
23,65,153,-10.0,clean_glacier_ice
23,66,149,-10.392156862745097,clean_glacier_ice
23,67,170,-8.333333333333336,mixed_snow_ice
23,68,173,-8.03921568627451,mixed_snow_ice
23,69,149,-10.392156862745097,clean_glacier_ice
23,70,139,-11.372549019607844,clean_glacier_ice
23,71,134,-11.862745098039214,clean_glacier_ice
23,72,159,-9.411764705882353,clean_glacier_ice
23,73,167,-8.627450980392158,mixed_snow_ice
23,74,164,-8.92156862745098,clean_glacier_ice
23,75,110,-14.215686274509803,regular_glacier_ice
23,76,136,-11.666666666666666,clean_glacier_ice
23,77,162,-9.11764705882353,clean_glacier_ice
23,78,162,-9.11764705882353,clean_glacier_ice
23,79,179,-7.450980392156865,mixed_snow_ice
23,80,166,-8.725490196078432,mixed_snow_ice
23,81,193,-6.078431372549019,debris_rock
23,82,167,-8.627450980392158,mixed_snow_ice
23,83,101,-15.098039215686274,regular_glacier_ice
23,84,158,-9.509803921568627,clean_glacier_ice
23,85,193,-6.078431372549019,debris_rock
23,86,155,-9.803921568627452,clean_glacier_ice
23,87,183,-7.0588235294117645,mixed_snow_ice
23,88,155,-9.803921568627452,clean_glacier_ice
23,89,143,-10.980392156862745,clean_glacier_ice
23,90,172,-8.137254901960784,mixed_snow_ice
23,91,121,-13.137254901960786,regular_glacier_ice
23,92,149,-10.392156862745097,clean_glacier_ice
23,94,193,-6.078431372549019,debris_rock
23,95,190,-6.372549019607842,debris_rock
23,96,167,-8.627450980392158,mixed_snow_ice
23,97,153,-10.0,clean_glacier_ice
23,98,93,-15.882352941176471,regular_glacier_ice
23,99,101,-15.098039215686274,regular_glacier_ice
23,100,210,-4.411764705882355,debris_rock
23,101,255,0.0,debris_rock
23,102,179,-7.450980392156865,mixed_snow_ice
23,103,193,-6.078431372549019,debris_rock
23,104,179,-7.450980392156865,mixed_snow_ice
23,105,161,-9.215686274509805,clean_glacier_ice
23,106,231,-2.352941176470587,debris_rock
23,107,170,-8.333333333333336,mixed_snow_ice
23,108,202,-5.196078431372548,debris_rock
23,109,110,-14.215686274509803,regular_glacier_ice
23,110,177,-7.647058823529413,mixed_snow_ice
23,111,224,-3.0392156862745097,debris_rock
23,112,178,-7.549019607843139,mixed_snow_ice
23,113,118,-13.431372549019608,regular_glacier_ice
23,114,166,-8.725490196078432,mixed_snow_ice
23,115,183,-7.0588235294117645,mixed_snow_ice
23,116,207,-4.7058823529411775,debris_rock
23,117,173,-8.03921568627451,mixed_snow_ice
23,118,187,-6.666666666666668,debris_rock
23,119,244,-1.0784313725490193,debris_rock
23,120,220,-3.4313725490196063,debris_rock
23,121,214,-4.019607843137255,debris_rock
23,122,203,-5.098039215686274,debris_rock
23,123,138,-11.470588235294118,clean_glacier_ice
23,124,112,-14.019607843137255,regular_glacier_ice
23,125,126,-12.647058823529411,regular_glacier_ice
23,126,177,-7.647058823529413,mixed_snow_ice
23,127,180,-7.352941176470587,mixed_snow_ice
23,128,233,-2.1568627450980387,debris_rock
23,129,255,0.0,debris_rock
23,130,226,-2.8431372549019613,debris_rock
23,131,187,-6.666666666666668,debris_rock
23,132,204,-5.0,debris_rock
23,133,225,-2.9411764705882355,debris_rock
23,134,204,-5.0,debris_rock
23,135,201,-5.2941176470588225,debris_rock
23,136,176,-7.745098039215687,mixed_snow_ice
23,137,196,-5.784313725490193,debris_rock
23,138,176,-7.745098039215687,mixed_snow_ice
23,139,192,-6.1764705882352935,debris_rock
23,140,199,-5.490196078431371,debris_rock
23,141,221,-3.333333333333332,debris_rock
23,142,215,-3.9215686274509807,debris_rock
23,143,203,-5.098039215686274,debris_rock
23,144,226,-2.8431372549019613,debris_rock
23,145,186,-6.764705882352942,debris_rock
23,146,223,-3.137254901960784,debris_rock
23,147,229,-2.5490196078431353,debris_rock
23,148,172,-8.137254901960784,mixed_snow_ice
23,149,217,-3.7254901960784323,debris_rock
23,150,190,-6.372549019607842,debris_rock
23,151,211,-4.313725490196081,debris_rock
23,152,243,-1.176470588235297,debris_rock
23,153,243,-1.176470588235297,debris_rock
23,154,202,-5.196078431372548,debris_rock
23,155,175,-7.843137254901961,mixed_snow_ice
23,156,162,-9.11764705882353,clean_glacier_ice
23,157,185,-6.862745098039216,mixed_snow_ice
23,158,204,-5.0,debris_rock
23,159,196,-5.784313725490193,debris_rock
23,160,193,-6.078431372549019,debris_rock
23,161,187,-6.666666666666668,debris_rock
23,162,194,-5.980392156862745,debris_rock
23,163,231,-2.352941176470587,debris_rock
23,164,165,-8.823529411764707,clean_glacier_ice
23,165,181,-7.254901960784313,mixed_snow_ice
23,166,197,-5.686274509803919,debris_rock
23,167,204,-5.0,debris_rock
23,168,171,-8.235294117647062,mixed_snow_ice
23,169,150,-10.294117647058822,clean_glacier_ice
23,170,159,-9.411764705882353,clean_glacier_ice
23,171,172,-8.137254901960784,mixed_snow_ice
23,172,171,-8.235294117647062,mixed_snow_ice
23,173,150,-10.294117647058822,clean_glacier_ice
23,174,198,-5.588235294117645,debris_rock
23,175,221,-3.333333333333332,debris_rock
23,176,247,-0.7843137254901968,debris_rock
23,177,167,-8.627450980392158,mixed_snow_ice
23,178,175,-7.843137254901961,mixed_snow_ice
23,179,102,-15.0,regular_glacier_ice
23,180,172,-8.137254901960784,mixed_snow_ice
23,181,197,-5.686274509803919,debris_rock
23,182,147,-10.588235294117649,clean_glacier_ice
23,183,165,-8.823529411764707,clean_glacier_ice
23,184,196,-5.784313725490193,debris_rock
23,185,161,-9.215686274509805,clean_glacier_ice
23,186,225,-2.9411764705882355,debris_rock
23,187,236,-1.8627450980392162,debris_rock
23,188,187,-6.666666666666668,debris_rock
23,189,205,-4.901960784313726,debris_rock
23,190,155,-9.803921568627452,clean_glacier_ice
23,191,143,-10.980392156862745,clean_glacier_ice
23,192,176,-7.745098039215687,mixed_snow_ice
23,193,208,-4.607843137254903,debris_rock
23,194,166,-8.725490196078432,mixed_snow_ice
23,195,163,-9.019607843137257,clean_glacier_ice
23,196,190,-6.372549019607842,debris_rock
23,197,211,-4.313725490196081,debris_rock
23,198,201,-5.2941176470588225,debris_rock
23,199,199,-5.490196078431371,debris_rock
23,200,255,0.0,debris_rock
23,201,181,-7.254901960784313,mixed_snow_ice
23,202,173,-8.03921568627451,mixed_snow_ice
23,203,176,-7.745098039215687,mixed_snow_ice
23,204,157,-9.607843137254902,clean_glacier_ice
23,205,150,-10.294117647058822,clean_glacier_ice
23,206,154,-9.901960784313726,clean_glacier_ice
23,207,191,-6.274509803921568,debris_rock
23,208,161,-9.215686274509805,clean_glacier_ice
23,209,184,-6.96078431372549,mixed_snow_ice
23,210,188,-6.56862745098039,debris_rock
23,211,151,-10.196078431372548,clean_glacier_ice
23,212,202,-5.196078431372548,debris_rock
23,213,170,-8.333333333333336,mixed_snow_ice
23,214,174,-7.9411764705882355,mixed_snow_ice
23,215,174,-7.9411764705882355,mixed_snow_ice
23,216,163,-9.019607843137257,clean_glacier_ice
23,217,138,-11.470588235294118,clean_glacier_ice
23,218,149,-10.392156862745097,clean_glacier_ice
23,219,146,-10.686274509803923,clean_glacier_ice
23,220,139,-11.372549019607844,clean_glacier_ice
23,221,168,-8.529411764705884,mixed_snow_ice
23,222,157,-9.607843137254902,clean_glacier_ice
24,0,147,-10.588235294117649,clean_glacier_ice
24,1,142,-11.07843137254902,clean_glacier_ice
24,2,146,-10.686274509803923,clean_glacier_ice
24,3,180,-7.352941176470587,mixed_snow_ice
24,4,132,-12.058823529411763,clean_glacier_ice
24,5,153,-10.0,clean_glacier_ice
24,6,162,-9.11764705882353,clean_glacier_ice
24,7,167,-8.627450980392158,mixed_snow_ice
24,8,154,-9.901960784313726,clean_glacier_ice
24,9,189,-6.470588235294116,debris_rock
24,10,170,-8.333333333333336,mixed_snow_ice
24,11,153,-10.0,clean_glacier_ice
24,12,143,-10.980392156862745,clean_glacier_ice
24,13,145,-10.784313725490197,clean_glacier_ice
24,14,172,-8.137254901960784,mixed_snow_ice
24,15,160,-9.313725490196079,clean_glacier_ice
24,16,180,-7.352941176470587,mixed_snow_ice
24,17,133,-11.960784313725489,clean_glacier_ice
24,18,163,-9.019607843137257,clean_glacier_ice
24,19,156,-9.705882352941176,clean_glacier_ice
24,20,201,-5.2941176470588225,debris_rock
24,21,151,-10.196078431372548,clean_glacier_ice
24,22,89,-16.274509803921568,regular_glacier_ice
24,23,153,-10.0,clean_glacier_ice
24,24,203,-5.098039215686274,debris_rock
24,25,134,-11.862745098039214,clean_glacier_ice
24,26,198,-5.588235294117645,debris_rock
24,27,197,-5.686274509803919,debris_rock
24,28,188,-6.56862745098039,debris_rock
24,29,144,-10.882352941176471,clean_glacier_ice
24,30,116,-13.627450980392156,regular_glacier_ice
24,31,156,-9.705882352941176,clean_glacier_ice
24,32,147,-10.588235294117649,clean_glacier_ice
24,33,153,-10.0,clean_glacier_ice
24,36,161,-9.215686274509805,clean_glacier_ice
24,37,214,-4.019607843137255,debris_rock
24,38,152,-10.098039215686274,clean_glacier_ice
24,39,97,-15.490196078431373,regular_glacier_ice
24,40,60,-19.11764705882353,deep_glacier_ice
24,41,95,-15.686274509803921,regular_glacier_ice
24,42,255,0.0,debris_rock
24,43,198,-5.588235294117645,debris_rock
24,44,200,-5.392156862745097,debris_rock
24,45,186,-6.764705882352942,debris_rock
24,46,187,-6.666666666666668,debris_rock
24,47,202,-5.196078431372548,debris_rock
24,48,226,-2.8431372549019613,debris_rock
24,49,209,-4.509803921568629,debris_rock
24,50,171,-8.235294117647062,mixed_snow_ice
24,51,157,-9.607843137254902,clean_glacier_ice
24,52,143,-10.980392156862745,clean_glacier_ice
24,53,184,-6.96078431372549,mixed_snow_ice
24,54,165,-8.823529411764707,clean_glacier_ice
24,55,116,-13.627450980392156,regular_glacier_ice
24,56,169,-8.43137254901961,mixed_snow_ice
24,57,206,-4.803921568627452,debris_rock
24,58,176,-7.745098039215687,mixed_snow_ice
24,59,172,-8.137254901960784,mixed_snow_ice
24,60,176,-7.745098039215687,mixed_snow_ice
24,61,184,-6.96078431372549,mixed_snow_ice
24,62,166,-8.725490196078432,mixed_snow_ice
24,63,229,-2.5490196078431353,debris_rock
24,64,217,-3.7254901960784323,debris_rock
24,65,179,-7.450980392156865,mixed_snow_ice
24,66,152,-10.098039215686274,clean_glacier_ice
24,67,155,-9.803921568627452,clean_glacier_ice
24,68,134,-11.862745098039214,clean_glacier_ice
24,69,130,-12.254901960784315,clean_glacier_ice
24,70,158,-9.509803921568627,clean_glacier_ice
24,71,180,-7.352941176470587,mixed_snow_ice
24,72,180,-7.352941176470587,mixed_snow_ice
24,73,217,-3.7254901960784323,debris_rock
24,74,202,-5.196078431372548,debris_rock
24,75,220,-3.4313725490196063,debris_rock
24,76,212,-4.215686274509803,debris_rock
24,77,199,-5.490196078431371,debris_rock
24,78,170,-8.333333333333336,mixed_snow_ice
24,79,182,-7.156862745098039,mixed_snow_ice
24,80,197,-5.686274509803919,debris_rock
24,81,212,-4.215686274509803,debris_rock
24,82,155,-9.803921568627452,clean_glacier_ice
24,83,221,-3.333333333333332,debris_rock
24,84,177,-7.647058823529413,mixed_snow_ice
24,85,196,-5.784313725490193,debris_rock
24,86,215,-3.9215686274509807,debris_rock
24,87,187,-6.666666666666668,debris_rock
24,88,217,-3.7254901960784323,debris_rock
24,89,220,-3.4313725490196063,debris_rock
24,90,166,-8.725490196078432,mixed_snow_ice
24,91,186,-6.764705882352942,debris_rock
24,92,195,-5.882352941176471,debris_rock
24,93,204,-5.0,debris_rock
24,94,201,-5.2941176470588225,debris_rock
24,95,233,-2.1568627450980387,debris_rock
24,96,228,-2.6470588235294095,debris_rock
24,97,207,-4.7058823529411775,debris_rock
24,98,175,-7.843137254901961,mixed_snow_ice
24,99,173,-8.03921568627451,mixed_snow_ice
24,100,202,-5.196078431372548,debris_rock
24,101,203,-5.098039215686274,debris_rock
24,102,178,-7.549019607843139,mixed_snow_ice
24,103,192,-6.1764705882352935,debris_rock
24,104,200,-5.392156862745097,debris_rock
24,105,192,-6.1764705882352935,debris_rock
24,106,193,-6.078431372549019,debris_rock
24,107,154,-9.901960784313726,clean_glacier_ice
24,108,222,-3.235294117647058,debris_rock
24,109,211,-4.313725490196081,debris_rock
24,110,190,-6.372549019607842,debris_rock
24,111,138,-11.470588235294118,clean_glacier_ice
24,112,145,-10.784313725490197,clean_glacier_ice
24,113,156,-9.705882352941176,clean_glacier_ice
24,114,224,-3.0392156862745097,debris_rock
24,115,177,-7.647058823529413,mixed_snow_ice
24,116,138,-11.470588235294118,clean_glacier_ice
24,117,205,-4.901960784313726,debris_rock
24,118,255,0.0,debris_rock
24,119,228,-2.6470588235294095,debris_rock
24,120,190,-6.372549019607842,debris_rock
24,121,156,-9.705882352941176,clean_glacier_ice
24,122,158,-9.509803921568627,clean_glacier_ice
24,123,184,-6.96078431372549,mixed_snow_ice
24,124,163,-9.019607843137257,clean_glacier_ice
24,125,156,-9.705882352941176,clean_glacier_ice
24,126,169,-8.43137254901961,mixed_snow_ice
24,127,191,-6.274509803921568,debris_rock
24,128,238,-1.6666666666666679,debris_rock
24,129,222,-3.235294117647058,debris_rock
24,130,178,-7.549019607843139,mixed_snow_ice
24,131,226,-2.8431372549019613,debris_rock
24,132,188,-6.56862745098039,debris_rock
24,133,190,-6.372549019607842,debris_rock
24,134,224,-3.0392156862745097,debris_rock
24,135,228,-2.6470588235294095,debris_rock
24,136,189,-6.470588235294116,debris_rock
24,137,188,-6.56862745098039,debris_rock
24,138,192,-6.1764705882352935,debris_rock
24,139,220,-3.4313725490196063,debris_rock
24,140,171,-8.235294117647062,mixed_snow_ice
24,141,174,-7.9411764705882355,mixed_snow_ice
24,142,218,-3.627450980392158,debris_rock
24,143,186,-6.764705882352942,debris_rock
24,144,171,-8.235294117647062,mixed_snow_ice
24,145,150,-10.294117647058822,clean_glacier_ice
24,146,137,-11.568627450980392,clean_glacier_ice
24,147,154,-9.901960784313726,clean_glacier_ice
24,148,154,-9.901960784313726,clean_glacier_ice
24,149,186,-6.764705882352942,debris_rock
24,150,167,-8.627450980392158,mixed_snow_ice
24,151,182,-7.156862745098039,mixed_snow_ice
24,152,189,-6.470588235294116,debris_rock
24,153,182,-7.156862745098039,mixed_snow_ice
24,154,170,-8.333333333333336,mixed_snow_ice
24,155,185,-6.862745098039216,mixed_snow_ice
24,156,180,-7.352941176470587,mixed_snow_ice
24,157,166,-8.725490196078432,mixed_snow_ice
24,158,155,-9.803921568627452,clean_glacier_ice
24,159,146,-10.686274509803923,clean_glacier_ice
24,160,148,-10.49019607843137,clean_glacier_ice
24,161,146,-10.686274509803923,clean_glacier_ice
24,162,167,-8.627450980392158,mixed_snow_ice
24,163,186,-6.764705882352942,debris_rock
24,164,133,-11.960784313725489,clean_glacier_ice
24,165,135,-11.76470588235294,clean_glacier_ice
24,166,163,-9.019607843137257,clean_glacier_ice
24,167,190,-6.372549019607842,debris_rock
24,168,166,-8.725490196078432,mixed_snow_ice
24,169,191,-6.274509803921568,debris_rock
24,170,177,-7.647058823529413,mixed_snow_ice
24,171,148,-10.49019607843137,clean_glacier_ice
24,172,139,-11.372549019607844,clean_glacier_ice
24,173,166,-8.725490196078432,mixed_snow_ice
24,174,188,-6.56862745098039,debris_rock
24,175,180,-7.352941176470587,mixed_snow_ice
24,176,146,-10.686274509803923,clean_glacier_ice
24,177,155,-9.803921568627452,clean_glacier_ice
24,178,166,-8.725490196078432,mixed_snow_ice
24,179,168,-8.529411764705884,mixed_snow_ice
24,180,168,-8.529411764705884,mixed_snow_ice
24,181,140,-11.274509803921568,clean_glacier_ice
24,182,166,-8.725490196078432,mixed_snow_ice
24,183,179,-7.450980392156865,mixed_snow_ice
24,184,145,-10.784313725490197,clean_glacier_ice
24,185,212,-4.215686274509803,debris_rock
24,186,164,-8.92156862745098,clean_glacier_ice
24,190,225,-2.9411764705882355,debris_rock
24,191,255,0.0,debris_rock
24,192,190,-6.372549019607842,debris_rock
24,193,155,-9.803921568627452,clean_glacier_ice
24,194,118,-13.431372549019608,regular_glacier_ice
24,195,165,-8.823529411764707,clean_glacier_ice
24,196,197,-5.686274509803919,debris_rock
24,197,151,-10.196078431372548,clean_glacier_ice
24,198,112,-14.019607843137255,regular_glacier_ice
24,199,164,-8.92156862745098,clean_glacier_ice
24,202,223,-3.137254901960784,debris_rock
24,203,137,-11.568627450980392,clean_glacier_ice
24,204,77,-17.450980392156865,deep_glacier_ice
24,205,94,-15.784313725490195,regular_glacier_ice
24,206,116,-13.627450980392156,regular_glacier_ice
24,207,254,-0.09803921568627416,debris_rock
24,208,180,-7.352941176470587,mixed_snow_ice
24,209,159,-9.411764705882353,clean_glacier_ice
24,210,141,-11.176470588235293,clean_glacier_ice
24,211,235,-1.9607843137254903,debris_rock
24,212,232,-2.254901960784313,debris_rock
24,213,170,-8.333333333333336,mixed_snow_ice
24,214,211,-4.313725490196081,debris_rock
24,215,141,-11.176470588235293,clean_glacier_ice
24,216,156,-9.705882352941176,clean_glacier_ice
24,217,142,-11.07843137254902,clean_glacier_ice
24,218,175,-7.843137254901961,mixed_snow_ice
24,219,189,-6.470588235294116,debris_rock
24,220,102,-15.0,regular_glacier_ice
24,221,195,-5.882352941176471,debris_rock
24,222,187,-6.666666666666668,debris_rock
25,0,113,-13.92156862745098,regular_glacier_ice
25,1,155,-9.803921568627452,clean_glacier_ice
25,2,175,-7.843137254901961,mixed_snow_ice
25,3,160,-9.313725490196079,clean_glacier_ice
25,4,255,0.0,debris_rock
25,5,255,0.0,debris_rock
25,6,177,-7.647058823529413,mixed_snow_ice
25,7,148,-10.49019607843137,clean_glacier_ice
25,8,177,-7.647058823529413,mixed_snow_ice
25,9,190,-6.372549019607842,debris_rock
25,10,161,-9.215686274509805,clean_glacier_ice
25,11,144,-10.882352941176471,clean_glacier_ice
25,12,132,-12.058823529411763,clean_glacier_ice
25,13,126,-12.647058823529411,regular_glacier_ice
25,14,169,-8.43137254901961,mixed_snow_ice
25,15,218,-3.627450980392158,debris_rock
25,16,158,-9.509803921568627,clean_glacier_ice
25,17,199,-5.490196078431371,debris_rock
25,18,206,-4.803921568627452,debris_rock
25,19,186,-6.764705882352942,debris_rock
25,20,154,-9.901960784313726,clean_glacier_ice
25,21,182,-7.156862745098039,mixed_snow_ice
25,22,200,-5.392156862745097,debris_rock
25,23,201,-5.2941176470588225,debris_rock
25,24,189,-6.470588235294116,debris_rock
25,25,205,-4.901960784313726,debris_rock
25,26,180,-7.352941176470587,mixed_snow_ice
25,27,183,-7.0588235294117645,mixed_snow_ice
25,28,209,-4.509803921568629,debris_rock
25,29,212,-4.215686274509803,debris_rock
25,30,220,-3.4313725490196063,debris_rock
25,31,209,-4.509803921568629,debris_rock
25,32,193,-6.078431372549019,debris_rock
25,33,180,-7.352941176470587,mixed_snow_ice
25,34,184,-6.96078431372549,mixed_snow_ice
25,35,159,-9.411764705882353,clean_glacier_ice
25,36,166,-8.725490196078432,mixed_snow_ice
25,37,204,-5.0,debris_rock
25,38,218,-3.627450980392158,debris_rock
25,39,179,-7.450980392156865,mixed_snow_ice
25,40,182,-7.156862745098039,mixed_snow_ice
25,41,203,-5.098039215686274,debris_rock
25,42,204,-5.0,debris_rock
25,43,209,-4.509803921568629,debris_rock
25,44,191,-6.274509803921568,debris_rock
25,45,195,-5.882352941176471,debris_rock
25,46,204,-5.0,debris_rock
25,47,185,-6.862745098039216,mixed_snow_ice
25,48,180,-7.352941176470587,mixed_snow_ice
25,49,135,-11.76470588235294,clean_glacier_ice
25,50,215,-3.9215686274509807,debris_rock
25,51,200,-5.392156862745097,debris_rock
25,52,225,-2.9411764705882355,debris_rock
25,53,150,-10.294117647058822,clean_glacier_ice
25,54,161,-9.215686274509805,clean_glacier_ice
25,55,170,-8.333333333333336,mixed_snow_ice
25,56,132,-12.058823529411763,clean_glacier_ice
25,57,199,-5.490196078431371,debris_rock
25,58,162,-9.11764705882353,clean_glacier_ice
25,59,180,-7.352941176470587,mixed_snow_ice
25,60,255,0.0,debris_rock
25,61,255,0.0,debris_rock
25,62,218,-3.627450980392158,debris_rock
25,63,171,-8.235294117647062,mixed_snow_ice
25,64,80,-17.15686274509804,deep_glacier_ice
25,65,143,-10.980392156862745,clean_glacier_ice
25,66,180,-7.352941176470587,mixed_snow_ice
25,67,184,-6.96078431372549,mixed_snow_ice
25,68,177,-7.647058823529413,mixed_snow_ice
25,69,227,-2.745098039215687,debris_rock
25,70,255,0.0,debris_rock
25,71,221,-3.333333333333332,debris_rock
25,72,158,-9.509803921568627,clean_glacier_ice
25,73,214,-4.019607843137255,debris_rock
25,74,138,-11.470588235294118,clean_glacier_ice
25,75,152,-10.098039215686274,clean_glacier_ice
25,76,236,-1.8627450980392162,debris_rock
25,77,229,-2.5490196078431353,debris_rock
25,78,157,-9.607843137254902,clean_glacier_ice
25,79,201,-5.2941176470588225,debris_rock
25,80,174,-7.9411764705882355,mixed_snow_ice
25,81,248,-0.6862745098039227,debris_rock
25,82,183,-7.0588235294117645,mixed_snow_ice
25,83,186,-6.764705882352942,debris_rock
25,84,205,-4.901960784313726,debris_rock
25,85,145,-10.784313725490197,clean_glacier_ice
25,86,151,-10.196078431372548,clean_glacier_ice
25,87,126,-12.647058823529411,regular_glacier_ice
25,88,140,-11.274509803921568,clean_glacier_ice
25,89,153,-10.0,clean_glacier_ice
25,90,163,-9.019607843137257,clean_glacier_ice
25,91,143,-10.980392156862745,clean_glacier_ice
25,92,174,-7.9411764705882355,mixed_snow_ice
25,93,183,-7.0588235294117645,mixed_snow_ice
25,94,163,-9.019607843137257,clean_glacier_ice
25,95,183,-7.0588235294117645,mixed_snow_ice
25,96,158,-9.509803921568627,clean_glacier_ice
25,97,185,-6.862745098039216,mixed_snow_ice
25,98,200,-5.392156862745097,debris_rock
25,99,214,-4.019607843137255,debris_rock
25,100,199,-5.490196078431371,debris_rock
25,101,166,-8.725490196078432,mixed_snow_ice
25,102,178,-7.549019607843139,mixed_snow_ice
25,103,176,-7.745098039215687,mixed_snow_ice
25,104,169,-8.43137254901961,mixed_snow_ice
25,105,192,-6.1764705882352935,debris_rock
25,106,151,-10.196078431372548,clean_glacier_ice
25,107,144,-10.882352941176471,clean_glacier_ice
25,108,163,-9.019607843137257,clean_glacier_ice
25,109,172,-8.137254901960784,mixed_snow_ice
25,110,176,-7.745098039215687,mixed_snow_ice
25,111,173,-8.03921568627451,mixed_snow_ice
25,112,181,-7.254901960784313,mixed_snow_ice
25,113,163,-9.019607843137257,clean_glacier_ice
25,114,143,-10.980392156862745,clean_glacier_ice
25,115,174,-7.9411764705882355,mixed_snow_ice
25,116,189,-6.470588235294116,debris_rock
25,117,180,-7.352941176470587,mixed_snow_ice
25,118,165,-8.823529411764707,clean_glacier_ice
25,119,159,-9.411764705882353,clean_glacier_ice
25,120,189,-6.470588235294116,debris_rock
25,121,172,-8.137254901960784,mixed_snow_ice
25,122,174,-7.9411764705882355,mixed_snow_ice
25,123,189,-6.470588235294116,debris_rock
25,124,158,-9.509803921568627,clean_glacier_ice
25,125,186,-6.764705882352942,debris_rock
25,126,153,-10.0,clean_glacier_ice
25,127,164,-8.92156862745098,clean_glacier_ice
25,132,247,-0.7843137254901968,debris_rock
25,133,160,-9.313725490196079,clean_glacier_ice
25,134,146,-10.686274509803923,clean_glacier_ice
25,135,121,-13.137254901960786,regular_glacier_ice
25,136,146,-10.686274509803923,clean_glacier_ice
25,137,218,-3.627450980392158,debris_rock
25,138,193,-6.078431372549019,debris_rock
25,139,168,-8.529411764705884,mixed_snow_ice
25,140,128,-12.450980392156863,regular_glacier_ice
25,141,144,-10.882352941176471,clean_glacier_ice
25,144,150,-10.294117647058822,clean_glacier_ice
25,145,111,-14.117647058823529,regular_glacier_ice
25,146,98,-15.392156862745097,regular_glacier_ice
25,147,127,-12.549019607843137,regular_glacier_ice
25,148,238,-1.6666666666666679,debris_rock
25,149,229,-2.5490196078431353,debris_rock
25,150,158,-9.509803921568627,clean_glacier_ice
25,151,105,-14.705882352941178,regular_glacier_ice
25,152,130,-12.254901960784315,clean_glacier_ice
25,153,202,-5.196078431372548,debris_rock
25,154,255,0.0,debris_rock
25,155,126,-12.647058823529411,regular_glacier_ice
25,156,129,-12.352941176470589,regular_glacier_ice
25,157,166,-8.725490196078432,mixed_snow_ice
25,158,132,-12.058823529411763,clean_glacier_ice
25,159,195,-5.882352941176471,debris_rock
25,160,186,-6.764705882352942,debris_rock
25,161,234,-2.0588235294117645,debris_rock
25,162,151,-10.196078431372548,clean_glacier_ice
25,163,163,-9.019607843137257,clean_glacier_ice
25,164,116,-13.627450980392156,regular_glacier_ice
25,165,109,-14.313725490196079,regular_glacier_ice
25,166,229,-2.5490196078431353,debris_rock
25,167,174,-7.9411764705882355,mixed_snow_ice
25,168,167,-8.627450980392158,mixed_snow_ice
25,169,211,-4.313725490196081,debris_rock
25,170,202,-5.196078431372548,debris_rock
25,171,131,-12.15686274509804,clean_glacier_ice
25,172,196,-5.784313725490193,debris_rock
25,173,235,-1.9607843137254903,debris_rock
25,174,210,-4.411764705882355,debris_rock
25,175,192,-6.1764705882352935,debris_rock
25,176,222,-3.235294117647058,debris_rock
25,177,213,-4.117647058823529,debris_rock
25,178,184,-6.96078431372549,mixed_snow_ice
25,179,167,-8.627450980392158,mixed_snow_ice
25,180,192,-6.1764705882352935,debris_rock
25,181,205,-4.901960784313726,debris_rock
25,182,218,-3.627450980392158,debris_rock
25,183,203,-5.098039215686274,debris_rock
25,184,206,-4.803921568627452,debris_rock
25,185,169,-8.43137254901961,mixed_snow_ice
25,186,193,-6.078431372549019,debris_rock
25,187,174,-7.9411764705882355,mixed_snow_ice
25,188,202,-5.196078431372548,debris_rock
25,189,179,-7.450980392156865,mixed_snow_ice
25,190,206,-4.803921568627452,debris_rock
25,191,203,-5.098039215686274,debris_rock
25,192,205,-4.901960784313726,debris_rock
25,193,192,-6.1764705882352935,debris_rock
25,194,236,-1.8627450980392162,debris_rock
25,195,255,0.0,debris_rock
25,196,171,-8.235294117647062,mixed_snow_ice
25,197,181,-7.254901960784313,mixed_snow_ice
25,198,178,-7.549019607843139,mixed_snow_ice
25,199,187,-6.666666666666668,debris_rock
25,200,186,-6.764705882352942,debris_rock
25,201,209,-4.509803921568629,debris_rock
25,202,252,-0.2941176470588225,debris_rock
25,203,211,-4.313725490196081,debris_rock
25,204,145,-10.784313725490197,clean_glacier_ice
25,205,194,-5.980392156862745,debris_rock
25,206,220,-3.4313725490196063,debris_rock
25,207,217,-3.7254901960784323,debris_rock
25,208,203,-5.098039215686274,debris_rock
25,209,221,-3.333333333333332,debris_rock
25,210,186,-6.764705882352942,debris_rock
25,211,225,-2.9411764705882355,debris_rock
25,212,182,-7.156862745098039,mixed_snow_ice
25,213,167,-8.627450980392158,mixed_snow_ice
25,214,158,-9.509803921568627,clean_glacier_ice
25,215,210,-4.411764705882355,debris_rock
25,216,191,-6.274509803921568,debris_rock
25,217,186,-6.764705882352942,debris_rock
25,218,157,-9.607843137254902,clean_glacier_ice
25,219,167,-8.627450980392158,mixed_snow_ice
25,220,164,-8.92156862745098,clean_glacier_ice
25,221,161,-9.215686274509805,clean_glacier_ice
25,222,149,-10.392156862745097,clean_glacier_ice
26,0,180,-7.352941176470587,mixed_snow_ice
26,1,196,-5.784313725490193,debris_rock
26,2,204,-5.0,debris_rock
26,3,255,0.0,debris_rock
26,4,197,-5.686274509803919,debris_rock
26,5,166,-8.725490196078432,mixed_snow_ice
26,6,144,-10.882352941176471,clean_glacier_ice
26,7,111,-14.117647058823529,regular_glacier_ice
26,8,204,-5.0,debris_rock
26,9,231,-2.352941176470587,debris_rock
26,10,199,-5.490196078431371,debris_rock
26,11,212,-4.215686274509803,debris_rock
26,12,255,0.0,debris_rock
26,13,226,-2.8431372549019613,debris_rock
26,14,156,-9.705882352941176,clean_glacier_ice
26,15,185,-6.862745098039216,mixed_snow_ice
26,16,102,-15.0,regular_glacier_ice
26,17,146,-10.686274509803923,clean_glacier_ice
26,18,178,-7.549019607843139,mixed_snow_ice
26,19,198,-5.588235294117645,debris_rock
26,20,155,-9.803921568627452,clean_glacier_ice
26,21,151,-10.196078431372548,clean_glacier_ice
26,22,204,-5.0,debris_rock
26,23,226,-2.8431372549019613,debris_rock
26,24,173,-8.03921568627451,mixed_snow_ice
26,25,192,-6.1764705882352935,debris_rock
26,26,158,-9.509803921568627,clean_glacier_ice
26,27,175,-7.843137254901961,mixed_snow_ice
26,28,155,-9.803921568627452,clean_glacier_ice
26,29,154,-9.901960784313726,clean_glacier_ice
26,30,161,-9.215686274509805,clean_glacier_ice
26,31,131,-12.15686274509804,clean_glacier_ice
26,32,151,-10.196078431372548,clean_glacier_ice
26,33,144,-10.882352941176471,clean_glacier_ice
26,34,160,-9.313725490196079,clean_glacier_ice
26,35,138,-11.470588235294118,clean_glacier_ice
26,36,191,-6.274509803921568,debris_rock
26,37,186,-6.764705882352942,debris_rock
26,38,164,-8.92156862745098,clean_glacier_ice
26,39,180,-7.352941176470587,mixed_snow_ice
26,40,178,-7.549019607843139,mixed_snow_ice
26,41,161,-9.215686274509805,clean_glacier_ice
26,42,171,-8.235294117647062,mixed_snow_ice
26,43,177,-7.647058823529413,mixed_snow_ice
26,44,189,-6.470588235294116,debris_rock
26,45,187,-6.666666666666668,debris_rock
26,46,190,-6.372549019607842,debris_rock
26,47,159,-9.411764705882353,clean_glacier_ice
26,48,168,-8.529411764705884,mixed_snow_ice
26,49,164,-8.92156862745098,clean_glacier_ice
26,50,158,-9.509803921568627,clean_glacier_ice
26,51,181,-7.254901960784313,mixed_snow_ice
26,52,166,-8.725490196078432,mixed_snow_ice
26,53,149,-10.392156862745097,clean_glacier_ice
26,54,181,-7.254901960784313,mixed_snow_ice
26,55,189,-6.470588235294116,debris_rock
26,56,176,-7.745098039215687,mixed_snow_ice
26,57,164,-8.92156862745098,clean_glacier_ice
26,58,180,-7.352941176470587,mixed_snow_ice
26,59,175,-7.843137254901961,mixed_snow_ice
26,60,194,-5.980392156862745,debris_rock
26,61,179,-7.450980392156865,mixed_snow_ice
26,62,202,-5.196078431372548,debris_rock
26,63,185,-6.862745098039216,mixed_snow_ice
26,64,198,-5.588235294117645,debris_rock
26,65,175,-7.843137254901961,mixed_snow_ice
26,66,191,-6.274509803921568,debris_rock
26,67,189,-6.470588235294116,debris_rock
26,68,164,-8.92156862745098,clean_glacier_ice
26,69,159,-9.411764705882353,clean_glacier_ice
26,74,215,-3.9215686274509807,debris_rock
26,75,122,-13.03921568627451,regular_glacier_ice
26,76,94,-15.784313725490195,regular_glacier_ice
26,77,165,-8.823529411764707,clean_glacier_ice
26,78,228,-2.6470588235294095,debris_rock
26,79,205,-4.901960784313726,debris_rock
26,80,143,-10.980392156862745,clean_glacier_ice
26,81,144,-10.882352941176471,clean_glacier_ice
26,82,135,-11.76470588235294,clean_glacier_ice
26,83,147,-10.588235294117649,clean_glacier_ice
26,84,201,-5.2941176470588225,debris_rock
26,86,127,-12.549019607843137,regular_glacier_ice
26,87,130,-12.254901960784315,clean_glacier_ice
26,88,62,-18.92156862745098,deep_glacier_ice
26,89,102,-15.0,regular_glacier_ice
26,90,224,-3.0392156862745097,debris_rock
26,91,165,-8.823529411764707,clean_glacier_ice
26,92,82,-16.96078431372549,deep_glacier_ice
26,93,88,-16.372549019607845,regular_glacier_ice
26,94,124,-12.843137254901961,regular_glacier_ice
26,95,160,-9.313725490196079,clean_glacier_ice
26,96,219,-3.529411764705884,debris_rock
26,97,125,-12.745098039215687,regular_glacier_ice
26,98,193,-6.078431372549019,debris_rock
26,99,152,-10.098039215686274,clean_glacier_ice
26,100,156,-9.705882352941176,clean_glacier_ice
26,101,168,-8.529411764705884,mixed_snow_ice
26,102,159,-9.411764705882353,clean_glacier_ice
26,103,189,-6.470588235294116,debris_rock
26,104,170,-8.333333333333336,mixed_snow_ice
26,105,124,-12.843137254901961,regular_glacier_ice
26,106,109,-14.313725490196079,regular_glacier_ice
26,107,182,-7.156862745098039,mixed_snow_ice
26,109,194,-5.980392156862745,debris_rock
26,110,189,-6.470588235294116,debris_rock
26,111,170,-8.333333333333336,mixed_snow_ice
26,112,163,-9.019607843137257,clean_glacier_ice
26,113,219,-3.529411764705884,debris_rock
26,114,255,0.0,debris_rock
26,115,255,0.0,debris_rock
26,116,222,-3.235294117647058,debris_rock
26,117,233,-2.1568627450980387,debris_rock
26,118,232,-2.254901960784313,debris_rock
26,119,175,-7.843137254901961,mixed_snow_ice
26,120,166,-8.725490196078432,mixed_snow_ice
26,121,178,-7.549019607843139,mixed_snow_ice
26,122,165,-8.823529411764707,clean_glacier_ice
26,123,203,-5.098039215686274,debris_rock
26,124,168,-8.529411764705884,mixed_snow_ice
26,125,201,-5.2941176470588225,debris_rock
26,126,180,-7.352941176470587,mixed_snow_ice
26,127,186,-6.764705882352942,debris_rock
26,128,204,-5.0,debris_rock
26,129,186,-6.764705882352942,debris_rock
26,130,200,-5.392156862745097,debris_rock
26,131,188,-6.56862745098039,debris_rock
26,132,179,-7.450980392156865,mixed_snow_ice
26,133,196,-5.784313725490193,debris_rock
26,134,221,-3.333333333333332,debris_rock
26,135,192,-6.1764705882352935,debris_rock
26,136,191,-6.274509803921568,debris_rock
26,137,224,-3.0392156862745097,debris_rock
26,138,180,-7.352941176470587,mixed_snow_ice
26,139,120,-13.23529411764706,regular_glacier_ice
26,140,151,-10.196078431372548,clean_glacier_ice
26,141,179,-7.450980392156865,mixed_snow_ice
26,142,177,-7.647058823529413,mixed_snow_ice
26,143,195,-5.882352941176471,debris_rock
26,144,198,-5.588235294117645,debris_rock
26,145,194,-5.980392156862745,debris_rock
26,146,189,-6.470588235294116,debris_rock
26,147,209,-4.509803921568629,debris_rock
26,148,209,-4.509803921568629,debris_rock
26,149,200,-5.392156862745097,debris_rock
26,150,216,-3.8235294117647065,debris_rock
26,151,208,-4.607843137254903,debris_rock
26,152,191,-6.274509803921568,debris_rock
26,153,173,-8.03921568627451,mixed_snow_ice
26,154,193,-6.078431372549019,debris_rock
26,155,178,-7.549019607843139,mixed_snow_ice
26,156,166,-8.725490196078432,mixed_snow_ice
26,157,217,-3.7254901960784323,debris_rock
26,158,197,-5.686274509803919,debris_rock
26,159,200,-5.392156862745097,debris_rock
26,160,172,-8.137254901960784,mixed_snow_ice
26,161,171,-8.235294117647062,mixed_snow_ice
26,162,204,-5.0,debris_rock
26,163,190,-6.372549019607842,debris_rock
26,164,173,-8.03921568627451,mixed_snow_ice
26,165,171,-8.235294117647062,mixed_snow_ice
26,166,218,-3.627450980392158,debris_rock
26,167,171,-8.235294117647062,mixed_snow_ice
26,168,227,-2.745098039215687,debris_rock
26,169,234,-2.0588235294117645,debris_rock
26,170,175,-7.843137254901961,mixed_snow_ice
26,171,155,-9.803921568627452,clean_glacier_ice
26,172,151,-10.196078431372548,clean_glacier_ice
26,173,149,-10.392156862745097,clean_glacier_ice
26,174,118,-13.431372549019608,regular_glacier_ice
26,175,154,-9.901960784313726,clean_glacier_ice
26,176,192,-6.1764705882352935,debris_rock
26,177,255,0.0,debris_rock
26,178,241,-1.3725490196078454,debris_rock
26,179,163,-9.019607843137257,clean_glacier_ice
26,180,215,-3.9215686274509807,debris_rock
26,181,84,-16.764705882352942,deep_glacier_ice
26,182,163,-9.019607843137257,clean_glacier_ice
26,183,224,-3.0392156862745097,debris_rock
26,184,170,-8.333333333333336,mixed_snow_ice
26,185,146,-10.686274509803923,clean_glacier_ice
26,186,151,-10.196078431372548,clean_glacier_ice
26,187,234,-2.0588235294117645,debris_rock
26,188,211,-4.313725490196081,debris_rock
26,189,195,-5.882352941176471,debris_rock
26,190,204,-5.0,debris_rock
26,191,184,-6.96078431372549,mixed_snow_ice
26,192,164,-8.92156862745098,clean_glacier_ice
26,193,152,-10.098039215686274,clean_glacier_ice
26,194,139,-11.372549019607844,clean_glacier_ice
26,195,144,-10.882352941176471,clean_glacier_ice
26,196,152,-10.098039215686274,clean_glacier_ice
26,197,178,-7.549019607843139,mixed_snow_ice
26,198,163,-9.019607843137257,clean_glacier_ice
26,199,165,-8.823529411764707,clean_glacier_ice
26,200,148,-10.49019607843137,clean_glacier_ice
26,201,174,-7.9411764705882355,mixed_snow_ice
26,202,161,-9.215686274509805,clean_glacier_ice
26,203,167,-8.627450980392158,mixed_snow_ice
26,204,182,-7.156862745098039,mixed_snow_ice
26,205,166,-8.725490196078432,mixed_snow_ice
26,206,144,-10.882352941176471,clean_glacier_ice
26,207,144,-10.882352941176471,clean_glacier_ice
26,208,166,-8.725490196078432,mixed_snow_ice
26,209,166,-8.725490196078432,mixed_snow_ice
26,210,173,-8.03921568627451,mixed_snow_ice
26,211,171,-8.235294117647062,mixed_snow_ice
26,212,183,-7.0588235294117645,mixed_snow_ice
26,213,167,-8.627450980392158,mixed_snow_ice
26,214,174,-7.9411764705882355,mixed_snow_ice
26,215,172,-8.137254901960784,mixed_snow_ice
26,216,176,-7.745098039215687,mixed_snow_ice
26,217,194,-5.980392156862745,debris_rock
26,218,187,-6.666666666666668,debris_rock
26,219,174,-7.9411764705882355,mixed_snow_ice
26,220,192,-6.1764705882352935,debris_rock
26,221,172,-8.137254901960784,mixed_snow_ice
26,222,156,-9.705882352941176,clean_glacier_ice
27,0,161,-9.215686274509805,clean_glacier_ice
27,1,154,-9.901960784313726,clean_glacier_ice
27,2,185,-6.862745098039216,mixed_snow_ice
27,3,182,-7.156862745098039,mixed_snow_ice
27,4,162,-9.11764705882353,clean_glacier_ice
27,5,172,-8.137254901960784,mixed_snow_ice
27,6,182,-7.156862745098039,mixed_snow_ice
27,7,172,-8.137254901960784,mixed_snow_ice
27,8,162,-9.11764705882353,clean_glacier_ice
27,9,168,-8.529411764705884,mixed_snow_ice
27,10,191,-6.274509803921568,debris_rock
27,11,120,-13.23529411764706,regular_glacier_ice
27,16,220,-3.4313725490196063,debris_rock
27,17,150,-10.294117647058822,clean_glacier_ice
27,18,105,-14.705882352941178,regular_glacier_ice
27,19,218,-3.627450980392158,debris_rock
27,20,208,-4.607843137254903,debris_rock
27,21,173,-8.03921568627451,mixed_snow_ice
27,22,144,-10.882352941176471,clean_glacier_ice
27,23,145,-10.784313725490197,clean_glacier_ice
27,24,120,-13.23529411764706,regular_glacier_ice
27,25,130,-12.254901960784315,clean_glacier_ice
27,26,251,-0.3921568627451002,debris_rock
27,27,158,-9.509803921568627,clean_glacier_ice
27,28,140,-11.274509803921568,clean_glacier_ice
27,29,113,-13.92156862745098,regular_glacier_ice
27,30,83,-16.862745098039216,deep_glacier_ice
27,31,182,-7.156862745098039,mixed_snow_ice
27,32,223,-3.137254901960784,debris_rock
27,33,166,-8.725490196078432,mixed_snow_ice
27,34,92,-15.980392156862745,regular_glacier_ice
27,35,101,-15.098039215686274,regular_glacier_ice
27,36,168,-8.529411764705884,mixed_snow_ice
27,37,136,-11.666666666666666,clean_glacier_ice
27,38,242,-1.2745098039215712,debris_rock
27,39,181,-7.254901960784313,mixed_snow_ice
27,40,224,-3.0392156862745097,debris_rock
27,41,191,-6.274509803921568,debris_rock
27,42,208,-4.607843137254903,debris_rock
27,43,133,-11.960784313725489,clean_glacier_ice
27,44,183,-7.0588235294117645,mixed_snow_ice
27,45,171,-8.235294117647062,mixed_snow_ice
27,46,181,-7.254901960784313,mixed_snow_ice
27,47,115,-13.72549019607843,regular_glacier_ice
27,48,125,-12.745098039215687,regular_glacier_ice
27,51,190,-6.372549019607842,debris_rock
27,52,171,-8.235294117647062,mixed_snow_ice
27,53,168,-8.529411764705884,mixed_snow_ice
27,54,191,-6.274509803921568,debris_rock
27,55,255,0.0,debris_rock
27,56,244,-1.0784313725490193,debris_rock
27,57,201,-5.2941176470588225,debris_rock
27,58,178,-7.549019607843139,mixed_snow_ice
27,59,149,-10.392156862745097,clean_glacier_ice
27,60,95,-15.686274509803921,regular_glacier_ice
27,61,50,-20.098039215686274,deep_glacier_ice
27,62,132,-12.058823529411763,clean_glacier_ice
27,63,163,-9.019607843137257,clean_glacier_ice
27,64,150,-10.294117647058822,clean_glacier_ice
27,65,183,-7.0588235294117645,mixed_snow_ice
27,66,201,-5.2941176470588225,debris_rock
27,67,207,-4.7058823529411775,debris_rock
27,68,198,-5.588235294117645,debris_rock
27,69,190,-6.372549019607842,debris_rock
27,70,222,-3.235294117647058,debris_rock
27,71,215,-3.9215686274509807,debris_rock
27,72,190,-6.372549019607842,debris_rock
27,73,190,-6.372549019607842,debris_rock
27,74,200,-5.392156862745097,debris_rock
27,75,184,-6.96078431372549,mixed_snow_ice
27,76,171,-8.235294117647062,mixed_snow_ice
27,77,219,-3.529411764705884,debris_rock
27,78,206,-4.803921568627452,debris_rock
27,79,208,-4.607843137254903,debris_rock
27,80,171,-8.235294117647062,mixed_snow_ice
27,81,145,-10.784313725490197,clean_glacier_ice
27,82,168,-8.529411764705884,mixed_snow_ice
27,83,189,-6.470588235294116,debris_rock
27,84,190,-6.372549019607842,debris_rock
27,85,219,-3.529411764705884,debris_rock
27,86,221,-3.333333333333332,debris_rock
27,87,195,-5.882352941176471,debris_rock
27,88,217,-3.7254901960784323,debris_rock
27,89,230,-2.450980392156861,debris_rock
27,90,193,-6.078431372549019,debris_rock
27,91,210,-4.411764705882355,debris_rock
27,92,204,-5.0,debris_rock
27,93,163,-9.019607843137257,clean_glacier_ice
27,94,185,-6.862745098039216,mixed_snow_ice
27,95,148,-10.49019607843137,clean_glacier_ice
27,96,155,-9.803921568627452,clean_glacier_ice
27,97,183,-7.0588235294117645,mixed_snow_ice
27,98,189,-6.470588235294116,debris_rock
27,99,192,-6.1764705882352935,debris_rock
27,100,225,-2.9411764705882355,debris_rock
27,101,229,-2.5490196078431353,debris_rock
27,102,178,-7.549019607843139,mixed_snow_ice
27,103,182,-7.156862745098039,mixed_snow_ice
27,104,163,-9.019607843137257,clean_glacier_ice
27,105,167,-8.627450980392158,mixed_snow_ice
27,106,165,-8.823529411764707,clean_glacier_ice
27,107,161,-9.215686274509805,clean_glacier_ice
27,108,180,-7.352941176470587,mixed_snow_ice
27,109,234,-2.0588235294117645,debris_rock
27,110,139,-11.372549019607844,clean_glacier_ice
27,111,207,-4.7058823529411775,debris_rock
27,112,255,0.0,debris_rock
27,113,255,0.0,debris_rock
27,114,165,-8.823529411764707,clean_glacier_ice
27,115,155,-9.803921568627452,clean_glacier_ice
27,116,113,-13.92156862745098,regular_glacier_ice
27,117,127,-12.549019607843137,regular_glacier_ice
27,118,178,-7.549019607843139,mixed_snow_ice
27,119,200,-5.392156862745097,debris_rock
27,120,255,0.0,debris_rock
27,121,192,-6.1764705882352935,debris_rock
27,122,177,-7.647058823529413,mixed_snow_ice
27,123,65,-18.627450980392158,deep_glacier_ice
27,124,109,-14.313725490196079,regular_glacier_ice
27,125,215,-3.9215686274509807,debris_rock
27,126,188,-6.56862745098039,debris_rock
27,127,130,-12.254901960784315,clean_glacier_ice
27,128,192,-6.1764705882352935,debris_rock
27,129,255,0.0,debris_rock
27,130,201,-5.2941176470588225,debris_rock
27,131,232,-2.254901960784313,debris_rock
27,132,190,-6.372549019607842,debris_rock
27,133,189,-6.470588235294116,debris_rock
27,134,170,-8.333333333333336,mixed_snow_ice
27,135,149,-10.392156862745097,clean_glacier_ice
27,136,154,-9.901960784313726,clean_glacier_ice
27,137,170,-8.333333333333336,mixed_snow_ice
27,138,181,-7.254901960784313,mixed_snow_ice
27,139,190,-6.372549019607842,debris_rock
27,140,188,-6.56862745098039,debris_rock
27,141,161,-9.215686274509805,clean_glacier_ice
27,142,170,-8.333333333333336,mixed_snow_ice
27,143,172,-8.137254901960784,mixed_snow_ice
27,144,165,-8.823529411764707,clean_glacier_ice
27,145,141,-11.176470588235293,clean_glacier_ice
27,146,166,-8.725490196078432,mixed_snow_ice
27,147,184,-6.96078431372549,mixed_snow_ice
27,148,160,-9.313725490196079,clean_glacier_ice
27,149,160,-9.313725490196079,clean_glacier_ice
27,150,151,-10.196078431372548,clean_glacier_ice
27,151,171,-8.235294117647062,mixed_snow_ice
27,152,152,-10.098039215686274,clean_glacier_ice
27,153,175,-7.843137254901961,mixed_snow_ice
27,154,189,-6.470588235294116,debris_rock
27,155,163,-9.019607843137257,clean_glacier_ice
27,156,151,-10.196078431372548,clean_glacier_ice
27,157,178,-7.549019607843139,mixed_snow_ice
27,158,166,-8.725490196078432,mixed_snow_ice
27,159,158,-9.509803921568627,clean_glacier_ice
27,160,178,-7.549019607843139,mixed_snow_ice
27,161,163,-9.019607843137257,clean_glacier_ice
27,162,186,-6.764705882352942,debris_rock
27,163,197,-5.686274509803919,debris_rock
27,164,185,-6.862745098039216,mixed_snow_ice
27,165,145,-10.784313725490197,clean_glacier_ice
27,166,170,-8.333333333333336,mixed_snow_ice
27,167,187,-6.666666666666668,debris_rock
27,168,183,-7.0588235294117645,mixed_snow_ice
27,169,147,-10.588235294117649,clean_glacier_ice
27,170,169,-8.43137254901961,mixed_snow_ice
27,171,166,-8.725490196078432,mixed_snow_ice
27,172,167,-8.627450980392158,mixed_snow_ice
27,173,161,-9.215686274509805,clean_glacier_ice
27,174,182,-7.156862745098039,mixed_snow_ice
27,175,190,-6.372549019607842,debris_rock
27,176,154,-9.901960784313726,clean_glacier_ice
27,177,100,-15.196078431372548,regular_glacier_ice
27,181,255,0.0,debris_rock
27,182,151,-10.196078431372548,clean_glacier_ice
27,183,120,-13.23529411764706,regular_glacier_ice
27,185,185,-6.862745098039216,mixed_snow_ice
27,186,188,-6.56862745098039,debris_rock
27,187,132,-12.058823529411763,clean_glacier_ice
27,188,168,-8.529411764705884,mixed_snow_ice
27,189,171,-8.235294117647062,mixed_snow_ice
27,190,190,-6.372549019607842,debris_rock
27,191,227,-2.745098039215687,debris_rock
27,192,154,-9.901960784313726,clean_glacier_ice
27,193,117,-13.529411764705882,regular_glacier_ice
27,194,98,-15.392156862745097,regular_glacier_ice
27,195,128,-12.450980392156863,regular_glacier_ice
27,196,216,-3.8235294117647065,debris_rock
27,197,238,-1.6666666666666679,debris_rock
27,198,127,-12.549019607843137,regular_glacier_ice
27,199,52,-19.901960784313726,deep_glacier_ice
27,200,105,-14.705882352941178,regular_glacier_ice
27,201,146,-10.686274509803923,clean_glacier_ice
27,202,212,-4.215686274509803,debris_rock
27,203,195,-5.882352941176471,debris_rock
27,204,166,-8.725490196078432,mixed_snow_ice
27,205,203,-5.098039215686274,debris_rock
27,206,156,-9.705882352941176,clean_glacier_ice
27,207,205,-4.901960784313726,debris_rock
27,208,179,-7.450980392156865,mixed_snow_ice
27,209,193,-6.078431372549019,debris_rock
27,210,168,-8.529411764705884,mixed_snow_ice
27,211,164,-8.92156862745098,clean_glacier_ice
27,212,108,-14.411764705882353,regular_glacier_ice
27,216,197,-5.686274509803919,debris_rock
27,217,210,-4.411764705882355,debris_rock
27,218,146,-10.686274509803923,clean_glacier_ice
27,219,221,-3.333333333333332,debris_rock
27,220,239,-1.5686274509803937,debris_rock
27,221,197,-5.686274509803919,debris_rock
27,222,164,-8.92156862745098,clean_glacier_ice
28,0,158,-9.509803921568627,clean_glacier_ice
28,1,129,-12.352941176470589,regular_glacier_ice
28,2,126,-12.647058823529411,regular_glacier_ice
28,3,162,-9.11764705882353,clean_glacier_ice
28,4,191,-6.274509803921568,debris_rock
28,5,175,-7.843137254901961,mixed_snow_ice
28,6,185,-6.862745098039216,mixed_snow_ice
28,7,176,-7.745098039215687,mixed_snow_ice
28,8,210,-4.411764705882355,debris_rock
28,9,247,-0.7843137254901968,debris_rock
28,10,211,-4.313725490196081,debris_rock
28,11,173,-8.03921568627451,mixed_snow_ice
28,12,179,-7.450980392156865,mixed_snow_ice
28,13,194,-5.980392156862745,debris_rock
28,14,203,-5.098039215686274,debris_rock
28,15,191,-6.274509803921568,debris_rock
28,16,196,-5.784313725490193,debris_rock
28,17,182,-7.156862745098039,mixed_snow_ice
28,18,202,-5.196078431372548,debris_rock
28,19,212,-4.215686274509803,debris_rock
28,20,241,-1.3725490196078454,debris_rock
28,21,163,-9.019607843137257,clean_glacier_ice
28,22,191,-6.274509803921568,debris_rock
28,23,150,-10.294117647058822,clean_glacier_ice
28,24,178,-7.549019607843139,mixed_snow_ice
28,25,194,-5.980392156862745,debris_rock
28,26,199,-5.490196078431371,debris_rock
28,27,245,-0.9803921568627452,debris_rock
28,28,255,0.0,debris_rock
28,29,135,-11.76470588235294,clean_glacier_ice
28,30,188,-6.56862745098039,debris_rock
28,31,182,-7.156862745098039,mixed_snow_ice
28,32,184,-6.96078431372549,mixed_snow_ice
28,33,195,-5.882352941176471,debris_rock
28,34,223,-3.137254901960784,debris_rock
28,35,255,0.0,debris_rock
28,36,255,0.0,debris_rock
28,37,216,-3.8235294117647065,debris_rock
28,38,173,-8.03921568627451,mixed_snow_ice
28,39,179,-7.450980392156865,mixed_snow_ice
28,40,196,-5.784313725490193,debris_rock
28,41,187,-6.666666666666668,debris_rock
28,42,176,-7.745098039215687,mixed_snow_ice
28,43,194,-5.980392156862745,debris_rock
28,44,175,-7.843137254901961,mixed_snow_ice
28,45,209,-4.509803921568629,debris_rock
28,46,173,-8.03921568627451,mixed_snow_ice
28,47,199,-5.490196078431371,debris_rock
28,48,164,-8.92156862745098,clean_glacier_ice
28,49,156,-9.705882352941176,clean_glacier_ice
28,50,171,-8.235294117647062,mixed_snow_ice
28,51,170,-8.333333333333336,mixed_snow_ice
28,52,192,-6.1764705882352935,debris_rock
28,53,195,-5.882352941176471,debris_rock
28,54,229,-2.5490196078431353,debris_rock
28,55,253,-0.19607843137254832,debris_rock
28,56,216,-3.8235294117647065,debris_rock
28,57,176,-7.745098039215687,mixed_snow_ice
28,58,175,-7.843137254901961,mixed_snow_ice
28,59,203,-5.098039215686274,debris_rock
28,60,255,0.0,debris_rock
28,61,255,0.0,debris_rock
28,62,255,0.0,debris_rock
28,63,190,-6.372549019607842,debris_rock
28,64,197,-5.686274509803919,debris_rock
28,65,88,-16.372549019607845,regular_glacier_ice
28,66,119,-13.333333333333334,regular_glacier_ice
28,67,176,-7.745098039215687,mixed_snow_ice
28,68,192,-6.1764705882352935,debris_rock
28,69,189,-6.470588235294116,debris_rock
28,70,242,-1.2745098039215712,debris_rock
28,71,228,-2.6470588235294095,debris_rock
28,72,218,-3.627450980392158,debris_rock
28,73,217,-3.7254901960784323,debris_rock
28,74,155,-9.803921568627452,clean_glacier_ice
28,75,161,-9.215686274509805,clean_glacier_ice
28,76,141,-11.176470588235293,clean_glacier_ice
28,77,163,-9.019607843137257,clean_glacier_ice
28,78,131,-12.15686274509804,clean_glacier_ice
28,79,175,-7.843137254901961,mixed_snow_ice
28,80,162,-9.11764705882353,clean_glacier_ice
28,81,141,-11.176470588235293,clean_glacier_ice
28,82,162,-9.11764705882353,clean_glacier_ice
28,83,156,-9.705882352941176,clean_glacier_ice
28,84,142,-11.07843137254902,clean_glacier_ice
28,85,182,-7.156862745098039,mixed_snow_ice
28,86,179,-7.450980392156865,mixed_snow_ice
28,87,171,-8.235294117647062,mixed_snow_ice
28,88,166,-8.725490196078432,mixed_snow_ice
28,89,173,-8.03921568627451,mixed_snow_ice
28,90,205,-4.901960784313726,debris_rock
28,91,190,-6.372549019607842,debris_rock
28,92,177,-7.647058823529413,mixed_snow_ice
28,93,148,-10.49019607843137,clean_glacier_ice
28,94,136,-11.666666666666666,clean_glacier_ice
28,95,172,-8.137254901960784,mixed_snow_ice
28,96,127,-12.549019607843137,regular_glacier_ice
28,97,180,-7.352941176470587,mixed_snow_ice
28,98,172,-8.137254901960784,mixed_snow_ice
28,99,165,-8.823529411764707,clean_glacier_ice
28,100,182,-7.156862745098039,mixed_snow_ice
28,101,169,-8.43137254901961,mixed_snow_ice
28,102,163,-9.019607843137257,clean_glacier_ice
28,103,186,-6.764705882352942,debris_rock
28,104,154,-9.901960784313726,clean_glacier_ice
28,105,170,-8.333333333333336,mixed_snow_ice
28,106,166,-8.725490196078432,mixed_snow_ice
28,107,179,-7.450980392156865,mixed_snow_ice
28,108,187,-6.666666666666668,debris_rock
28,109,149,-10.392156862745097,clean_glacier_ice
28,110,184,-6.96078431372549,mixed_snow_ice
28,111,157,-9.607843137254902,clean_glacier_ice
28,112,168,-8.529411764705884,mixed_snow_ice
28,113,148,-10.49019607843137,clean_glacier_ice
28,114,157,-9.607843137254902,clean_glacier_ice
28,115,156,-9.705882352941176,clean_glacier_ice
28,116,155,-9.803921568627452,clean_glacier_ice
28,117,191,-6.274509803921568,debris_rock
28,118,164,-8.92156862745098,clean_glacier_ice
28,119,125,-12.745098039215687,regular_glacier_ice
28,120,142,-11.07843137254902,clean_glacier_ice
28,122,221,-3.333333333333332,debris_rock
28,123,223,-3.137254901960784,debris_rock
28,124,142,-11.07843137254902,clean_glacier_ice
28,125,126,-12.647058823529411,regular_glacier_ice
28,126,158,-9.509803921568627,clean_glacier_ice
28,127,241,-1.3725490196078454,debris_rock
28,128,181,-7.254901960784313,mixed_snow_ice
28,129,160,-9.313725490196079,clean_glacier_ice
28,130,170,-8.333333333333336,mixed_snow_ice
28,131,208,-4.607843137254903,debris_rock
28,132,139,-11.372549019607844,clean_glacier_ice
28,133,162,-9.11764705882353,clean_glacier_ice
28,134,174,-7.9411764705882355,mixed_snow_ice
28,135,106,-14.607843137254902,regular_glacier_ice
28,136,93,-15.882352941176471,regular_glacier_ice
28,137,140,-11.274509803921568,clean_glacier_ice
28,138,208,-4.607843137254903,debris_rock
28,139,239,-1.5686274509803937,debris_rock
28,140,75,-17.647058823529413,deep_glacier_ice
28,141,92,-15.980392156862745,regular_glacier_ice
28,142,137,-11.568627450980392,clean_glacier_ice
28,143,144,-10.882352941176471,clean_glacier_ice
28,144,250,-0.49019607843137436,debris_rock
28,145,166,-8.725490196078432,mixed_snow_ice
28,146,161,-9.215686274509805,clean_glacier_ice
28,147,187,-6.666666666666668,debris_rock
28,148,148,-10.49019607843137,clean_glacier_ice
28,149,165,-8.823529411764707,clean_glacier_ice
28,150,194,-5.980392156862745,debris_rock
28,151,201,-5.2941176470588225,debris_rock
28,152,171,-8.235294117647062,mixed_snow_ice
28,153,141,-11.176470588235293,clean_glacier_ice
28,154,104,-14.803921568627452,regular_glacier_ice
28,158,253,-0.19607843137254832,debris_rock
28,159,212,-4.215686274509803,debris_rock
28,160,147,-10.588235294117649,clean_glacier_ice
28,161,153,-10.0,clean_glacier_ice
28,162,223,-3.137254901960784,debris_rock
28,163,254,-0.09803921568627416,debris_rock
28,164,212,-4.215686274509803,debris_rock
28,165,151,-10.196078431372548,clean_glacier_ice
28,166,127,-12.549019607843137,regular_glacier_ice
28,167,176,-7.745098039215687,mixed_snow_ice
28,168,182,-7.156862745098039,mixed_snow_ice
28,169,182,-7.156862745098039,mixed_snow_ice
28,170,185,-6.862745098039216,mixed_snow_ice
28,171,204,-5.0,debris_rock
28,172,223,-3.137254901960784,debris_rock
28,173,244,-1.0784313725490193,debris_rock
28,174,219,-3.529411764705884,debris_rock
28,175,195,-5.882352941176471,debris_rock
28,176,186,-6.764705882352942,debris_rock
28,177,188,-6.56862745098039,debris_rock
28,178,191,-6.274509803921568,debris_rock
28,179,221,-3.333333333333332,debris_rock
28,180,174,-7.9411764705882355,mixed_snow_ice
28,181,209,-4.509803921568629,debris_rock
28,182,188,-6.56862745098039,debris_rock
28,183,190,-6.372549019607842,debris_rock
28,184,246,-0.882352941176471,debris_rock
28,185,241,-1.3725490196078454,debris_rock
28,186,167,-8.627450980392158,mixed_snow_ice
28,187,124,-12.843137254901961,regular_glacier_ice
28,188,189,-6.470588235294116,debris_rock
28,189,189,-6.470588235294116,debris_rock
28,190,188,-6.56862745098039,debris_rock
28,191,208,-4.607843137254903,debris_rock
28,192,229,-2.5490196078431353,debris_rock
28,193,255,0.0,debris_rock
28,194,219,-3.529411764705884,debris_rock
28,195,175,-7.843137254901961,mixed_snow_ice
28,196,219,-3.529411764705884,debris_rock
28,197,215,-3.9215686274509807,debris_rock
28,198,245,-0.9803921568627452,debris_rock
28,199,208,-4.607843137254903,debris_rock
28,200,222,-3.235294117647058,debris_rock
28,201,222,-3.235294117647058,debris_rock
28,202,230,-2.450980392156861,debris_rock
28,203,188,-6.56862745098039,debris_rock
28,204,164,-8.92156862745098,clean_glacier_ice
28,205,197,-5.686274509803919,debris_rock
28,206,165,-8.823529411764707,clean_glacier_ice
28,207,231,-2.352941176470587,debris_rock
28,208,237,-1.764705882352942,debris_rock
28,209,188,-6.56862745098039,debris_rock
28,210,211,-4.313725490196081,debris_rock
28,211,200,-5.392156862745097,debris_rock
28,212,179,-7.450980392156865,mixed_snow_ice
28,213,223,-3.137254901960784,debris_rock
28,214,149,-10.392156862745097,clean_glacier_ice
28,215,170,-8.333333333333336,mixed_snow_ice
28,216,140,-11.274509803921568,clean_glacier_ice
28,217,195,-5.882352941176471,debris_rock
28,218,228,-2.6470588235294095,debris_rock
28,219,224,-3.0392156862745097,debris_rock
28,220,186,-6.764705882352942,debris_rock
28,221,250,-0.49019607843137436,debris_rock
28,222,255,0.0,debris_rock
29,0,200,-5.392156862745097,debris_rock
29,1,224,-3.0392156862745097,debris_rock
29,2,255,0.0,debris_rock
29,3,253,-0.19607843137254832,debris_rock
29,4,255,0.0,debris_rock
29,5,203,-5.098039215686274,debris_rock
29,6,207,-4.7058823529411775,debris_rock
29,7,139,-11.372549019607844,clean_glacier_ice
29,8,159,-9.411764705882353,clean_glacier_ice
29,9,213,-4.117647058823529,debris_rock
29,10,196,-5.784313725490193,debris_rock
29,11,121,-13.137254901960786,regular_glacier_ice
29,12,247,-0.7843137254901968,debris_rock
29,13,176,-7.745098039215687,mixed_snow_ice
29,14,189,-6.470588235294116,debris_rock
29,15,217,-3.7254901960784323,debris_rock
29,16,146,-10.686274509803923,clean_glacier_ice
29,17,162,-9.11764705882353,clean_glacier_ice
29,18,191,-6.274509803921568,debris_rock
29,19,161,-9.215686274509805,clean_glacier_ice
29,20,137,-11.568627450980392,clean_glacier_ice
29,21,164,-8.92156862745098,clean_glacier_ice
29,22,180,-7.352941176470587,mixed_snow_ice
29,23,140,-11.274509803921568,clean_glacier_ice
29,24,158,-9.509803921568627,clean_glacier_ice
29,25,143,-10.980392156862745,clean_glacier_ice
29,26,162,-9.11764705882353,clean_glacier_ice
29,27,167,-8.627450980392158,mixed_snow_ice
29,28,158,-9.509803921568627,clean_glacier_ice
29,29,208,-4.607843137254903,debris_rock
29,30,160,-9.313725490196079,clean_glacier_ice
29,31,174,-7.9411764705882355,mixed_snow_ice
29,32,173,-8.03921568627451,mixed_snow_ice
29,33,177,-7.647058823529413,mixed_snow_ice
29,34,152,-10.098039215686274,clean_glacier_ice
29,35,175,-7.843137254901961,mixed_snow_ice
29,36,153,-10.0,clean_glacier_ice
29,37,152,-10.098039215686274,clean_glacier_ice
29,38,133,-11.960784313725489,clean_glacier_ice
29,39,179,-7.450980392156865,mixed_snow_ice
29,40,152,-10.098039215686274,clean_glacier_ice
29,41,162,-9.11764705882353,clean_glacier_ice
29,42,165,-8.823529411764707,clean_glacier_ice
29,43,155,-9.803921568627452,clean_glacier_ice
29,44,157,-9.607843137254902,clean_glacier_ice
29,45,170,-8.333333333333336,mixed_snow_ice
29,46,142,-11.07843137254902,clean_glacier_ice
29,47,158,-9.509803921568627,clean_glacier_ice
29,48,186,-6.764705882352942,debris_rock
29,49,197,-5.686274509803919,debris_rock
29,50,188,-6.56862745098039,debris_rock
29,51,190,-6.372549019607842,debris_rock
29,52,166,-8.725490196078432,mixed_snow_ice
29,53,166,-8.725490196078432,mixed_snow_ice
29,54,174,-7.9411764705882355,mixed_snow_ice
29,55,168,-8.529411764705884,mixed_snow_ice
29,56,169,-8.43137254901961,mixed_snow_ice
29,57,161,-9.215686274509805,clean_glacier_ice
29,58,159,-9.411764705882353,clean_glacier_ice
29,59,180,-7.352941176470587,mixed_snow_ice
29,60,168,-8.529411764705884,mixed_snow_ice
29,61,133,-11.960784313725489,clean_glacier_ice
29,62,135,-11.76470588235294,clean_glacier_ice
29,64,200,-5.392156862745097,debris_rock
29,65,197,-5.686274509803919,debris_rock
29,66,163,-9.019607843137257,clean_glacier_ice
29,67,197,-5.686274509803919,debris_rock
29,70,141,-11.176470588235293,clean_glacier_ice
29,71,228,-2.6470588235294095,debris_rock
29,72,177,-7.647058823529413,mixed_snow_ice
29,73,135,-11.76470588235294,clean_glacier_ice
29,74,111,-14.117647058823529,regular_glacier_ice
29,75,131,-12.15686274509804,clean_glacier_ice
29,76,170,-8.333333333333336,mixed_snow_ice
29,77,121,-13.137254901960786,regular_glacier_ice
29,78,110,-14.215686274509803,regular_glacier_ice
29,79,187,-6.666666666666668,debris_rock
29,80,161,-9.215686274509805,clean_glacier_ice
29,81,209,-4.509803921568629,debris_rock
29,82,181,-7.254901960784313,mixed_snow_ice
29,83,122,-13.03921568627451,regular_glacier_ice
29,84,158,-9.509803921568627,clean_glacier_ice
29,85,166,-8.725490196078432,mixed_snow_ice
29,86,243,-1.176470588235297,debris_rock
29,87,138,-11.470588235294118,clean_glacier_ice
29,88,177,-7.647058823529413,mixed_snow_ice
29,89,172,-8.137254901960784,mixed_snow_ice
29,90,159,-9.411764705882353,clean_glacier_ice
29,91,148,-10.49019607843137,clean_glacier_ice
29,92,139,-11.372549019607844,clean_glacier_ice
29,93,146,-10.686274509803923,clean_glacier_ice
29,94,162,-9.11764705882353,clean_glacier_ice
29,95,136,-11.666666666666666,clean_glacier_ice
29,96,106,-14.607843137254902,regular_glacier_ice
29,101,235,-1.9607843137254903,debris_rock
29,102,178,-7.549019607843139,mixed_snow_ice
29,103,163,-9.019607843137257,clean_glacier_ice
29,104,255,0.0,debris_rock
29,105,234,-2.0588235294117645,debris_rock
29,106,132,-12.058823529411763,clean_glacier_ice
29,107,125,-12.745098039215687,regular_glacier_ice
29,108,189,-6.470588235294116,debris_rock
29,109,250,-0.49019607843137436,debris_rock
29,110,247,-0.7843137254901968,debris_rock
29,111,245,-0.9803921568627452,debris_rock
29,112,245,-0.9803921568627452,debris_rock
29,113,198,-5.588235294117645,debris_rock
29,114,162,-9.11764705882353,clean_glacier_ice
29,115,160,-9.313725490196079,clean_glacier_ice
29,116,179,-7.450980392156865,mixed_snow_ice
29,117,186,-6.764705882352942,debris_rock
29,118,187,-6.666666666666668,debris_rock
29,119,198,-5.588235294117645,debris_rock
29,120,210,-4.411764705882355,debris_rock
29,121,208,-4.607843137254903,debris_rock
29,122,196,-5.784313725490193,debris_rock
29,123,203,-5.098039215686274,debris_rock
29,124,203,-5.098039215686274,debris_rock
29,125,212,-4.215686274509803,debris_rock
29,126,199,-5.490196078431371,debris_rock
29,127,182,-7.156862745098039,mixed_snow_ice
29,128,157,-9.607843137254902,clean_glacier_ice
29,129,168,-8.529411764705884,mixed_snow_ice
29,130,160,-9.313725490196079,clean_glacier_ice
29,131,178,-7.549019607843139,mixed_snow_ice
29,132,196,-5.784313725490193,debris_rock
29,133,172,-8.137254901960784,mixed_snow_ice
29,134,203,-5.098039215686274,debris_rock
29,135,205,-4.901960784313726,debris_rock
29,136,213,-4.117647058823529,debris_rock
29,137,218,-3.627450980392158,debris_rock
29,138,186,-6.764705882352942,debris_rock
29,139,182,-7.156862745098039,mixed_snow_ice
29,140,220,-3.4313725490196063,debris_rock
29,141,203,-5.098039215686274,debris_rock
29,142,188,-6.56862745098039,debris_rock
29,143,218,-3.627450980392158,debris_rock
29,144,202,-5.196078431372548,debris_rock
29,145,194,-5.980392156862745,debris_rock
29,146,184,-6.96078431372549,mixed_snow_ice
29,147,200,-5.392156862745097,debris_rock
29,148,212,-4.215686274509803,debris_rock
29,149,221,-3.333333333333332,debris_rock
29,150,208,-4.607843137254903,debris_rock
29,151,190,-6.372549019607842,debris_rock
29,152,194,-5.980392156862745,debris_rock
29,153,207,-4.7058823529411775,debris_rock
29,154,221,-3.333333333333332,debris_rock
29,155,194,-5.980392156862745,debris_rock
29,156,152,-10.098039215686274,clean_glacier_ice
29,157,185,-6.862745098039216,mixed_snow_ice
29,158,181,-7.254901960784313,mixed_snow_ice
29,159,175,-7.843137254901961,mixed_snow_ice
29,160,220,-3.4313725490196063,debris_rock
29,161,205,-4.901960784313726,debris_rock
29,162,221,-3.333333333333332,debris_rock
29,163,187,-6.666666666666668,debris_rock
29,164,255,0.0,debris_rock
29,165,231,-2.352941176470587,debris_rock
29,166,243,-1.176470588235297,debris_rock
29,167,255,0.0,debris_rock
29,168,255,0.0,debris_rock
29,169,255,0.0,debris_rock
29,170,226,-2.8431372549019613,debris_rock
29,171,201,-5.2941176470588225,debris_rock
29,172,83,-16.862745098039216,deep_glacier_ice
29,173,180,-7.352941176470587,mixed_snow_ice
29,174,231,-2.352941176470587,debris_rock
29,175,151,-10.196078431372548,clean_glacier_ice
29,176,193,-6.078431372549019,debris_rock
29,177,251,-0.3921568627451002,debris_rock
29,178,204,-5.0,debris_rock
29,179,183,-7.0588235294117645,mixed_snow_ice
29,180,169,-8.43137254901961,mixed_snow_ice
29,181,159,-9.411764705882353,clean_glacier_ice
29,182,154,-9.901960784313726,clean_glacier_ice
29,183,149,-10.392156862745097,clean_glacier_ice
29,184,129,-12.352941176470589,regular_glacier_ice
29,185,135,-11.76470588235294,clean_glacier_ice
29,186,160,-9.313725490196079,clean_glacier_ice
29,187,156,-9.705882352941176,clean_glacier_ice
29,188,152,-10.098039215686274,clean_glacier_ice
29,189,145,-10.784313725490197,clean_glacier_ice
29,190,119,-13.333333333333334,regular_glacier_ice
29,194,209,-4.509803921568629,debris_rock
29,195,160,-9.313725490196079,clean_glacier_ice
29,196,140,-11.274509803921568,clean_glacier_ice
29,197,137,-11.568627450980392,clean_glacier_ice
29,198,175,-7.843137254901961,mixed_snow_ice
29,199,142,-11.07843137254902,clean_glacier_ice
29,200,175,-7.843137254901961,mixed_snow_ice
29,201,176,-7.745098039215687,mixed_snow_ice
29,202,180,-7.352941176470587,mixed_snow_ice
29,203,164,-8.92156862745098,clean_glacier_ice
29,204,175,-7.843137254901961,mixed_snow_ice
29,205,165,-8.823529411764707,clean_glacier_ice
29,206,193,-6.078431372549019,debris_rock
29,207,166,-8.725490196078432,mixed_snow_ice
29,208,157,-9.607843137254902,clean_glacier_ice
29,209,146,-10.686274509803923,clean_glacier_ice
29,210,162,-9.11764705882353,clean_glacier_ice
29,211,157,-9.607843137254902,clean_glacier_ice
29,212,171,-8.235294117647062,mixed_snow_ice
29,213,152,-10.098039215686274,clean_glacier_ice
29,214,182,-7.156862745098039,mixed_snow_ice
29,215,170,-8.333333333333336,mixed_snow_ice
29,216,163,-9.019607843137257,clean_glacier_ice
29,217,180,-7.352941176470587,mixed_snow_ice
29,218,198,-5.588235294117645,debris_rock
29,219,175,-7.843137254901961,mixed_snow_ice
29,220,206,-4.803921568627452,debris_rock
29,221,175,-7.843137254901961,mixed_snow_ice
29,222,164,-8.92156862745098,clean_glacier_ice
30,0,126,-12.647058823529411,regular_glacier_ice
30,1,191,-6.274509803921568,debris_rock
30,2,165,-8.823529411764707,clean_glacier_ice
30,3,151,-10.196078431372548,clean_glacier_ice
30,4,137,-11.568627450980392,clean_glacier_ice
30,5,196,-5.784313725490193,debris_rock
30,6,209,-4.509803921568629,debris_rock
30,7,138,-11.470588235294118,clean_glacier_ice
30,8,194,-5.980392156862745,debris_rock
30,9,197,-5.686274509803919,debris_rock
30,13,229,-2.5490196078431353,debris_rock
30,14,177,-7.647058823529413,mixed_snow_ice
30,15,134,-11.862745098039214,clean_glacier_ice
30,16,162,-9.11764705882353,clean_glacier_ice
30,17,140,-11.274509803921568,clean_glacier_ice
30,18,141,-11.176470588235293,clean_glacier_ice
30,19,122,-13.03921568627451,regular_glacier_ice
30,20,108,-14.411764705882353,regular_glacier_ice
30,21,206,-4.803921568627452,debris_rock
30,22,143,-10.980392156862745,clean_glacier_ice
30,23,196,-5.784313725490193,debris_rock
30,24,151,-10.196078431372548,clean_glacier_ice
30,25,82,-16.96078431372549,deep_glacier_ice
30,26,175,-7.843137254901961,mixed_snow_ice
30,27,174,-7.9411764705882355,mixed_snow_ice
30,28,226,-2.8431372549019613,debris_rock
30,29,226,-2.8431372549019613,debris_rock
30,30,137,-11.568627450980392,clean_glacier_ice
30,31,198,-5.588235294117645,debris_rock
30,32,150,-10.294117647058822,clean_glacier_ice
30,33,106,-14.607843137254902,regular_glacier_ice
30,34,120,-13.23529411764706,regular_glacier_ice
30,35,139,-11.372549019607844,clean_glacier_ice
30,36,100,-15.196078431372548,regular_glacier_ice
30,43,235,-1.9607843137254903,debris_rock
30,44,168,-8.529411764705884,mixed_snow_ice
30,45,203,-5.098039215686274,debris_rock
30,46,226,-2.8431372549019613,debris_rock
30,47,206,-4.803921568627452,debris_rock
30,48,137,-11.568627450980392,clean_glacier_ice
30,49,117,-13.529411764705882,regular_glacier_ice
30,50,166,-8.725490196078432,mixed_snow_ice
30,51,187,-6.666666666666668,debris_rock
30,52,196,-5.784313725490193,debris_rock
30,53,236,-1.8627450980392162,debris_rock
30,54,210,-4.411764705882355,debris_rock
30,55,208,-4.607843137254903,debris_rock
30,56,190,-6.372549019607842,debris_rock
30,57,165,-8.823529411764707,clean_glacier_ice
30,58,195,-5.882352941176471,debris_rock
30,59,206,-4.803921568627452,debris_rock
30,60,224,-3.0392156862745097,debris_rock
30,61,214,-4.019607843137255,debris_rock
30,62,210,-4.411764705882355,debris_rock
30,63,199,-5.490196078431371,debris_rock
30,64,205,-4.901960784313726,debris_rock
30,65,191,-6.274509803921568,debris_rock
30,66,199,-5.490196078431371,debris_rock
30,67,228,-2.6470588235294095,debris_rock
30,68,181,-7.254901960784313,mixed_snow_ice
30,69,192,-6.1764705882352935,debris_rock
30,70,209,-4.509803921568629,debris_rock
30,71,174,-7.9411764705882355,mixed_snow_ice
30,72,194,-5.980392156862745,debris_rock
30,73,165,-8.823529411764707,clean_glacier_ice
30,74,205,-4.901960784313726,debris_rock
30,75,199,-5.490196078431371,debris_rock
30,76,187,-6.666666666666668,debris_rock
30,77,203,-5.098039215686274,debris_rock
30,78,176,-7.745098039215687,mixed_snow_ice
30,79,233,-2.1568627450980387,debris_rock
30,80,208,-4.607843137254903,debris_rock
30,81,195,-5.882352941176471,debris_rock
30,82,193,-6.078431372549019,debris_rock
30,83,165,-8.823529411764707,clean_glacier_ice
30,84,240,-1.4705882352941195,debris_rock
30,85,194,-5.980392156862745,debris_rock
30,86,162,-9.11764705882353,clean_glacier_ice
30,87,215,-3.9215686274509807,debris_rock
30,88,169,-8.43137254901961,mixed_snow_ice
30,89,169,-8.43137254901961,mixed_snow_ice
30,90,212,-4.215686274509803,debris_rock
30,91,226,-2.8431372549019613,debris_rock
30,92,203,-5.098039215686274,debris_rock
30,93,204,-5.0,debris_rock
30,94,192,-6.1764705882352935,debris_rock
30,95,174,-7.9411764705882355,mixed_snow_ice
30,96,214,-4.019607843137255,debris_rock
30,97,201,-5.2941176470588225,debris_rock
30,98,149,-10.392156862745097,clean_glacier_ice
30,99,189,-6.470588235294116,debris_rock
30,100,191,-6.274509803921568,debris_rock
30,101,181,-7.254901960784313,mixed_snow_ice
30,102,176,-7.745098039215687,mixed_snow_ice
30,103,211,-4.313725490196081,debris_rock
30,104,196,-5.784313725490193,debris_rock
30,105,211,-4.313725490196081,debris_rock
30,106,198,-5.588235294117645,debris_rock
30,107,173,-8.03921568627451,mixed_snow_ice
30,108,156,-9.705882352941176,clean_glacier_ice
30,109,139,-11.372549019607844,clean_glacier_ice
30,110,164,-8.92156862745098,clean_glacier_ice
30,111,194,-5.980392156862745,debris_rock
30,112,218,-3.627450980392158,debris_rock
30,113,221,-3.333333333333332,debris_rock
30,114,96,-15.588235294117647,regular_glacier_ice
30,115,185,-6.862745098039216,mixed_snow_ice
30,116,231,-2.352941176470587,debris_rock
30,117,203,-5.098039215686274,debris_rock
30,118,200,-5.392156862745097,debris_rock
30,119,236,-1.8627450980392162,debris_rock
30,120,210,-4.411764705882355,debris_rock
30,121,161,-9.215686274509805,clean_glacier_ice
30,122,177,-7.647058823529413,mixed_snow_ice
30,123,179,-7.450980392156865,mixed_snow_ice
30,124,171,-8.235294117647062,mixed_snow_ice
30,125,144,-10.882352941176471,clean_glacier_ice
30,126,149,-10.392156862745097,clean_glacier_ice
30,127,168,-8.529411764705884,mixed_snow_ice
30,128,125,-12.745098039215687,regular_glacier_ice
30,129,102,-15.0,regular_glacier_ice
30,136,204,-5.0,debris_rock
30,137,140,-11.274509803921568,clean_glacier_ice
30,138,147,-10.588235294117649,clean_glacier_ice
30,139,159,-9.411764705882353,clean_glacier_ice
30,140,162,-9.11764705882353,clean_glacier_ice
30,141,114,-13.823529411764705,regular_glacier_ice
30,142,139,-11.372549019607844,clean_glacier_ice
30,143,181,-7.254901960784313,mixed_snow_ice
30,144,193,-6.078431372549019,debris_rock
30,145,190,-6.372549019607842,debris_rock
30,146,157,-9.607843137254902,clean_glacier_ice
30,147,175,-7.843137254901961,mixed_snow_ice
30,148,187,-6.666666666666668,debris_rock
30,149,179,-7.450980392156865,mixed_snow_ice
30,150,180,-7.352941176470587,mixed_snow_ice
30,151,166,-8.725490196078432,mixed_snow_ice
30,152,153,-10.0,clean_glacier_ice
30,153,154,-9.901960784313726,clean_glacier_ice
30,154,162,-9.11764705882353,clean_glacier_ice
30,155,159,-9.411764705882353,clean_glacier_ice
30,156,141,-11.176470588235293,clean_glacier_ice
30,157,157,-9.607843137254902,clean_glacier_ice
30,158,165,-8.823529411764707,clean_glacier_ice
30,159,183,-7.0588235294117645,mixed_snow_ice
30,160,196,-5.784313725490193,debris_rock
30,161,197,-5.686274509803919,debris_rock
30,162,185,-6.862745098039216,mixed_snow_ice
30,163,181,-7.254901960784313,mixed_snow_ice
30,164,216,-3.8235294117647065,debris_rock
30,165,152,-10.098039215686274,clean_glacier_ice
30,166,151,-10.196078431372548,clean_glacier_ice
30,167,176,-7.745098039215687,mixed_snow_ice
30,168,163,-9.019607843137257,clean_glacier_ice
30,169,157,-9.607843137254902,clean_glacier_ice
30,170,129,-12.352941176470589,regular_glacier_ice
30,171,153,-10.0,clean_glacier_ice
30,172,205,-4.901960784313726,debris_rock
30,173,181,-7.254901960784313,mixed_snow_ice
30,178,157,-9.607843137254902,clean_glacier_ice
30,179,148,-10.49019607843137,clean_glacier_ice
30,180,192,-6.1764705882352935,debris_rock
30,181,221,-3.333333333333332,debris_rock
30,182,160,-9.313725490196079,clean_glacier_ice
30,183,167,-8.627450980392158,mixed_snow_ice
30,184,117,-13.529411764705882,regular_glacier_ice
30,185,92,-15.980392156862745,regular_glacier_ice
30,186,205,-4.901960784313726,debris_rock
30,187,209,-4.509803921568629,debris_rock
30,188,181,-7.254901960784313,mixed_snow_ice
30,189,154,-9.901960784313726,clean_glacier_ice
30,190,93,-15.882352941176471,regular_glacier_ice
30,191,102,-15.0,regular_glacier_ice
30,192,142,-11.07843137254902,clean_glacier_ice
30,193,186,-6.764705882352942,debris_rock
30,194,226,-2.8431372549019613,debris_rock
30,195,149,-10.392156862745097,clean_glacier_ice
30,196,183,-7.0588235294117645,mixed_snow_ice
30,197,106,-14.607843137254902,regular_glacier_ice
30,198,101,-15.098039215686274,regular_glacier_ice
30,199,164,-8.92156862745098,clean_glacier_ice
30,200,181,-7.254901960784313,mixed_snow_ice
30,201,120,-13.23529411764706,regular_glacier_ice
30,208,177,-7.647058823529413,mixed_snow_ice
30,209,177,-7.647058823529413,mixed_snow_ice
30,210,201,-5.2941176470588225,debris_rock
30,211,190,-6.372549019607842,debris_rock
30,212,248,-0.6862745098039227,debris_rock
30,213,186,-6.764705882352942,debris_rock
30,214,129,-12.352941176470589,regular_glacier_ice
30,215,168,-8.529411764705884,mixed_snow_ice
30,216,211,-4.313725490196081,debris_rock
30,217,208,-4.607843137254903,debris_rock
30,218,201,-5.2941176470588225,debris_rock
30,219,179,-7.450980392156865,mixed_snow_ice
30,220,121,-13.137254901960786,regular_glacier_ice
30,221,128,-12.450980392156863,regular_glacier_ice
30,222,162,-9.11764705882353,clean_glacier_ice
31,0,186,-6.764705882352942,debris_rock
31,1,213,-4.117647058823529,debris_rock
31,2,255,0.0,debris_rock
31,3,187,-6.666666666666668,debris_rock
31,4,224,-3.0392156862745097,debris_rock
31,5,177,-7.647058823529413,mixed_snow_ice
31,6,232,-2.254901960784313,debris_rock
31,7,181,-7.254901960784313,mixed_snow_ice
31,8,208,-4.607843137254903,debris_rock
31,9,203,-5.098039215686274,debris_rock
31,10,196,-5.784313725490193,debris_rock
31,11,191,-6.274509803921568,debris_rock
31,12,207,-4.7058823529411775,debris_rock
31,13,207,-4.7058823529411775,debris_rock
31,14,193,-6.078431372549019,debris_rock
31,15,195,-5.882352941176471,debris_rock
31,16,184,-6.96078431372549,mixed_snow_ice
31,17,198,-5.588235294117645,debris_rock
31,18,184,-6.96078431372549,mixed_snow_ice
31,19,196,-5.784313725490193,debris_rock
31,20,181,-7.254901960784313,mixed_snow_ice
31,21,179,-7.450980392156865,mixed_snow_ice
31,22,223,-3.137254901960784,debris_rock
31,23,180,-7.352941176470587,mixed_snow_ice
31,24,177,-7.647058823529413,mixed_snow_ice
31,25,154,-9.901960784313726,clean_glacier_ice
31,26,172,-8.137254901960784,mixed_snow_ice
31,27,221,-3.333333333333332,debris_rock
31,28,189,-6.470588235294116,debris_rock
31,29,237,-1.764705882352942,debris_rock
31,30,140,-11.274509803921568,clean_glacier_ice
31,31,125,-12.745098039215687,regular_glacier_ice
31,32,162,-9.11764705882353,clean_glacier_ice
31,33,189,-6.470588235294116,debris_rock
31,34,224,-3.0392156862745097,debris_rock
31,35,216,-3.8235294117647065,debris_rock
31,36,232,-2.254901960784313,debris_rock
31,37,202,-5.196078431372548,debris_rock
31,38,188,-6.56862745098039,debris_rock
31,39,162,-9.11764705882353,clean_glacier_ice
31,40,148,-10.49019607843137,clean_glacier_ice
31,41,133,-11.960784313725489,clean_glacier_ice
31,42,150,-10.294117647058822,clean_glacier_ice
31,43,165,-8.823529411764707,clean_glacier_ice
31,44,207,-4.7058823529411775,debris_rock
31,45,193,-6.078431372549019,debris_rock
31,46,232,-2.254901960784313,debris_rock
31,47,206,-4.803921568627452,debris_rock
31,48,190,-6.372549019607842,debris_rock
31,49,181,-7.254901960784313,mixed_snow_ice
31,50,146,-10.686274509803923,clean_glacier_ice
31,51,152,-10.098039215686274,clean_glacier_ice
31,52,192,-6.1764705882352935,debris_rock
31,53,176,-7.745098039215687,mixed_snow_ice
31,54,184,-6.96078431372549,mixed_snow_ice
31,55,212,-4.215686274509803,debris_rock
31,56,129,-12.352941176470589,regular_glacier_ice
31,57,206,-4.803921568627452,debris_rock
31,58,210,-4.411764705882355,debris_rock
31,59,226,-2.8431372549019613,debris_rock
31,60,205,-4.901960784313726,debris_rock
31,61,247,-0.7843137254901968,debris_rock
31,62,206,-4.803921568627452,debris_rock
31,63,168,-8.529411764705884,mixed_snow_ice
31,64,191,-6.274509803921568,debris_rock
31,65,179,-7.450980392156865,mixed_snow_ice
31,66,160,-9.313725490196079,clean_glacier_ice
31,67,173,-8.03921568627451,mixed_snow_ice
31,68,143,-10.980392156862745,clean_glacier_ice
31,69,169,-8.43137254901961,mixed_snow_ice
31,70,113,-13.92156862745098,regular_glacier_ice
31,78,191,-6.274509803921568,debris_rock
31,79,146,-10.686274509803923,clean_glacier_ice
31,80,145,-10.784313725490197,clean_glacier_ice
31,81,173,-8.03921568627451,mixed_snow_ice
31,82,133,-11.960784313725489,clean_glacier_ice
31,83,149,-10.392156862745097,clean_glacier_ice
31,84,127,-12.549019607843137,regular_glacier_ice
31,85,140,-11.274509803921568,clean_glacier_ice
31,86,170,-8.333333333333336,mixed_snow_ice
31,87,188,-6.56862745098039,debris_rock
31,88,164,-8.92156862745098,clean_glacier_ice
31,89,168,-8.529411764705884,mixed_snow_ice
31,90,171,-8.235294117647062,mixed_snow_ice
31,91,179,-7.450980392156865,mixed_snow_ice
31,92,170,-8.333333333333336,mixed_snow_ice
31,93,157,-9.607843137254902,clean_glacier_ice
31,94,162,-9.11764705882353,clean_glacier_ice
31,95,162,-9.11764705882353,clean_glacier_ice
31,96,135,-11.76470588235294,clean_glacier_ice
31,97,142,-11.07843137254902,clean_glacier_ice
31,98,113,-13.92156862745098,regular_glacier_ice
31,99,159,-9.411764705882353,clean_glacier_ice
31,100,166,-8.725490196078432,mixed_snow_ice
31,101,145,-10.784313725490197,clean_glacier_ice
31,102,170,-8.333333333333336,mixed_snow_ice
31,103,167,-8.627450980392158,mixed_snow_ice
31,104,202,-5.196078431372548,debris_rock
31,105,187,-6.666666666666668,debris_rock
31,106,179,-7.450980392156865,mixed_snow_ice
31,107,176,-7.745098039215687,mixed_snow_ice
31,108,145,-10.784313725490197,clean_glacier_ice
31,109,182,-7.156862745098039,mixed_snow_ice
31,110,192,-6.1764705882352935,debris_rock
31,111,179,-7.450980392156865,mixed_snow_ice
31,112,150,-10.294117647058822,clean_glacier_ice
31,113,134,-11.862745098039214,clean_glacier_ice
31,114,217,-3.7254901960784323,debris_rock
31,115,151,-10.196078431372548,clean_glacier_ice
31,116,138,-11.470588235294118,clean_glacier_ice
31,121,182,-7.156862745098039,mixed_snow_ice
31,122,219,-3.529411764705884,debris_rock
31,123,231,-2.352941176470587,debris_rock
31,124,146,-10.686274509803923,clean_glacier_ice
31,125,138,-11.470588235294118,clean_glacier_ice
31,126,96,-15.588235294117647,regular_glacier_ice
31,127,90,-16.176470588235293,regular_glacier_ice
31,128,194,-5.980392156862745,debris_rock
31,129,224,-3.0392156862745097,debris_rock
31,130,178,-7.549019607843139,mixed_snow_ice
31,131,125,-12.745098039215687,regular_glacier_ice
31,132,111,-14.117647058823529,regular_glacier_ice
31,133,123,-12.941176470588236,regular_glacier_ice
31,134,154,-9.901960784313726,clean_glacier_ice
31,135,205,-4.901960784313726,debris_rock
31,136,184,-6.96078431372549,mixed_snow_ice
31,137,137,-11.568627450980392,clean_glacier_ice
31,138,94,-15.784313725490195,regular_glacier_ice
31,139,94,-15.784313725490195,regular_glacier_ice
31,140,122,-13.03921568627451,regular_glacier_ice
31,143,116,-13.627450980392156,regular_glacier_ice
31,144,162,-9.11764705882353,clean_glacier_ice
31,150,200,-5.392156862745097,debris_rock
31,151,177,-7.647058823529413,mixed_snow_ice
31,152,187,-6.666666666666668,debris_rock
31,153,176,-7.745098039215687,mixed_snow_ice
31,154,226,-2.8431372549019613,debris_rock
31,155,176,-7.745098039215687,mixed_snow_ice
31,156,160,-9.313725490196079,clean_glacier_ice
31,157,201,-5.2941176470588225,debris_rock
31,158,230,-2.450980392156861,debris_rock
31,159,214,-4.019607843137255,debris_rock
31,160,181,-7.254901960784313,mixed_snow_ice
31,161,155,-9.803921568627452,clean_glacier_ice
31,162,148,-10.49019607843137,clean_glacier_ice
31,163,204,-5.0,debris_rock
31,164,235,-1.9607843137254903,debris_rock
31,165,238,-1.6666666666666679,debris_rock
31,166,229,-2.5490196078431353,debris_rock
31,167,209,-4.509803921568629,debris_rock
31,168,196,-5.784313725490193,debris_rock
31,169,202,-5.196078431372548,debris_rock
31,170,192,-6.1764705882352935,debris_rock
31,171,202,-5.196078431372548,debris_rock
31,172,200,-5.392156862745097,debris_rock
31,173,214,-4.019607843137255,debris_rock
31,174,211,-4.313725490196081,debris_rock
31,175,242,-1.2745098039215712,debris_rock
31,176,170,-8.333333333333336,mixed_snow_ice
31,177,181,-7.254901960784313,mixed_snow_ice
31,178,172,-8.137254901960784,mixed_snow_ice
31,179,198,-5.588235294117645,debris_rock
31,180,179,-7.450980392156865,mixed_snow_ice
31,181,179,-7.450980392156865,mixed_snow_ice
31,182,201,-5.2941176470588225,debris_rock
31,183,179,-7.450980392156865,mixed_snow_ice
31,184,178,-7.549019607843139,mixed_snow_ice
31,185,198,-5.588235294117645,debris_rock
31,186,190,-6.372549019607842,debris_rock
31,187,150,-10.294117647058822,clean_glacier_ice
31,188,168,-8.529411764705884,mixed_snow_ice
31,189,180,-7.352941176470587,mixed_snow_ice
31,190,184,-6.96078431372549,mixed_snow_ice
31,191,172,-8.137254901960784,mixed_snow_ice
31,192,180,-7.352941176470587,mixed_snow_ice
31,193,189,-6.470588235294116,debris_rock
31,194,203,-5.098039215686274,debris_rock
31,195,171,-8.235294117647062,mixed_snow_ice
31,196,153,-10.0,clean_glacier_ice
31,197,180,-7.352941176470587,mixed_snow_ice
31,198,173,-8.03921568627451,mixed_snow_ice
31,199,194,-5.980392156862745,debris_rock
31,200,202,-5.196078431372548,debris_rock
31,201,253,-0.19607843137254832,debris_rock
31,202,211,-4.313725490196081,debris_rock
31,203,187,-6.666666666666668,debris_rock
31,204,210,-4.411764705882355,debris_rock
31,205,153,-10.0,clean_glacier_ice
31,206,129,-12.352941176470589,regular_glacier_ice
31,207,144,-10.882352941176471,clean_glacier_ice
31,208,131,-12.15686274509804,clean_glacier_ice
31,209,212,-4.215686274509803,debris_rock
31,210,181,-7.254901960784313,mixed_snow_ice
31,211,195,-5.882352941176471,debris_rock
31,212,219,-3.529411764705884,debris_rock
31,213,191,-6.274509803921568,debris_rock
31,214,170,-8.333333333333336,mixed_snow_ice
31,215,122,-13.03921568627451,regular_glacier_ice
31,216,176,-7.745098039215687,mixed_snow_ice
31,217,209,-4.509803921568629,debris_rock
31,218,210,-4.411764705882355,debris_rock
31,219,178,-7.549019607843139,mixed_snow_ice
31,220,209,-4.509803921568629,debris_rock
31,221,209,-4.509803921568629,debris_rock
31,222,218,-3.627450980392158,debris_rock
32,0,179,-7.450980392156865,mixed_snow_ice
32,1,219,-3.529411764705884,debris_rock
32,2,170,-8.333333333333336,mixed_snow_ice
32,3,192,-6.1764705882352935,debris_rock
32,4,179,-7.450980392156865,mixed_snow_ice
32,5,162,-9.11764705882353,clean_glacier_ice
32,6,165,-8.823529411764707,clean_glacier_ice
32,7,184,-6.96078431372549,mixed_snow_ice
32,8,176,-7.745098039215687,mixed_snow_ice
32,9,164,-8.92156862745098,clean_glacier_ice
32,10,158,-9.509803921568627,clean_glacier_ice
32,11,187,-6.666666666666668,debris_rock
32,12,155,-9.803921568627452,clean_glacier_ice
32,19,195,-5.882352941176471,debris_rock
32,20,163,-9.019607843137257,clean_glacier_ice
32,21,156,-9.705882352941176,clean_glacier_ice
32,22,138,-11.470588235294118,clean_glacier_ice
32,23,124,-12.843137254901961,regular_glacier_ice
32,24,139,-11.372549019607844,clean_glacier_ice
32,25,176,-7.745098039215687,mixed_snow_ice
32,26,166,-8.725490196078432,mixed_snow_ice
32,27,171,-8.235294117647062,mixed_snow_ice
32,28,177,-7.647058823529413,mixed_snow_ice
32,29,181,-7.254901960784313,mixed_snow_ice
32,30,197,-5.686274509803919,debris_rock
32,31,151,-10.196078431372548,clean_glacier_ice
32,32,183,-7.0588235294117645,mixed_snow_ice
32,33,156,-9.705882352941176,clean_glacier_ice
32,34,162,-9.11764705882353,clean_glacier_ice
32,35,160,-9.313725490196079,clean_glacier_ice
32,36,185,-6.862745098039216,mixed_snow_ice
32,37,170,-8.333333333333336,mixed_snow_ice
32,38,116,-13.627450980392156,regular_glacier_ice
32,39,138,-11.470588235294118,clean_glacier_ice
32,40,151,-10.196078431372548,clean_glacier_ice
32,41,133,-11.960784313725489,clean_glacier_ice
32,42,176,-7.745098039215687,mixed_snow_ice
32,43,177,-7.647058823529413,mixed_snow_ice
32,44,142,-11.07843137254902,clean_glacier_ice
32,45,192,-6.1764705882352935,debris_rock
32,46,190,-6.372549019607842,debris_rock
32,47,192,-6.1764705882352935,debris_rock
32,48,171,-8.235294117647062,mixed_snow_ice
32,49,178,-7.549019607843139,mixed_snow_ice
32,50,156,-9.705882352941176,clean_glacier_ice
32,51,172,-8.137254901960784,mixed_snow_ice
32,52,160,-9.313725490196079,clean_glacier_ice
32,53,150,-10.294117647058822,clean_glacier_ice
32,54,154,-9.901960784313726,clean_glacier_ice
32,55,167,-8.627450980392158,mixed_snow_ice
32,56,190,-6.372549019607842,debris_rock
32,57,176,-7.745098039215687,mixed_snow_ice
32,58,121,-13.137254901960786,regular_glacier_ice
32,59,125,-12.745098039215687,regular_glacier_ice
32,62,225,-2.9411764705882355,debris_rock
32,63,136,-11.666666666666666,clean_glacier_ice
32,64,166,-8.725490196078432,mixed_snow_ice
32,65,158,-9.509803921568627,clean_glacier_ice
32,66,87,-16.470588235294116,deep_glacier_ice
32,67,127,-12.549019607843137,regular_glacier_ice
32,68,75,-17.647058823529413,deep_glacier_ice
32,69,28,-22.254901960784313,very_deep_glacier_ice
32,70,159,-9.411764705882353,clean_glacier_ice
32,71,255,0.0,debris_rock
32,72,198,-5.588235294117645,debris_rock
32,73,125,-12.745098039215687,regular_glacier_ice
32,74,88,-16.372549019607845,regular_glacier_ice
32,75,108,-14.411764705882353,regular_glacier_ice
32,76,210,-4.411764705882355,debris_rock
32,77,210,-4.411764705882355,debris_rock
32,78,159,-9.411764705882353,clean_glacier_ice
32,79,109,-14.313725490196079,regular_glacier_ice
32,80,95,-15.686274509803921,regular_glacier_ice
32,81,120,-13.23529411764706,regular_glacier_ice
32,82,110,-14.215686274509803,regular_glacier_ice
32,85,183,-7.0588235294117645,mixed_snow_ice
32,86,159,-9.411764705882353,clean_glacier_ice
32,90,255,0.0,debris_rock
32,91,208,-4.607843137254903,debris_rock
32,92,185,-6.862745098039216,mixed_snow_ice
32,93,175,-7.843137254901961,mixed_snow_ice
32,94,170,-8.333333333333336,mixed_snow_ice
32,95,202,-5.196078431372548,debris_rock
32,96,197,-5.686274509803919,debris_rock
32,97,190,-6.372549019607842,debris_rock
32,98,175,-7.843137254901961,mixed_snow_ice
32,99,188,-6.56862745098039,debris_rock
32,100,201,-5.2941176470588225,debris_rock
32,101,182,-7.156862745098039,mixed_snow_ice
32,102,158,-9.509803921568627,clean_glacier_ice
32,103,153,-10.0,clean_glacier_ice
32,104,187,-6.666666666666668,debris_rock
32,105,206,-4.803921568627452,debris_rock
32,106,214,-4.019607843137255,debris_rock
32,107,197,-5.686274509803919,debris_rock
32,108,194,-5.980392156862745,debris_rock
32,109,233,-2.1568627450980387,debris_rock
32,110,205,-4.901960784313726,debris_rock
32,111,165,-8.823529411764707,clean_glacier_ice
32,112,218,-3.627450980392158,debris_rock
32,113,219,-3.529411764705884,debris_rock
32,114,207,-4.7058823529411775,debris_rock
32,115,200,-5.392156862745097,debris_rock
32,116,193,-6.078431372549019,debris_rock
32,117,196,-5.784313725490193,debris_rock
32,118,172,-8.137254901960784,mixed_snow_ice
32,119,222,-3.235294117647058,debris_rock
32,120,165,-8.823529411764707,clean_glacier_ice
32,121,182,-7.156862745098039,mixed_snow_ice
32,122,165,-8.823529411764707,clean_glacier_ice
32,123,174,-7.9411764705882355,mixed_snow_ice
32,124,182,-7.156862745098039,mixed_snow_ice
32,125,194,-5.980392156862745,debris_rock
32,126,178,-7.549019607843139,mixed_snow_ice
32,127,206,-4.803921568627452,debris_rock
32,128,172,-8.137254901960784,mixed_snow_ice
32,129,176,-7.745098039215687,mixed_snow_ice
32,130,171,-8.235294117647062,mixed_snow_ice
32,131,173,-8.03921568627451,mixed_snow_ice
32,132,175,-7.843137254901961,mixed_snow_ice
32,133,170,-8.333333333333336,mixed_snow_ice
32,134,147,-10.588235294117649,clean_glacier_ice
32,135,170,-8.333333333333336,mixed_snow_ice
32,136,200,-5.392156862745097,debris_rock
32,137,205,-4.901960784313726,debris_rock
32,138,182,-7.156862745098039,mixed_snow_ice
32,139,197,-5.686274509803919,debris_rock
32,140,166,-8.725490196078432,mixed_snow_ice
32,141,190,-6.372549019607842,debris_rock
32,142,152,-10.098039215686274,clean_glacier_ice
32,143,189,-6.470588235294116,debris_rock
32,144,160,-9.313725490196079,clean_glacier_ice
32,145,216,-3.8235294117647065,debris_rock
32,146,220,-3.4313725490196063,debris_rock
32,147,179,-7.450980392156865,mixed_snow_ice
32,148,144,-10.882352941176471,clean_glacier_ice
32,149,147,-10.588235294117649,clean_glacier_ice
32,150,165,-8.823529411764707,clean_glacier_ice
32,151,238,-1.6666666666666679,debris_rock
32,152,216,-3.8235294117647065,debris_rock
32,153,255,0.0,debris_rock
32,154,186,-6.764705882352942,debris_rock
32,155,172,-8.137254901960784,mixed_snow_ice
32,156,253,-0.19607843137254832,debris_rock
32,157,204,-5.0,debris_rock
32,158,143,-10.980392156862745,clean_glacier_ice
32,159,169,-8.43137254901961,mixed_snow_ice
32,160,162,-9.11764705882353,clean_glacier_ice
32,161,173,-8.03921568627451,mixed_snow_ice
32,162,228,-2.6470588235294095,debris_rock
32,163,193,-6.078431372549019,debris_rock
32,164,244,-1.0784313725490193,debris_rock
32,165,190,-6.372549019607842,debris_rock
32,166,169,-8.43137254901961,mixed_snow_ice
32,167,203,-5.098039215686274,debris_rock
32,168,191,-6.274509803921568,debris_rock
32,169,185,-6.862745098039216,mixed_snow_ice
32,170,176,-7.745098039215687,mixed_snow_ice
32,171,158,-9.509803921568627,clean_glacier_ice
32,172,161,-9.215686274509805,clean_glacier_ice
32,173,180,-7.352941176470587,mixed_snow_ice
32,174,150,-10.294117647058822,clean_glacier_ice
32,175,185,-6.862745098039216,mixed_snow_ice
32,176,164,-8.92156862745098,clean_glacier_ice
32,177,152,-10.098039215686274,clean_glacier_ice
32,184,149,-10.392156862745097,clean_glacier_ice
32,185,191,-6.274509803921568,debris_rock
32,186,146,-10.686274509803923,clean_glacier_ice
32,187,183,-7.0588235294117645,mixed_snow_ice
32,188,141,-11.176470588235293,clean_glacier_ice
32,189,160,-9.313725490196079,clean_glacier_ice
32,190,157,-9.607843137254902,clean_glacier_ice
32,191,121,-13.137254901960786,regular_glacier_ice
32,192,139,-11.372549019607844,clean_glacier_ice
32,193,150,-10.294117647058822,clean_glacier_ice
32,194,176,-7.745098039215687,mixed_snow_ice
32,195,174,-7.9411764705882355,mixed_snow_ice
32,196,165,-8.823529411764707,clean_glacier_ice
32,197,176,-7.745098039215687,mixed_snow_ice
32,198,156,-9.705882352941176,clean_glacier_ice
32,199,174,-7.9411764705882355,mixed_snow_ice
32,200,158,-9.509803921568627,clean_glacier_ice
32,201,190,-6.372549019607842,debris_rock
32,202,132,-12.058823529411763,clean_glacier_ice
32,203,155,-9.803921568627452,clean_glacier_ice
32,204,146,-10.686274509803923,clean_glacier_ice
32,205,179,-7.450980392156865,mixed_snow_ice
32,206,164,-8.92156862745098,clean_glacier_ice
32,207,163,-9.019607843137257,clean_glacier_ice
32,208,165,-8.823529411764707,clean_glacier_ice
32,209,155,-9.803921568627452,clean_glacier_ice
32,210,184,-6.96078431372549,mixed_snow_ice
32,211,173,-8.03921568627451,mixed_snow_ice
32,212,172,-8.137254901960784,mixed_snow_ice
32,213,204,-5.0,debris_rock
32,214,186,-6.764705882352942,debris_rock
32,215,167,-8.627450980392158,mixed_snow_ice
32,216,146,-10.686274509803923,clean_glacier_ice
32,217,130,-12.254901960784315,clean_glacier_ice
32,218,126,-12.647058823529411,regular_glacier_ice
32,219,141,-11.176470588235293,clean_glacier_ice
32,220,193,-6.078431372549019,debris_rock
32,221,191,-6.274509803921568,debris_rock
32,222,140,-11.274509803921568,clean_glacier_ice
33,0,145,-10.784313725490197,clean_glacier_ice
33,1,185,-6.862745098039216,mixed_snow_ice
33,2,185,-6.862745098039216,mixed_snow_ice
33,3,187,-6.666666666666668,debris_rock
33,4,159,-9.411764705882353,clean_glacier_ice
33,5,114,-13.823529411764705,regular_glacier_ice
33,6,177,-7.647058823529413,mixed_snow_ice
33,7,122,-13.03921568627451,regular_glacier_ice
33,8,67,-18.431372549019606,deep_glacier_ice
33,9,129,-12.352941176470589,regular_glacier_ice
33,10,70,-18.137254901960784,deep_glacier_ice
33,11,56,-19.509803921568626,deep_glacier_ice
33,12,103,-14.901960784313726,regular_glacier_ice
33,13,201,-5.2941176470588225,debris_rock
33,14,229,-2.5490196078431353,debris_rock
33,15,163,-9.019607843137257,clean_glacier_ice
33,16,112,-14.019607843137255,regular_glacier_ice
33,17,153,-10.0,clean_glacier_ice
33,18,196,-5.784313725490193,debris_rock
33,19,204,-5.0,debris_rock
33,20,140,-11.274509803921568,clean_glacier_ice
33,21,68,-18.333333333333332,deep_glacier_ice
33,28,116,-13.627450980392156,regular_glacier_ice
33,32,190,-6.372549019607842,debris_rock
33,33,172,-8.137254901960784,mixed_snow_ice
33,34,192,-6.1764705882352935,debris_rock
33,35,171,-8.235294117647062,mixed_snow_ice
33,36,175,-7.843137254901961,mixed_snow_ice
33,37,182,-7.156862745098039,mixed_snow_ice
33,38,175,-7.843137254901961,mixed_snow_ice
33,39,195,-5.882352941176471,debris_rock
33,40,172,-8.137254901960784,mixed_snow_ice
33,41,136,-11.666666666666666,clean_glacier_ice
33,42,137,-11.568627450980392,clean_glacier_ice
33,43,132,-12.058823529411763,clean_glacier_ice
33,44,216,-3.8235294117647065,debris_rock
33,45,255,0.0,debris_rock
33,46,254,-0.09803921568627416,debris_rock
33,47,244,-1.0784313725490193,debris_rock
33,48,236,-1.8627450980392162,debris_rock
33,49,255,0.0,debris_rock
33,50,253,-0.19607843137254832,debris_rock
33,51,225,-2.9411764705882355,debris_rock
33,52,173,-8.03921568627451,mixed_snow_ice
33,53,147,-10.588235294117649,clean_glacier_ice
33,54,174,-7.9411764705882355,mixed_snow_ice
33,55,202,-5.196078431372548,debris_rock
33,56,191,-6.274509803921568,debris_rock
33,57,196,-5.784313725490193,debris_rock
33,58,203,-5.098039215686274,debris_rock
33,59,216,-3.8235294117647065,debris_rock
33,60,189,-6.470588235294116,debris_rock
33,61,205,-4.901960784313726,debris_rock
33,62,176,-7.745098039215687,mixed_snow_ice
33,63,168,-8.529411764705884,mixed_snow_ice
33,64,201,-5.2941176470588225,debris_rock
33,65,180,-7.352941176470587,mixed_snow_ice
33,66,189,-6.470588235294116,debris_rock
33,67,205,-4.901960784313726,debris_rock
33,68,180,-7.352941176470587,mixed_snow_ice
33,69,203,-5.098039215686274,debris_rock
33,70,131,-12.15686274509804,clean_glacier_ice
33,71,189,-6.470588235294116,debris_rock
33,72,206,-4.803921568627452,debris_rock
33,73,198,-5.588235294117645,debris_rock
33,74,208,-4.607843137254903,debris_rock
33,75,192,-6.1764705882352935,debris_rock
33,76,199,-5.490196078431371,debris_rock
33,77,148,-10.49019607843137,clean_glacier_ice
33,78,169,-8.43137254901961,mixed_snow_ice
33,79,174,-7.9411764705882355,mixed_snow_ice
33,80,167,-8.627450980392158,mixed_snow_ice
33,81,169,-8.43137254901961,mixed_snow_ice
33,82,169,-8.43137254901961,mixed_snow_ice
33,83,155,-9.803921568627452,clean_glacier_ice
33,84,154,-9.901960784313726,clean_glacier_ice
33,85,139,-11.372549019607844,clean_glacier_ice
33,86,207,-4.7058823529411775,debris_rock
33,87,221,-3.333333333333332,debris_rock
33,88,238,-1.6666666666666679,debris_rock
33,89,189,-6.470588235294116,debris_rock
33,90,178,-7.549019607843139,mixed_snow_ice
33,91,171,-8.235294117647062,mixed_snow_ice
33,92,154,-9.901960784313726,clean_glacier_ice
33,93,176,-7.745098039215687,mixed_snow_ice
33,94,208,-4.607843137254903,debris_rock
33,95,255,0.0,debris_rock
33,96,155,-9.803921568627452,clean_glacier_ice
33,97,200,-5.392156862745097,debris_rock
33,98,224,-3.0392156862745097,debris_rock
33,99,209,-4.509803921568629,debris_rock
33,100,165,-8.823529411764707,clean_glacier_ice
33,101,93,-15.882352941176471,regular_glacier_ice
33,102,175,-7.843137254901961,mixed_snow_ice
33,103,221,-3.333333333333332,debris_rock
33,104,200,-5.392156862745097,debris_rock
33,105,198,-5.588235294117645,debris_rock
33,106,202,-5.196078431372548,debris_rock
33,107,207,-4.7058823529411775,debris_rock
33,108,139,-11.372549019607844,clean_glacier_ice
33,109,175,-7.843137254901961,mixed_snow_ice
33,110,182,-7.156862745098039,mixed_snow_ice
33,111,198,-5.588235294117645,debris_rock
33,112,181,-7.254901960784313,mixed_snow_ice
33,113,163,-9.019607843137257,clean_glacier_ice
33,114,182,-7.156862745098039,mixed_snow_ice
33,115,180,-7.352941176470587,mixed_snow_ice
33,116,172,-8.137254901960784,mixed_snow_ice
33,117,168,-8.529411764705884,mixed_snow_ice
33,118,165,-8.823529411764707,clean_glacier_ice
33,119,174,-7.9411764705882355,mixed_snow_ice
33,125,130,-12.254901960784315,clean_glacier_ice
33,128,175,-7.843137254901961,mixed_snow_ice
33,129,185,-6.862745098039216,mixed_snow_ice
33,130,149,-10.392156862745097,clean_glacier_ice
33,131,143,-10.980392156862745,clean_glacier_ice
33,132,173,-8.03921568627451,mixed_snow_ice
33,133,160,-9.313725490196079,clean_glacier_ice
33,134,142,-11.07843137254902,clean_glacier_ice
33,135,142,-11.07843137254902,clean_glacier_ice
33,136,159,-9.411764705882353,clean_glacier_ice
33,137,134,-11.862745098039214,clean_glacier_ice
33,138,168,-8.529411764705884,mixed_snow_ice
33,139,157,-9.607843137254902,clean_glacier_ice
33,140,175,-7.843137254901961,mixed_snow_ice
33,141,168,-8.529411764705884,mixed_snow_ice
33,142,188,-6.56862745098039,debris_rock
33,143,158,-9.509803921568627,clean_glacier_ice
33,144,143,-10.980392156862745,clean_glacier_ice
33,145,155,-9.803921568627452,clean_glacier_ice
33,146,162,-9.11764705882353,clean_glacier_ice
33,147,187,-6.666666666666668,debris_rock
33,148,147,-10.588235294117649,clean_glacier_ice
33,149,161,-9.215686274509805,clean_glacier_ice
33,150,193,-6.078431372549019,debris_rock
33,151,184,-6.96078431372549,mixed_snow_ice
33,152,172,-8.137254901960784,mixed_snow_ice
33,153,146,-10.686274509803923,clean_glacier_ice
33,154,193,-6.078431372549019,debris_rock
33,155,202,-5.196078431372548,debris_rock
33,156,188,-6.56862745098039,debris_rock
33,157,175,-7.843137254901961,mixed_snow_ice
33,158,158,-9.509803921568627,clean_glacier_ice
33,159,166,-8.725490196078432,mixed_snow_ice
33,160,152,-10.098039215686274,clean_glacier_ice
33,161,151,-10.196078431372548,clean_glacier_ice
33,162,183,-7.0588235294117645,mixed_snow_ice
33,163,200,-5.392156862745097,debris_rock
33,164,198,-5.588235294117645,debris_rock
33,165,126,-12.647058823529411,regular_glacier_ice
33,166,240,-1.4705882352941195,debris_rock
33,167,180,-7.352941176470587,mixed_snow_ice
33,168,116,-13.627450980392156,regular_glacier_ice
33,169,129,-12.352941176470589,regular_glacier_ice
33,170,109,-14.313725490196079,regular_glacier_ice
33,171,125,-12.745098039215687,regular_glacier_ice
33,172,88,-16.372549019607845,regular_glacier_ice
33,173,87,-16.470588235294116,deep_glacier_ice
33,174,97,-15.490196078431373,regular_glacier_ice
33,175,68,-18.333333333333332,deep_glacier_ice
33,176,94,-15.784313725490195,regular_glacier_ice
33,177,162,-9.11764705882353,clean_glacier_ice
33,178,208,-4.607843137254903,debris_rock
33,179,255,0.0,debris_rock
33,180,174,-7.9411764705882355,mixed_snow_ice
33,181,134,-11.862745098039214,clean_glacier_ice
33,182,136,-11.666666666666666,clean_glacier_ice
33,183,209,-4.509803921568629,debris_rock
33,184,117,-13.529411764705882,regular_glacier_ice
33,185,107,-14.509803921568627,regular_glacier_ice
33,192,255,0.0,debris_rock
33,193,145,-10.784313725490197,clean_glacier_ice
33,194,125,-12.745098039215687,regular_glacier_ice
33,195,222,-3.235294117647058,debris_rock
33,196,229,-2.5490196078431353,debris_rock
33,197,163,-9.019607843137257,clean_glacier_ice
33,198,201,-5.2941176470588225,debris_rock
33,199,186,-6.764705882352942,debris_rock
33,200,185,-6.862745098039216,mixed_snow_ice
33,201,182,-7.156862745098039,mixed_snow_ice
33,202,183,-7.0588235294117645,mixed_snow_ice
33,203,181,-7.254901960784313,mixed_snow_ice
33,204,177,-7.647058823529413,mixed_snow_ice
33,205,171,-8.235294117647062,mixed_snow_ice
33,206,159,-9.411764705882353,clean_glacier_ice
33,207,182,-7.156862745098039,mixed_snow_ice
33,208,206,-4.803921568627452,debris_rock
33,209,252,-0.2941176470588225,debris_rock
33,210,255,0.0,debris_rock
33,211,165,-8.823529411764707,clean_glacier_ice
33,212,159,-9.411764705882353,clean_glacier_ice
33,213,190,-6.372549019607842,debris_rock
33,214,207,-4.7058823529411775,debris_rock
33,215,233,-2.1568627450980387,debris_rock
33,216,213,-4.117647058823529,debris_rock
33,217,255,0.0,debris_rock
33,218,252,-0.2941176470588225,debris_rock
33,219,206,-4.803921568627452,debris_rock
33,220,214,-4.019607843137255,debris_rock
33,221,204,-5.0,debris_rock
33,222,194,-5.980392156862745,debris_rock
34,0,241,-1.3725490196078454,debris_rock
34,1,210,-4.411764705882355,debris_rock
34,2,179,-7.450980392156865,mixed_snow_ice
34,3,191,-6.274509803921568,debris_rock
34,4,178,-7.549019607843139,mixed_snow_ice
34,5,181,-7.254901960784313,mixed_snow_ice
34,6,208,-4.607843137254903,debris_rock
34,7,203,-5.098039215686274,debris_rock
34,8,199,-5.490196078431371,debris_rock
34,9,196,-5.784313725490193,debris_rock
34,10,180,-7.352941176470587,mixed_snow_ice
34,11,199,-5.490196078431371,debris_rock
34,12,148,-10.49019607843137,clean_glacier_ice
34,13,151,-10.196078431372548,clean_glacier_ice
34,14,192,-6.1764705882352935,debris_rock
34,15,185,-6.862745098039216,mixed_snow_ice
34,16,143,-10.980392156862745,clean_glacier_ice
34,17,150,-10.294117647058822,clean_glacier_ice
34,18,193,-6.078431372549019,debris_rock
34,19,191,-6.274509803921568,debris_rock
34,20,166,-8.725490196078432,mixed_snow_ice
34,21,197,-5.686274509803919,debris_rock
34,22,162,-9.11764705882353,clean_glacier_ice
34,23,192,-6.1764705882352935,debris_rock
34,24,186,-6.764705882352942,debris_rock
34,25,177,-7.647058823529413,mixed_snow_ice
34,26,146,-10.686274509803923,clean_glacier_ice
34,27,159,-9.411764705882353,clean_glacier_ice
34,28,178,-7.549019607843139,mixed_snow_ice
34,29,196,-5.784313725490193,debris_rock
34,30,173,-8.03921568627451,mixed_snow_ice
34,31,126,-12.647058823529411,regular_glacier_ice
34,32,219,-3.529411764705884,debris_rock
34,33,227,-2.745098039215687,debris_rock
34,34,150,-10.294117647058822,clean_glacier_ice
34,35,170,-8.333333333333336,mixed_snow_ice
34,36,199,-5.490196078431371,debris_rock
34,37,217,-3.7254901960784323,debris_rock
34,38,243,-1.176470588235297,debris_rock
34,39,175,-7.843137254901961,mixed_snow_ice
34,40,181,-7.254901960784313,mixed_snow_ice
34,41,182,-7.156862745098039,mixed_snow_ice
34,42,158,-9.509803921568627,clean_glacier_ice
34,43,150,-10.294117647058822,clean_glacier_ice
34,44,188,-6.56862745098039,debris_rock
34,45,197,-5.686274509803919,debris_rock
34,46,239,-1.5686274509803937,debris_rock
34,47,161,-9.215686274509805,clean_glacier_ice
34,48,187,-6.666666666666668,debris_rock
34,49,227,-2.745098039215687,debris_rock
34,50,169,-8.43137254901961,mixed_snow_ice
34,51,171,-8.235294117647062,mixed_snow_ice
34,52,158,-9.509803921568627,clean_glacier_ice
34,53,185,-6.862745098039216,mixed_snow_ice
34,54,200,-5.392156862745097,debris_rock
34,55,168,-8.529411764705884,mixed_snow_ice
34,56,184,-6.96078431372549,mixed_snow_ice
34,57,159,-9.411764705882353,clean_glacier_ice
34,58,178,-7.549019607843139,mixed_snow_ice
34,59,155,-9.803921568627452,clean_glacier_ice
34,60,200,-5.392156862745097,debris_rock
34,61,186,-6.764705882352942,debris_rock
34,62,166,-8.725490196078432,mixed_snow_ice
34,70,177,-7.647058823529413,mixed_snow_ice
34,71,169,-8.43137254901961,mixed_snow_ice
34,72,145,-10.784313725490197,clean_glacier_ice
34,73,174,-7.9411764705882355,mixed_snow_ice
34,74,191,-6.274509803921568,debris_rock
34,75,168,-8.529411764705884,mixed_snow_ice
34,76,175,-7.843137254901961,mixed_snow_ice
34,77,148,-10.49019607843137,clean_glacier_ice
34,78,158,-9.509803921568627,clean_glacier_ice
34,79,134,-11.862745098039214,clean_glacier_ice
34,80,120,-13.23529411764706,regular_glacier_ice
34,81,144,-10.882352941176471,clean_glacier_ice
34,82,156,-9.705882352941176,clean_glacier_ice
34,83,167,-8.627450980392158,mixed_snow_ice
34,84,168,-8.529411764705884,mixed_snow_ice
34,85,190,-6.372549019607842,debris_rock
34,86,161,-9.215686274509805,clean_glacier_ice
34,87,144,-10.882352941176471,clean_glacier_ice
34,88,166,-8.725490196078432,mixed_snow_ice
34,89,144,-10.882352941176471,clean_glacier_ice
34,90,181,-7.254901960784313,mixed_snow_ice
34,91,171,-8.235294117647062,mixed_snow_ice
34,92,174,-7.9411764705882355,mixed_snow_ice
34,93,160,-9.313725490196079,clean_glacier_ice
34,94,150,-10.294117647058822,clean_glacier_ice
34,95,164,-8.92156862745098,clean_glacier_ice
34,96,193,-6.078431372549019,debris_rock
34,97,196,-5.784313725490193,debris_rock
34,98,185,-6.862745098039216,mixed_snow_ice
34,99,157,-9.607843137254902,clean_glacier_ice
34,100,187,-6.666666666666668,debris_rock
34,101,168,-8.529411764705884,mixed_snow_ice
34,102,168,-8.529411764705884,mixed_snow_ice
34,103,175,-7.843137254901961,mixed_snow_ice
34,104,140,-11.274509803921568,clean_glacier_ice
34,105,229,-2.5490196078431353,debris_rock
34,107,173,-8.03921568627451,mixed_snow_ice
34,108,224,-3.0392156862745097,debris_rock
34,109,194,-5.980392156862745,debris_rock
34,110,125,-12.745098039215687,regular_glacier_ice
34,111,82,-16.96078431372549,deep_glacier_ice
34,112,99,-15.294117647058822,regular_glacier_ice
34,113,118,-13.431372549019608,regular_glacier_ice
34,114,108,-14.411764705882353,regular_glacier_ice
34,115,90,-16.176470588235293,regular_glacier_ice
34,116,88,-16.372549019607845,regular_glacier_ice
34,117,57,-19.41176470588235,deep_glacier_ice
34,118,109,-14.313725490196079,regular_glacier_ice
34,119,200,-5.392156862745097,debris_rock
34,120,205,-4.901960784313726,debris_rock
34,121,247,-0.7843137254901968,debris_rock
34,122,210,-4.411764705882355,debris_rock
34,123,138,-11.470588235294118,clean_glacier_ice
34,124,141,-11.176470588235293,clean_glacier_ice
34,125,179,-7.450980392156865,mixed_snow_ice
34,126,105,-14.705882352941178,regular_glacier_ice
34,127,80,-17.15686274509804,deep_glacier_ice
34,134,201,-5.2941176470588225,debris_rock
34,135,158,-9.509803921568627,clean_glacier_ice
34,136,157,-9.607843137254902,clean_glacier_ice
34,137,182,-7.156862745098039,mixed_snow_ice
34,138,203,-5.098039215686274,debris_rock
34,139,186,-6.764705882352942,debris_rock
34,140,185,-6.862745098039216,mixed_snow_ice
34,141,191,-6.274509803921568,debris_rock
34,142,177,-7.647058823529413,mixed_snow_ice
34,143,182,-7.156862745098039,mixed_snow_ice
34,144,196,-5.784313725490193,debris_rock
34,145,169,-8.43137254901961,mixed_snow_ice
34,146,192,-6.1764705882352935,debris_rock
34,147,160,-9.313725490196079,clean_glacier_ice
34,148,196,-5.784313725490193,debris_rock
34,149,163,-9.019607843137257,clean_glacier_ice
34,150,189,-6.470588235294116,debris_rock
34,151,231,-2.352941176470587,debris_rock
34,152,194,-5.980392156862745,debris_rock
34,153,166,-8.725490196078432,mixed_snow_ice
34,154,170,-8.333333333333336,mixed_snow_ice
34,155,170,-8.333333333333336,mixed_snow_ice
34,156,208,-4.607843137254903,debris_rock
34,157,242,-1.2745098039215712,debris_rock
34,158,255,0.0,debris_rock
34,159,255,0.0,debris_rock
34,160,175,-7.843137254901961,mixed_snow_ice
34,161,174,-7.9411764705882355,mixed_snow_ice
34,162,198,-5.588235294117645,debris_rock
34,163,226,-2.8431372549019613,debris_rock
34,164,213,-4.117647058823529,debris_rock
34,165,204,-5.0,debris_rock
34,166,207,-4.7058823529411775,debris_rock
34,167,185,-6.862745098039216,mixed_snow_ice
34,168,212,-4.215686274509803,debris_rock
34,169,195,-5.882352941176471,debris_rock
34,170,170,-8.333333333333336,mixed_snow_ice
34,171,191,-6.274509803921568,debris_rock
34,172,186,-6.764705882352942,debris_rock
34,173,160,-9.313725490196079,clean_glacier_ice
34,174,204,-5.0,debris_rock
34,175,216,-3.8235294117647065,debris_rock
34,176,193,-6.078431372549019,debris_rock
34,177,182,-7.156862745098039,mixed_snow_ice
34,178,188,-6.56862745098039,debris_rock
34,179,175,-7.843137254901961,mixed_snow_ice
34,180,185,-6.862745098039216,mixed_snow_ice
34,181,198,-5.588235294117645,debris_rock
34,182,171,-8.235294117647062,mixed_snow_ice
34,183,185,-6.862745098039216,mixed_snow_ice
34,184,187,-6.666666666666668,debris_rock
34,185,183,-7.0588235294117645,mixed_snow_ice
34,186,196,-5.784313725490193,debris_rock
34,187,162,-9.11764705882353,clean_glacier_ice
34,188,112,-14.019607843137255,regular_glacier_ice
34,189,189,-6.470588235294116,debris_rock
34,190,156,-9.705882352941176,clean_glacier_ice
34,191,137,-11.568627450980392,clean_glacier_ice
34,192,127,-12.549019607843137,regular_glacier_ice
34,193,160,-9.313725490196079,clean_glacier_ice
34,194,168,-8.529411764705884,mixed_snow_ice
34,195,170,-8.333333333333336,mixed_snow_ice
34,196,186,-6.764705882352942,debris_rock
34,197,215,-3.9215686274509807,debris_rock
34,198,202,-5.196078431372548,debris_rock
34,199,199,-5.490196078431371,debris_rock
34,200,175,-7.843137254901961,mixed_snow_ice
34,201,207,-4.7058823529411775,debris_rock
34,202,206,-4.803921568627452,debris_rock
34,203,188,-6.56862745098039,debris_rock
34,204,162,-9.11764705882353,clean_glacier_ice
34,205,196,-5.784313725490193,debris_rock
34,206,195,-5.882352941176471,debris_rock
34,207,161,-9.215686274509805,clean_glacier_ice
34,208,113,-13.92156862745098,regular_glacier_ice
34,209,179,-7.450980392156865,mixed_snow_ice
34,210,203,-5.098039215686274,debris_rock
34,211,220,-3.4313725490196063,debris_rock
34,212,167,-8.627450980392158,mixed_snow_ice
34,213,184,-6.96078431372549,mixed_snow_ice
34,214,177,-7.647058823529413,mixed_snow_ice
34,215,166,-8.725490196078432,mixed_snow_ice
34,216,163,-9.019607843137257,clean_glacier_ice
34,217,162,-9.11764705882353,clean_glacier_ice
34,218,179,-7.450980392156865,mixed_snow_ice
34,219,187,-6.666666666666668,debris_rock
34,220,175,-7.843137254901961,mixed_snow_ice
34,221,190,-6.372549019607842,debris_rock
34,222,153,-10.0,clean_glacier_ice
35,0,161,-9.215686274509805,clean_glacier_ice
35,1,162,-9.11764705882353,clean_glacier_ice
35,2,152,-10.098039215686274,clean_glacier_ice
35,3,173,-8.03921568627451,mixed_snow_ice
35,4,148,-10.49019607843137,clean_glacier_ice
35,12,174,-7.9411764705882355,mixed_snow_ice
35,13,198,-5.588235294117645,debris_rock
35,14,159,-9.411764705882353,clean_glacier_ice
35,15,172,-8.137254901960784,mixed_snow_ice
35,16,188,-6.56862745098039,debris_rock
35,17,205,-4.901960784313726,debris_rock
35,18,193,-6.078431372549019,debris_rock
35,19,231,-2.352941176470587,debris_rock
35,20,190,-6.372549019607842,debris_rock
35,21,158,-9.509803921568627,clean_glacier_ice
35,22,128,-12.450980392156863,regular_glacier_ice
35,23,139,-11.372549019607844,clean_glacier_ice
35,24,136,-11.666666666666666,clean_glacier_ice
35,25,146,-10.686274509803923,clean_glacier_ice
35,26,164,-8.92156862745098,clean_glacier_ice
35,27,190,-6.372549019607842,debris_rock
35,28,189,-6.470588235294116,debris_rock
35,29,172,-8.137254901960784,mixed_snow_ice
35,30,184,-6.96078431372549,mixed_snow_ice
35,31,137,-11.568627450980392,clean_glacier_ice
35,32,200,-5.392156862745097,debris_rock
35,33,184,-6.96078431372549,mixed_snow_ice
35,34,179,-7.450980392156865,mixed_snow_ice
35,35,206,-4.803921568627452,debris_rock
35,36,185,-6.862745098039216,mixed_snow_ice
35,37,197,-5.686274509803919,debris_rock
35,38,217,-3.7254901960784323,debris_rock
35,39,189,-6.470588235294116,debris_rock
35,40,168,-8.529411764705884,mixed_snow_ice
35,41,190,-6.372549019607842,debris_rock
35,42,192,-6.1764705882352935,debris_rock
35,43,186,-6.764705882352942,debris_rock
35,44,173,-8.03921568627451,mixed_snow_ice
35,45,150,-10.294117647058822,clean_glacier_ice
35,46,102,-15.0,regular_glacier_ice
35,50,176,-7.745098039215687,mixed_snow_ice
35,51,124,-12.843137254901961,regular_glacier_ice
35,52,158,-9.509803921568627,clean_glacier_ice
35,53,119,-13.333333333333334,regular_glacier_ice
35,54,124,-12.843137254901961,regular_glacier_ice
35,55,161,-9.215686274509805,clean_glacier_ice
35,56,156,-9.705882352941176,clean_glacier_ice
35,57,124,-12.843137254901961,regular_glacier_ice
35,58,91,-16.07843137254902,regular_glacier_ice
35,59,53,-19.80392156862745,deep_glacier_ice
35,60,103,-14.901960784313726,regular_glacier_ice
35,61,203,-5.098039215686274,debris_rock
35,62,255,0.0,debris_rock
35,63,152,-10.098039215686274,clean_glacier_ice
35,64,177,-7.647058823529413,mixed_snow_ice
35,65,180,-7.352941176470587,mixed_snow_ice
35,66,160,-9.313725490196079,clean_glacier_ice
35,67,220,-3.4313725490196063,debris_rock
35,68,94,-15.784313725490195,regular_glacier_ice
35,69,98,-15.392156862745097,regular_glacier_ice
35,76,210,-4.411764705882355,debris_rock
35,77,178,-7.549019607843139,mixed_snow_ice
35,78,177,-7.647058823529413,mixed_snow_ice
35,79,163,-9.019607843137257,clean_glacier_ice
35,80,190,-6.372549019607842,debris_rock
35,81,170,-8.333333333333336,mixed_snow_ice
35,82,192,-6.1764705882352935,debris_rock
35,83,176,-7.745098039215687,mixed_snow_ice
35,84,171,-8.235294117647062,mixed_snow_ice
35,85,191,-6.274509803921568,debris_rock
35,86,179,-7.450980392156865,mixed_snow_ice
35,87,205,-4.901960784313726,debris_rock
35,88,181,-7.254901960784313,mixed_snow_ice
35,89,174,-7.9411764705882355,mixed_snow_ice
35,90,190,-6.372549019607842,debris_rock
35,91,174,-7.9411764705882355,mixed_snow_ice
35,92,179,-7.450980392156865,mixed_snow_ice
35,93,243,-1.176470588235297,debris_rock
35,94,193,-6.078431372549019,debris_rock
35,95,206,-4.803921568627452,debris_rock
35,96,178,-7.549019607843139,mixed_snow_ice
35,97,164,-8.92156862745098,clean_glacier_ice
35,98,183,-7.0588235294117645,mixed_snow_ice
35,99,202,-5.196078431372548,debris_rock
35,100,196,-5.784313725490193,debris_rock
35,101,183,-7.0588235294117645,mixed_snow_ice
35,102,160,-9.313725490196079,clean_glacier_ice
35,103,103,-14.901960784313726,regular_glacier_ice
35,104,174,-7.9411764705882355,mixed_snow_ice
35,105,226,-2.8431372549019613,debris_rock
35,106,221,-3.333333333333332,debris_rock
35,107,179,-7.450980392156865,mixed_snow_ice
35,108,179,-7.450980392156865,mixed_snow_ice
35,109,172,-8.137254901960784,mixed_snow_ice
35,110,186,-6.764705882352942,debris_rock
35,111,171,-8.235294117647062,mixed_snow_ice
35,112,184,-6.96078431372549,mixed_snow_ice
35,113,179,-7.450980392156865,mixed_snow_ice
35,114,194,-5.980392156862745,debris_rock
35,115,199,-5.490196078431371,debris_rock
35,116,164,-8.92156862745098,clean_glacier_ice
35,117,247,-0.7843137254901968,debris_rock
35,118,173,-8.03921568627451,mixed_snow_ice
35,119,186,-6.764705882352942,debris_rock
35,120,178,-7.549019607843139,mixed_snow_ice
35,121,205,-4.901960784313726,debris_rock
35,122,218,-3.627450980392158,debris_rock
35,123,189,-6.470588235294116,debris_rock
35,124,157,-9.607843137254902,clean_glacier_ice
35,125,178,-7.549019607843139,mixed_snow_ice
35,126,169,-8.43137254901961,mixed_snow_ice
35,127,165,-8.823529411764707,clean_glacier_ice
35,128,207,-4.7058823529411775,debris_rock
35,129,183,-7.0588235294117645,mixed_snow_ice
35,130,147,-10.588235294117649,clean_glacier_ice
35,131,179,-7.450980392156865,mixed_snow_ice
35,132,186,-6.764705882352942,debris_rock
35,133,182,-7.156862745098039,mixed_snow_ice
35,134,146,-10.686274509803923,clean_glacier_ice
35,135,162,-9.11764705882353,clean_glacier_ice
35,136,180,-7.352941176470587,mixed_snow_ice
35,137,152,-10.098039215686274,clean_glacier_ice
35,138,187,-6.666666666666668,debris_rock
35,139,174,-7.9411764705882355,mixed_snow_ice
35,140,162,-9.11764705882353,clean_glacier_ice
35,141,224,-3.0392156862745097,debris_rock
35,142,168,-8.529411764705884,mixed_snow_ice
35,143,191,-6.274509803921568,debris_rock
35,144,171,-8.235294117647062,mixed_snow_ice
35,145,159,-9.411764705882353,clean_glacier_ice
35,146,169,-8.43137254901961,mixed_snow_ice
35,147,228,-2.6470588235294095,debris_rock
35,148,178,-7.549019607843139,mixed_snow_ice
35,149,134,-11.862745098039214,clean_glacier_ice
35,150,146,-10.686274509803923,clean_glacier_ice
35,151,184,-6.96078431372549,mixed_snow_ice
35,152,165,-8.823529411764707,clean_glacier_ice
35,153,163,-9.019607843137257,clean_glacier_ice
35,154,194,-5.980392156862745,debris_rock
35,155,181,-7.254901960784313,mixed_snow_ice
35,156,154,-9.901960784313726,clean_glacier_ice
35,157,159,-9.411764705882353,clean_glacier_ice
35,158,167,-8.627450980392158,mixed_snow_ice
35,159,167,-8.627450980392158,mixed_snow_ice
35,160,182,-7.156862745098039,mixed_snow_ice
35,161,198,-5.588235294117645,debris_rock
35,162,202,-5.196078431372548,debris_rock
35,163,182,-7.156862745098039,mixed_snow_ice
35,164,179,-7.450980392156865,mixed_snow_ice
35,165,174,-7.9411764705882355,mixed_snow_ice
35,166,176,-7.745098039215687,mixed_snow_ice
35,167,163,-9.019607843137257,clean_glacier_ice
35,168,157,-9.607843137254902,clean_glacier_ice
35,169,102,-15.0,regular_glacier_ice
35,170,103,-14.901960784313726,regular_glacier_ice
35,175,255,0.0,debris_rock
35,176,238,-1.6666666666666679,debris_rock
35,177,162,-9.11764705882353,clean_glacier_ice
35,178,183,-7.0588235294117645,mixed_snow_ice
35,179,186,-6.764705882352942,debris_rock
35,180,196,-5.784313725490193,debris_rock
35,181,195,-5.882352941176471,debris_rock
35,182,155,-9.803921568627452,clean_glacier_ice
35,183,204,-5.0,debris_rock
35,184,174,-7.9411764705882355,mixed_snow_ice
35,185,208,-4.607843137254903,debris_rock
35,186,196,-5.784313725490193,debris_rock
35,187,218,-3.627450980392158,debris_rock
35,188,176,-7.745098039215687,mixed_snow_ice
35,189,179,-7.450980392156865,mixed_snow_ice
35,190,174,-7.9411764705882355,mixed_snow_ice
35,191,162,-9.11764705882353,clean_glacier_ice
35,192,193,-6.078431372549019,debris_rock
35,193,176,-7.745098039215687,mixed_snow_ice
35,194,170,-8.333333333333336,mixed_snow_ice
35,195,190,-6.372549019607842,debris_rock
35,196,191,-6.274509803921568,debris_rock
35,197,178,-7.549019607843139,mixed_snow_ice
35,198,151,-10.196078431372548,clean_glacier_ice
35,199,187,-6.666666666666668,debris_rock
35,200,212,-4.215686274509803,debris_rock
35,201,197,-5.686274509803919,debris_rock
35,202,225,-2.9411764705882355,debris_rock
35,203,193,-6.078431372549019,debris_rock
35,204,186,-6.764705882352942,debris_rock
35,205,178,-7.549019607843139,mixed_snow_ice
35,206,178,-7.549019607843139,mixed_snow_ice
35,207,185,-6.862745098039216,mixed_snow_ice
35,208,194,-5.980392156862745,debris_rock
35,209,195,-5.882352941176471,debris_rock
35,210,202,-5.196078431372548,debris_rock
35,211,122,-13.03921568627451,regular_glacier_ice
35,215,165,-8.823529411764707,clean_glacier_ice
35,216,141,-11.176470588235293,clean_glacier_ice
35,217,121,-13.137254901960786,regular_glacier_ice
35,218,153,-10.0,clean_glacier_ice
35,219,142,-11.07843137254902,clean_glacier_ice
35,220,162,-9.11764705882353,clean_glacier_ice
35,221,170,-8.333333333333336,mixed_snow_ice
35,222,91,-16.07843137254902,regular_glacier_ice
36,0,102,-15.0,regular_glacier_ice
36,1,103,-14.901960784313726,regular_glacier_ice
36,2,188,-6.56862745098039,debris_rock
36,3,140,-11.274509803921568,clean_glacier_ice
36,4,255,0.0,debris_rock
36,5,207,-4.7058823529411775,debris_rock
36,6,164,-8.92156862745098,clean_glacier_ice
36,7,183,-7.0588235294117645,mixed_snow_ice
36,8,162,-9.11764705882353,clean_glacier_ice
36,9,208,-4.607843137254903,debris_rock
36,10,144,-10.882352941176471,clean_glacier_ice
36,14,202,-5.196078431372548,debris_rock
36,15,163,-9.019607843137257,clean_glacier_ice
36,18,186,-6.764705882352942,debris_rock
36,19,165,-8.823529411764707,clean_glacier_ice
36,20,166,-8.725490196078432,mixed_snow_ice
36,21,192,-6.1764705882352935,debris_rock
36,22,194,-5.980392156862745,debris_rock
36,23,159,-9.411764705882353,clean_glacier_ice
36,24,211,-4.313725490196081,debris_rock
36,25,177,-7.647058823529413,mixed_snow_ice
36,26,163,-9.019607843137257,clean_glacier_ice
36,27,194,-5.980392156862745,debris_rock
36,28,201,-5.2941176470588225,debris_rock
36,29,183,-7.0588235294117645,mixed_snow_ice
36,30,199,-5.490196078431371,debris_rock
36,31,166,-8.725490196078432,mixed_snow_ice
36,32,188,-6.56862745098039,debris_rock
36,33,189,-6.470588235294116,debris_rock
36,34,165,-8.823529411764707,clean_glacier_ice
36,35,194,-5.980392156862745,debris_rock
36,36,205,-4.901960784313726,debris_rock
36,37,199,-5.490196078431371,debris_rock
36,38,183,-7.0588235294117645,mixed_snow_ice
36,39,179,-7.450980392156865,mixed_snow_ice
36,40,184,-6.96078431372549,mixed_snow_ice
36,41,185,-6.862745098039216,mixed_snow_ice
36,42,190,-6.372549019607842,debris_rock
36,43,185,-6.862745098039216,mixed_snow_ice
36,44,193,-6.078431372549019,debris_rock
36,45,220,-3.4313725490196063,debris_rock
36,46,250,-0.49019607843137436,debris_rock
36,47,255,0.0,debris_rock
36,48,252,-0.2941176470588225,debris_rock
36,49,203,-5.098039215686274,debris_rock
36,50,180,-7.352941176470587,mixed_snow_ice
36,51,198,-5.588235294117645,debris_rock
36,52,192,-6.1764705882352935,debris_rock
36,53,167,-8.627450980392158,mixed_snow_ice
36,54,189,-6.470588235294116,debris_rock
36,55,199,-5.490196078431371,debris_rock
36,56,170,-8.333333333333336,mixed_snow_ice
36,57,192,-6.1764705882352935,debris_rock
36,58,203,-5.098039215686274,debris_rock
36,59,215,-3.9215686274509807,debris_rock
36,60,199,-5.490196078431371,debris_rock
36,61,190,-6.372549019607842,debris_rock
36,62,188,-6.56862745098039,debris_rock
36,63,164,-8.92156862745098,clean_glacier_ice
36,64,177,-7.647058823529413,mixed_snow_ice
36,65,190,-6.372549019607842,debris_rock
36,66,184,-6.96078431372549,mixed_snow_ice
36,67,186,-6.764705882352942,debris_rock
36,68,200,-5.392156862745097,debris_rock
36,69,149,-10.392156862745097,clean_glacier_ice
36,70,161,-9.215686274509805,clean_glacier_ice
36,71,204,-5.0,debris_rock
36,72,153,-10.0,clean_glacier_ice
36,73,166,-8.725490196078432,mixed_snow_ice
36,74,195,-5.882352941176471,debris_rock
36,75,157,-9.607843137254902,clean_glacier_ice
36,76,182,-7.156862745098039,mixed_snow_ice
36,77,161,-9.215686274509805,clean_glacier_ice
36,78,131,-12.15686274509804,clean_glacier_ice
36,79,151,-10.196078431372548,clean_glacier_ice
36,80,160,-9.313725490196079,clean_glacier_ice
36,81,148,-10.49019607843137,clean_glacier_ice
36,82,195,-5.882352941176471,debris_rock
36,83,165,-8.823529411764707,clean_glacier_ice
36,84,182,-7.156862745098039,mixed_snow_ice
36,85,207,-4.7058823529411775,debris_rock
36,86,156,-9.705882352941176,clean_glacier_ice
36,87,185,-6.862745098039216,mixed_snow_ice
36,88,176,-7.745098039215687,mixed_snow_ice
36,89,237,-1.764705882352942,debris_rock
36,90,248,-0.6862745098039227,debris_rock
36,91,121,-13.137254901960786,regular_glacier_ice
36,92,92,-15.980392156862745,regular_glacier_ice
36,93,146,-10.686274509803923,clean_glacier_ice
36,94,134,-11.862745098039214,clean_glacier_ice
36,95,157,-9.607843137254902,clean_glacier_ice
36,96,143,-10.980392156862745,clean_glacier_ice
36,97,165,-8.823529411764707,clean_glacier_ice
36,98,158,-9.509803921568627,clean_glacier_ice
36,99,159,-9.411764705882353,clean_glacier_ice
36,100,150,-10.294117647058822,clean_glacier_ice
36,101,182,-7.156862745098039,mixed_snow_ice
36,102,174,-7.9411764705882355,mixed_snow_ice
36,103,196,-5.784313725490193,debris_rock
36,104,205,-4.901960784313726,debris_rock
36,105,168,-8.529411764705884,mixed_snow_ice
36,106,154,-9.901960784313726,clean_glacier_ice
36,107,170,-8.333333333333336,mixed_snow_ice
36,108,175,-7.843137254901961,mixed_snow_ice
36,109,177,-7.647058823529413,mixed_snow_ice
36,110,178,-7.549019607843139,mixed_snow_ice
36,111,170,-8.333333333333336,mixed_snow_ice
36,112,128,-12.450980392156863,regular_glacier_ice
36,117,149,-10.392156862745097,clean_glacier_ice
36,119,172,-8.137254901960784,mixed_snow_ice
36,120,136,-11.666666666666666,clean_glacier_ice
36,121,159,-9.411764705882353,clean_glacier_ice
36,122,192,-6.1764705882352935,debris_rock
36,123,196,-5.784313725490193,debris_rock
36,124,166,-8.725490196078432,mixed_snow_ice
36,125,166,-8.725490196078432,mixed_snow_ice
36,126,196,-5.784313725490193,debris_rock
36,127,198,-5.588235294117645,debris_rock
36,128,210,-4.411764705882355,debris_rock
36,129,218,-3.627450980392158,debris_rock
36,130,182,-7.156862745098039,mixed_snow_ice
36,131,221,-3.333333333333332,debris_rock
36,132,148,-10.49019607843137,clean_glacier_ice
36,133,156,-9.705882352941176,clean_glacier_ice
36,134,161,-9.215686274509805,clean_glacier_ice
36,135,165,-8.823529411764707,clean_glacier_ice
36,136,163,-9.019607843137257,clean_glacier_ice
36,137,188,-6.56862745098039,debris_rock
36,138,169,-8.43137254901961,mixed_snow_ice
36,139,167,-8.627450980392158,mixed_snow_ice
36,140,157,-9.607843137254902,clean_glacier_ice
36,141,195,-5.882352941176471,debris_rock
36,142,202,-5.196078431372548,debris_rock
36,143,184,-6.96078431372549,mixed_snow_ice
36,144,182,-7.156862745098039,mixed_snow_ice
36,145,202,-5.196078431372548,debris_rock
36,146,198,-5.588235294117645,debris_rock
36,147,174,-7.9411764705882355,mixed_snow_ice
36,148,200,-5.392156862745097,debris_rock
36,149,186,-6.764705882352942,debris_rock
36,150,184,-6.96078431372549,mixed_snow_ice
36,151,183,-7.0588235294117645,mixed_snow_ice
36,152,190,-6.372549019607842,debris_rock
36,153,199,-5.490196078431371,debris_rock
36,157,238,-1.6666666666666679,debris_rock
36,158,184,-6.96078431372549,mixed_snow_ice
36,159,158,-9.509803921568627,clean_glacier_ice
36,160,210,-4.411764705882355,debris_rock
36,161,158,-9.509803921568627,clean_glacier_ice
36,162,102,-15.0,regular_glacier_ice
36,163,101,-15.098039215686274,regular_glacier_ice
36,164,83,-16.862745098039216,deep_glacier_ice
36,165,110,-14.215686274509803,regular_glacier_ice
36,166,169,-8.43137254901961,mixed_snow_ice
36,167,206,-4.803921568627452,debris_rock
36,168,179,-7.450980392156865,mixed_snow_ice
36,169,195,-5.882352941176471,debris_rock
36,170,202,-5.196078431372548,debris_rock
36,171,128,-12.450980392156863,regular_glacier_ice
36,172,111,-14.117647058823529,regular_glacier_ice
36,173,109,-14.313725490196079,regular_glacier_ice
36,174,166,-8.725490196078432,mixed_snow_ice
36,179,180,-7.352941176470587,mixed_snow_ice
36,180,156,-9.705882352941176,clean_glacier_ice
36,181,255,0.0,debris_rock
36,182,255,0.0,debris_rock
36,183,159,-9.411764705882353,clean_glacier_ice
36,184,169,-8.43137254901961,mixed_snow_ice
36,185,200,-5.392156862745097,debris_rock
36,186,172,-8.137254901960784,mixed_snow_ice
36,187,166,-8.725490196078432,mixed_snow_ice
36,188,175,-7.843137254901961,mixed_snow_ice
36,189,190,-6.372549019607842,debris_rock
36,190,186,-6.764705882352942,debris_rock
36,191,187,-6.666666666666668,debris_rock
36,192,202,-5.196078431372548,debris_rock
36,193,194,-5.980392156862745,debris_rock
36,194,193,-6.078431372549019,debris_rock
36,195,182,-7.156862745098039,mixed_snow_ice
36,196,199,-5.490196078431371,debris_rock
36,197,163,-9.019607843137257,clean_glacier_ice
36,198,184,-6.96078431372549,mixed_snow_ice
36,199,192,-6.1764705882352935,debris_rock
36,200,184,-6.96078431372549,mixed_snow_ice
36,201,172,-8.137254901960784,mixed_snow_ice
36,202,199,-5.490196078431371,debris_rock
36,203,190,-6.372549019607842,debris_rock
36,204,196,-5.784313725490193,debris_rock
36,205,192,-6.1764705882352935,debris_rock
36,206,176,-7.745098039215687,mixed_snow_ice
36,207,169,-8.43137254901961,mixed_snow_ice
36,208,173,-8.03921568627451,mixed_snow_ice
36,209,225,-2.9411764705882355,debris_rock
36,210,246,-0.882352941176471,debris_rock
36,211,242,-1.2745098039215712,debris_rock
36,212,236,-1.8627450980392162,debris_rock
36,213,211,-4.313725490196081,debris_rock
36,214,208,-4.607843137254903,debris_rock
36,215,183,-7.0588235294117645,mixed_snow_ice
36,216,232,-2.254901960784313,debris_rock
36,217,172,-8.137254901960784,mixed_snow_ice
36,218,173,-8.03921568627451,mixed_snow_ice
36,219,186,-6.764705882352942,debris_rock
36,220,185,-6.862745098039216,mixed_snow_ice
36,221,189,-6.470588235294116,debris_rock
36,222,185,-6.862745098039216,mixed_snow_ice
37,0,142,-11.07843137254902,clean_glacier_ice
37,1,178,-7.549019607843139,mixed_snow_ice
37,2,198,-5.588235294117645,debris_rock
37,3,209,-4.509803921568629,debris_rock
37,4,162,-9.11764705882353,clean_glacier_ice
37,5,148,-10.49019607843137,clean_glacier_ice
37,6,171,-8.235294117647062,mixed_snow_ice
37,7,146,-10.686274509803923,clean_glacier_ice
37,8,230,-2.450980392156861,debris_rock
37,9,204,-5.0,debris_rock
37,10,156,-9.705882352941176,clean_glacier_ice
37,11,198,-5.588235294117645,debris_rock
37,12,157,-9.607843137254902,clean_glacier_ice
37,13,207,-4.7058823529411775,debris_rock
37,14,162,-9.11764705882353,clean_glacier_ice
37,15,136,-11.666666666666666,clean_glacier_ice
37,16,185,-6.862745098039216,mixed_snow_ice
37,17,206,-4.803921568627452,debris_rock
37,18,181,-7.254901960784313,mixed_snow_ice
37,19,179,-7.450980392156865,mixed_snow_ice
37,20,181,-7.254901960784313,mixed_snow_ice
37,21,160,-9.313725490196079,clean_glacier_ice
37,22,201,-5.2941176470588225,debris_rock
37,23,198,-5.588235294117645,debris_rock
37,24,176,-7.745098039215687,mixed_snow_ice
37,25,173,-8.03921568627451,mixed_snow_ice
37,26,176,-7.745098039215687,mixed_snow_ice
37,27,189,-6.470588235294116,debris_rock
37,28,164,-8.92156862745098,clean_glacier_ice
37,29,201,-5.2941176470588225,debris_rock
37,30,184,-6.96078431372549,mixed_snow_ice
37,31,163,-9.019607843137257,clean_glacier_ice
37,32,206,-4.803921568627452,debris_rock
37,33,182,-7.156862745098039,mixed_snow_ice
37,34,117,-13.529411764705882,regular_glacier_ice
37,35,203,-5.098039215686274,debris_rock
37,36,171,-8.235294117647062,mixed_snow_ice
37,37,139,-11.372549019607844,clean_glacier_ice
37,38,156,-9.705882352941176,clean_glacier_ice
37,39,165,-8.823529411764707,clean_glacier_ice
37,40,160,-9.313725490196079,clean_glacier_ice
37,41,154,-9.901960784313726,clean_glacier_ice
37,42,157,-9.607843137254902,clean_glacier_ice
37,43,183,-7.0588235294117645,mixed_snow_ice
37,44,177,-7.647058823529413,mixed_snow_ice
37,45,183,-7.0588235294117645,mixed_snow_ice
37,46,205,-4.901960784313726,debris_rock
37,47,167,-8.627450980392158,mixed_snow_ice
37,48,184,-6.96078431372549,mixed_snow_ice
37,49,180,-7.352941176470587,mixed_snow_ice
37,50,189,-6.470588235294116,debris_rock
37,51,173,-8.03921568627451,mixed_snow_ice
37,52,179,-7.450980392156865,mixed_snow_ice
37,53,171,-8.235294117647062,mixed_snow_ice
37,54,176,-7.745098039215687,mixed_snow_ice
37,58,210,-4.411764705882355,debris_rock
37,62,189,-6.470588235294116,debris_rock
37,63,186,-6.764705882352942,debris_rock
37,64,196,-5.784313725490193,debris_rock
37,65,183,-7.0588235294117645,mixed_snow_ice
37,66,189,-6.470588235294116,debris_rock
37,67,191,-6.274509803921568,debris_rock
37,68,209,-4.509803921568629,debris_rock
37,69,178,-7.549019607843139,mixed_snow_ice
37,70,228,-2.6470588235294095,debris_rock
37,71,217,-3.7254901960784323,debris_rock
37,72,185,-6.862745098039216,mixed_snow_ice
37,73,203,-5.098039215686274,debris_rock
37,74,143,-10.980392156862745,clean_glacier_ice
37,75,160,-9.313725490196079,clean_glacier_ice
37,76,164,-8.92156862745098,clean_glacier_ice
37,77,146,-10.686274509803923,clean_glacier_ice
37,78,155,-9.803921568627452,clean_glacier_ice
37,79,167,-8.627450980392158,mixed_snow_ice
37,80,162,-9.11764705882353,clean_glacier_ice
37,81,183,-7.0588235294117645,mixed_snow_ice
37,82,195,-5.882352941176471,debris_rock
37,83,163,-9.019607843137257,clean_glacier_ice
37,84,179,-7.450980392156865,mixed_snow_ice
37,85,184,-6.96078431372549,mixed_snow_ice
37,86,188,-6.56862745098039,debris_rock
37,87,201,-5.2941176470588225,debris_rock
37,88,194,-5.980392156862745,debris_rock
37,89,170,-8.333333333333336,mixed_snow_ice
37,90,201,-5.2941176470588225,debris_rock
37,91,211,-4.313725490196081,debris_rock
37,92,196,-5.784313725490193,debris_rock
37,93,183,-7.0588235294117645,mixed_snow_ice
37,94,184,-6.96078431372549,mixed_snow_ice
37,95,172,-8.137254901960784,mixed_snow_ice
37,96,197,-5.686274509803919,debris_rock
37,100,203,-5.098039215686274,debris_rock
37,101,149,-10.392156862745097,clean_glacier_ice
37,102,165,-8.823529411764707,clean_glacier_ice
37,103,168,-8.529411764705884,mixed_snow_ice
37,104,101,-15.098039215686274,regular_glacier_ice
37,105,52,-19.901960784313726,deep_glacier_ice
37,106,76,-17.549019607843135,deep_glacier_ice
37,107,128,-12.450980392156863,regular_glacier_ice
37,108,200,-5.392156862745097,debris_rock
37,109,247,-0.7843137254901968,debris_rock
37,110,212,-4.215686274509803,debris_rock
37,111,171,-8.235294117647062,mixed_snow_ice
37,112,108,-14.411764705882353,regular_glacier_ice
37,113,108,-14.411764705882353,regular_glacier_ice
37,114,95,-15.686274509803921,regular_glacier_ice
37,115,69,-18.235294117647058,deep_glacier_ice
37,116,142,-11.07843137254902,clean_glacier_ice
37,120,249,-0.5882352941176485,debris_rock
37,121,121,-13.137254901960786,regular_glacier_ice
37,122,164,-8.92156862745098,clean_glacier_ice
37,123,221,-3.333333333333332,debris_rock
37,124,191,-6.274509803921568,debris_rock
37,125,179,-7.450980392156865,mixed_snow_ice
37,126,200,-5.392156862745097,debris_rock
37,127,188,-6.56862745098039,debris_rock
37,128,196,-5.784313725490193,debris_rock
37,129,139,-11.372549019607844,clean_glacier_ice
37,130,174,-7.9411764705882355,mixed_snow_ice
37,131,170,-8.333333333333336,mixed_snow_ice
37,132,192,-6.1764705882352935,debris_rock
37,133,156,-9.705882352941176,clean_glacier_ice
37,134,171,-8.235294117647062,mixed_snow_ice
37,135,190,-6.372549019607842,debris_rock
37,136,191,-6.274509803921568,debris_rock
37,137,183,-7.0588235294117645,mixed_snow_ice
37,138,181,-7.254901960784313,mixed_snow_ice
37,140,255,0.0,debris_rock
37,141,202,-5.196078431372548,debris_rock
37,142,189,-6.470588235294116,debris_rock
37,143,195,-5.882352941176471,debris_rock
37,144,182,-7.156862745098039,mixed_snow_ice
37,145,202,-5.196078431372548,debris_rock
37,146,179,-7.450980392156865,mixed_snow_ice
37,147,212,-4.215686274509803,debris_rock
37,148,201,-5.2941176470588225,debris_rock
37,149,205,-4.901960784313726,debris_rock
37,150,197,-5.686274509803919,debris_rock
37,151,252,-0.2941176470588225,debris_rock
37,152,255,0.0,debris_rock
37,153,177,-7.647058823529413,mixed_snow_ice
37,154,209,-4.509803921568629,debris_rock
37,155,200,-5.392156862745097,debris_rock
37,156,198,-5.588235294117645,debris_rock
37,157,194,-5.980392156862745,debris_rock
37,158,175,-7.843137254901961,mixed_snow_ice
37,159,167,-8.627450980392158,mixed_snow_ice
37,160,188,-6.56862745098039,debris_rock
37,161,179,-7.450980392156865,mixed_snow_ice
37,162,191,-6.274509803921568,debris_rock
37,163,177,-7.647058823529413,mixed_snow_ice
37,164,172,-8.137254901960784,mixed_snow_ice
37,165,152,-10.098039215686274,clean_glacier_ice
37,166,145,-10.784313725490197,clean_glacier_ice
37,167,173,-8.03921568627451,mixed_snow_ice
37,168,193,-6.078431372549019,debris_rock
37,169,105,-14.705882352941178,regular_glacier_ice
37,170,134,-11.862745098039214,clean_glacier_ice
37,171,174,-7.9411764705882355,mixed_snow_ice
37,172,161,-9.215686274509805,clean_glacier_ice
37,173,185,-6.862745098039216,mixed_snow_ice
37,174,227,-2.745098039215687,debris_rock
37,175,152,-10.098039215686274,clean_glacier_ice
37,176,177,-7.647058823529413,mixed_snow_ice
37,177,187,-6.666666666666668,debris_rock
37,178,177,-7.647058823529413,mixed_snow_ice
37,179,165,-8.823529411764707,clean_glacier_ice
37,180,146,-10.686274509803923,clean_glacier_ice
37,181,155,-9.803921568627452,clean_glacier_ice
37,182,155,-9.803921568627452,clean_glacier_ice
37,183,164,-8.92156862745098,clean_glacier_ice
37,184,148,-10.49019607843137,clean_glacier_ice
37,185,212,-4.215686274509803,debris_rock
37,186,153,-10.0,clean_glacier_ice
37,187,175,-7.843137254901961,mixed_snow_ice
37,188,193,-6.078431372549019,debris_rock
37,189,185,-6.862745098039216,mixed_snow_ice
37,190,170,-8.333333333333336,mixed_snow_ice
37,191,211,-4.313725490196081,debris_rock
37,192,182,-7.156862745098039,mixed_snow_ice
37,193,159,-9.411764705882353,clean_glacier_ice
37,194,182,-7.156862745098039,mixed_snow_ice
37,195,178,-7.549019607843139,mixed_snow_ice
37,196,181,-7.254901960784313,mixed_snow_ice
37,197,159,-9.411764705882353,clean_glacier_ice
37,198,214,-4.019607843137255,debris_rock
37,199,168,-8.529411764705884,mixed_snow_ice
37,200,162,-9.11764705882353,clean_glacier_ice
37,201,188,-6.56862745098039,debris_rock
37,202,182,-7.156862745098039,mixed_snow_ice
37,203,188,-6.56862745098039,debris_rock
37,204,157,-9.607843137254902,clean_glacier_ice
37,205,149,-10.392156862745097,clean_glacier_ice
37,206,172,-8.137254901960784,mixed_snow_ice
37,207,156,-9.705882352941176,clean_glacier_ice
37,208,178,-7.549019607843139,mixed_snow_ice
37,209,179,-7.450980392156865,mixed_snow_ice
37,210,168,-8.529411764705884,mixed_snow_ice
37,211,199,-5.490196078431371,debris_rock
37,212,150,-10.294117647058822,clean_glacier_ice
37,213,166,-8.725490196078432,mixed_snow_ice
37,214,181,-7.254901960784313,mixed_snow_ice
37,215,174,-7.9411764705882355,mixed_snow_ice
37,216,155,-9.803921568627452,clean_glacier_ice
37,217,149,-10.392156862745097,clean_glacier_ice
37,218,114,-13.823529411764705,regular_glacier_ice
38,0,143,-10.980392156862745,clean_glacier_ice
38,4,185,-6.862745098039216,mixed_snow_ice
38,5,137,-11.568627450980392,clean_glacier_ice
38,6,183,-7.0588235294117645,mixed_snow_ice
38,7,177,-7.647058823529413,mixed_snow_ice
38,8,187,-6.666666666666668,debris_rock
38,9,220,-3.4313725490196063,debris_rock
38,10,203,-5.098039215686274,debris_rock
38,11,194,-5.980392156862745,debris_rock
38,12,200,-5.392156862745097,debris_rock
38,13,181,-7.254901960784313,mixed_snow_ice
38,14,165,-8.823529411764707,clean_glacier_ice
38,15,169,-8.43137254901961,mixed_snow_ice
38,16,156,-9.705882352941176,clean_glacier_ice
38,17,169,-8.43137254901961,mixed_snow_ice
38,18,159,-9.411764705882353,clean_glacier_ice
38,19,137,-11.568627450980392,clean_glacier_ice
38,20,181,-7.254901960784313,mixed_snow_ice
38,21,160,-9.313725490196079,clean_glacier_ice
38,22,161,-9.215686274509805,clean_glacier_ice
38,23,152,-10.098039215686274,clean_glacier_ice
38,24,200,-5.392156862745097,debris_rock
38,25,153,-10.0,clean_glacier_ice
38,26,178,-7.549019607843139,mixed_snow_ice
38,27,191,-6.274509803921568,debris_rock
38,28,190,-6.372549019607842,debris_rock
38,29,186,-6.764705882352942,debris_rock
38,30,192,-6.1764705882352935,debris_rock
38,31,191,-6.274509803921568,debris_rock
38,32,191,-6.274509803921568,debris_rock
38,33,198,-5.588235294117645,debris_rock
38,34,190,-6.372549019607842,debris_rock
38,35,189,-6.470588235294116,debris_rock
38,36,188,-6.56862745098039,debris_rock
38,37,203,-5.098039215686274,debris_rock
38,38,189,-6.470588235294116,debris_rock
38,43,130,-12.254901960784315,clean_glacier_ice
38,44,169,-8.43137254901961,mixed_snow_ice
38,45,151,-10.196078431372548,clean_glacier_ice
38,46,152,-10.098039215686274,clean_glacier_ice
38,47,113,-13.92156862745098,regular_glacier_ice
38,48,86,-16.568627450980394,deep_glacier_ice
38,49,177,-7.647058823529413,mixed_snow_ice
38,50,223,-3.137254901960784,debris_rock
38,51,216,-3.8235294117647065,debris_rock
38,52,196,-5.784313725490193,debris_rock
38,53,152,-10.098039215686274,clean_glacier_ice
38,54,108,-14.411764705882353,regular_glacier_ice
38,55,79,-17.254901960784313,deep_glacier_ice
38,56,92,-15.980392156862745,regular_glacier_ice
38,57,109,-14.313725490196079,regular_glacier_ice
38,61,171,-8.235294117647062,mixed_snow_ice
38,62,151,-10.196078431372548,clean_glacier_ice
38,63,152,-10.098039215686274,clean_glacier_ice
38,66,188,-6.56862745098039,debris_rock
38,67,174,-7.9411764705882355,mixed_snow_ice
38,68,183,-7.0588235294117645,mixed_snow_ice
38,69,170,-8.333333333333336,mixed_snow_ice
38,70,191,-6.274509803921568,debris_rock
38,71,172,-8.137254901960784,mixed_snow_ice
38,72,150,-10.294117647058822,clean_glacier_ice
38,73,183,-7.0588235294117645,mixed_snow_ice
38,74,192,-6.1764705882352935,debris_rock
38,75,160,-9.313725490196079,clean_glacier_ice
38,76,165,-8.823529411764707,clean_glacier_ice
38,77,165,-8.823529411764707,clean_glacier_ice
38,78,188,-6.56862745098039,debris_rock
38,79,197,-5.686274509803919,debris_rock
38,80,184,-6.96078431372549,mixed_snow_ice
38,81,181,-7.254901960784313,mixed_snow_ice
38,82,220,-3.4313725490196063,debris_rock
38,83,168,-8.529411764705884,mixed_snow_ice
38,84,188,-6.56862745098039,debris_rock
38,85,189,-6.470588235294116,debris_rock
38,86,170,-8.333333333333336,mixed_snow_ice
38,87,173,-8.03921568627451,mixed_snow_ice
38,88,196,-5.784313725490193,debris_rock
38,89,176,-7.745098039215687,mixed_snow_ice
38,90,237,-1.764705882352942,debris_rock
38,91,224,-3.0392156862745097,debris_rock
38,92,227,-2.745098039215687,debris_rock
38,93,255,0.0,debris_rock
38,94,255,0.0,debris_rock
38,95,167,-8.627450980392158,mixed_snow_ice
38,96,204,-5.0,debris_rock
38,97,170,-8.333333333333336,mixed_snow_ice
38,98,183,-7.0588235294117645,mixed_snow_ice
38,99,202,-5.196078431372548,debris_rock
38,100,199,-5.490196078431371,debris_rock
38,101,153,-10.0,clean_glacier_ice
38,102,208,-4.607843137254903,debris_rock
38,103,178,-7.549019607843139,mixed_snow_ice
38,104,177,-7.647058823529413,mixed_snow_ice
38,105,180,-7.352941176470587,mixed_snow_ice
38,106,180,-7.352941176470587,mixed_snow_ice
38,107,192,-6.1764705882352935,debris_rock
38,108,155,-9.803921568627452,clean_glacier_ice
38,109,188,-6.56862745098039,debris_rock
38,110,213,-4.117647058823529,debris_rock
38,111,201,-5.2941176470588225,debris_rock
38,112,168,-8.529411764705884,mixed_snow_ice
38,113,167,-8.627450980392158,mixed_snow_ice
38,114,164,-8.92156862745098,clean_glacier_ice
38,115,176,-7.745098039215687,mixed_snow_ice
38,116,187,-6.666666666666668,debris_rock
38,117,134,-11.862745098039214,clean_glacier_ice
38,118,217,-3.7254901960784323,debris_rock
38,119,158,-9.509803921568627,clean_glacier_ice
38,120,209,-4.509803921568629,debris_rock
38,121,172,-8.137254901960784,mixed_snow_ice
38,122,150,-10.294117647058822,clean_glacier_ice
38,123,216,-3.8235294117647065,debris_rock
38,124,152,-10.098039215686274,clean_glacier_ice
38,125,142,-11.07843137254902,clean_glacier_ice
38,126,164,-8.92156862745098,clean_glacier_ice
38,127,174,-7.9411764705882355,mixed_snow_ice
38,128,157,-9.607843137254902,clean_glacier_ice
38,129,182,-7.156862745098039,mixed_snow_ice
38,130,194,-5.980392156862745,debris_rock
38,131,165,-8.823529411764707,clean_glacier_ice
38,132,125,-12.745098039215687,regular_glacier_ice
38,133,139,-11.372549019607844,clean_glacier_ice
38,134,172,-8.137254901960784,mixed_snow_ice
38,135,154,-9.901960784313726,clean_glacier_ice
38,136,187,-6.666666666666668,debris_rock
38,137,174,-7.9411764705882355,mixed_snow_ice
38,138,205,-4.901960784313726,debris_rock
38,139,222,-3.235294117647058,debris_rock
38,140,177,-7.647058823529413,mixed_snow_ice
38,141,186,-6.764705882352942,debris_rock
38,142,153,-10.0,clean_glacier_ice
38,143,180,-7.352941176470587,mixed_snow_ice
38,144,198,-5.588235294117645,debris_rock
38,145,182,-7.156862745098039,mixed_snow_ice
38,146,157,-9.607843137254902,clean_glacier_ice
38,147,172,-8.137254901960784,mixed_snow_ice
38,148,171,-8.235294117647062,mixed_snow_ice
38,149,143,-10.980392156862745,clean_glacier_ice
38,150,169,-8.43137254901961,mixed_snow_ice
38,151,163,-9.019607843137257,clean_glacier_ice
38,152,182,-7.156862745098039,mixed_snow_ice
38,153,201,-5.2941176470588225,debris_rock
38,154,175,-7.843137254901961,mixed_snow_ice
38,155,172,-8.137254901960784,mixed_snow_ice
38,156,177,-7.647058823529413,mixed_snow_ice
38,157,149,-10.392156862745097,clean_glacier_ice
38,158,165,-8.823529411764707,clean_glacier_ice
38,159,177,-7.647058823529413,mixed_snow_ice
38,164,208,-4.607843137254903,debris_rock
38,165,152,-10.098039215686274,clean_glacier_ice
38,169,172,-8.137254901960784,mixed_snow_ice
38,170,147,-10.588235294117649,clean_glacier_ice
38,171,184,-6.96078431372549,mixed_snow_ice
38,172,192,-6.1764705882352935,debris_rock
38,173,191,-6.274509803921568,debris_rock
38,174,192,-6.1764705882352935,debris_rock
38,175,198,-5.588235294117645,debris_rock
38,176,198,-5.588235294117645,debris_rock
38,177,177,-7.647058823529413,mixed_snow_ice
38,178,181,-7.254901960784313,mixed_snow_ice
38,179,190,-6.372549019607842,debris_rock
38,180,186,-6.764705882352942,debris_rock
38,181,155,-9.803921568627452,clean_glacier_ice
38,182,145,-10.784313725490197,clean_glacier_ice
38,183,159,-9.411764705882353,clean_glacier_ice
38,184,163,-9.019607843137257,clean_glacier_ice
38,185,145,-10.784313725490197,clean_glacier_ice
38,186,175,-7.843137254901961,mixed_snow_ice
38,187,164,-8.92156862745098,clean_glacier_ice
38,188,167,-8.627450980392158,mixed_snow_ice
38,189,189,-6.470588235294116,debris_rock
38,190,141,-11.176470588235293,clean_glacier_ice
38,191,174,-7.9411764705882355,mixed_snow_ice
38,192,170,-8.333333333333336,mixed_snow_ice
38,193,163,-9.019607843137257,clean_glacier_ice
38,194,171,-8.235294117647062,mixed_snow_ice
38,195,169,-8.43137254901961,mixed_snow_ice
38,196,202,-5.196078431372548,debris_rock
38,197,205,-4.901960784313726,debris_rock
38,198,209,-4.509803921568629,debris_rock
38,199,194,-5.980392156862745,debris_rock
38,200,207,-4.7058823529411775,debris_rock
38,201,187,-6.666666666666668,debris_rock
38,202,194,-5.980392156862745,debris_rock
38,203,173,-8.03921568627451,mixed_snow_ice
38,204,196,-5.784313725490193,debris_rock
38,208,196,-5.784313725490193,debris_rock
38,209,155,-9.803921568627452,clean_glacier_ice
38,210,141,-11.176470588235293,clean_glacier_ice
38,211,147,-10.588235294117649,clean_glacier_ice
38,212,156,-9.705882352941176,clean_glacier_ice
38,213,148,-10.49019607843137,clean_glacier_ice
38,214,167,-8.627450980392158,mixed_snow_ice
38,215,216,-3.8235294117647065,debris_rock
38,216,176,-7.745098039215687,mixed_snow_ice
38,217,76,-17.549019607843135,deep_glacier_ice
38,218,100,-15.196078431372548,regular_glacier_ice
38,219,90,-16.176470588235293,regular_glacier_ice
38,220,80,-17.15686274509804,deep_glacier_ice
38,221,107,-14.509803921568627,regular_glacier_ice
39,3,213,-4.117647058823529,debris_rock
39,4,205,-4.901960784313726,debris_rock
39,5,214,-4.019607843137255,debris_rock
39,7,251,-0.3921568627451002,debris_rock
39,8,187,-6.666666666666668,debris_rock
39,9,165,-8.823529411764707,clean_glacier_ice
39,10,182,-7.156862745098039,mixed_snow_ice
39,11,145,-10.784313725490197,clean_glacier_ice
39,12,195,-5.882352941176471,debris_rock
39,13,186,-6.764705882352942,debris_rock
39,14,177,-7.647058823529413,mixed_snow_ice
39,15,161,-9.215686274509805,clean_glacier_ice
39,16,178,-7.549019607843139,mixed_snow_ice
39,17,159,-9.411764705882353,clean_glacier_ice
39,18,184,-6.96078431372549,mixed_snow_ice
39,19,230,-2.450980392156861,debris_rock
39,20,174,-7.9411764705882355,mixed_snow_ice
39,21,188,-6.56862745098039,debris_rock
39,22,211,-4.313725490196081,debris_rock
39,23,149,-10.392156862745097,clean_glacier_ice
39,24,196,-5.784313725490193,debris_rock
39,25,195,-5.882352941176471,debris_rock
39,26,225,-2.9411764705882355,debris_rock
39,27,174,-7.9411764705882355,mixed_snow_ice
39,28,170,-8.333333333333336,mixed_snow_ice
39,29,193,-6.078431372549019,debris_rock
39,30,181,-7.254901960784313,mixed_snow_ice
39,31,188,-6.56862745098039,debris_rock
39,32,185,-6.862745098039216,mixed_snow_ice
39,33,105,-14.705882352941178,regular_glacier_ice
39,34,144,-10.882352941176471,clean_glacier_ice
39,35,175,-7.843137254901961,mixed_snow_ice
39,36,150,-10.294117647058822,clean_glacier_ice
39,37,124,-12.843137254901961,regular_glacier_ice
39,38,157,-9.607843137254902,clean_glacier_ice
39,39,131,-12.15686274509804,clean_glacier_ice
39,40,188,-6.56862745098039,debris_rock
39,41,206,-4.803921568627452,debris_rock
39,42,199,-5.490196078431371,debris_rock
39,43,184,-6.96078431372549,mixed_snow_ice
39,44,229,-2.5490196078431353,debris_rock
39,45,174,-7.9411764705882355,mixed_snow_ice
39,46,172,-8.137254901960784,mixed_snow_ice
39,47,188,-6.56862745098039,debris_rock
39,48,164,-8.92156862745098,clean_glacier_ice
39,49,178,-7.549019607843139,mixed_snow_ice
39,50,161,-9.215686274509805,clean_glacier_ice
39,51,195,-5.882352941176471,debris_rock
39,52,178,-7.549019607843139,mixed_snow_ice
39,53,193,-6.078431372549019,debris_rock
39,54,189,-6.470588235294116,debris_rock
39,55,173,-8.03921568627451,mixed_snow_ice
39,56,160,-9.313725490196079,clean_glacier_ice
39,57,170,-8.333333333333336,mixed_snow_ice
39,58,173,-8.03921568627451,mixed_snow_ice
39,59,142,-11.07843137254902,clean_glacier_ice
39,60,120,-13.23529411764706,regular_glacier_ice
39,61,128,-12.450980392156863,regular_glacier_ice
39,62,193,-6.078431372549019,debris_rock
39,63,153,-10.0,clean_glacier_ice
39,64,182,-7.156862745098039,mixed_snow_ice
39,65,230,-2.450980392156861,debris_rock
39,66,188,-6.56862745098039,debris_rock
39,67,138,-11.470588235294118,clean_glacier_ice
39,68,192,-6.1764705882352935,debris_rock
39,69,169,-8.43137254901961,mixed_snow_ice
39,70,181,-7.254901960784313,mixed_snow_ice
39,71,206,-4.803921568627452,debris_rock
39,72,167,-8.627450980392158,mixed_snow_ice
39,73,161,-9.215686274509805,clean_glacier_ice
39,74,153,-10.0,clean_glacier_ice
39,75,155,-9.803921568627452,clean_glacier_ice
39,76,139,-11.372549019607844,clean_glacier_ice
39,77,164,-8.92156862745098,clean_glacier_ice
39,78,167,-8.627450980392158,mixed_snow_ice
39,79,189,-6.470588235294116,debris_rock
39,80,179,-7.450980392156865,mixed_snow_ice
39,81,162,-9.11764705882353,clean_glacier_ice
39,82,141,-11.176470588235293,clean_glacier_ice
39,83,184,-6.96078431372549,mixed_snow_ice
39,84,159,-9.411764705882353,clean_glacier_ice
39,85,191,-6.274509803921568,debris_rock
39,86,206,-4.803921568627452,debris_rock
39,87,169,-8.43137254901961,mixed_snow_ice
39,88,175,-7.843137254901961,mixed_snow_ice
39,89,160,-9.313725490196079,clean_glacier_ice
39,90,147,-10.588235294117649,clean_glacier_ice
39,91,163,-9.019607843137257,clean_glacier_ice
39,92,178,-7.549019607843139,mixed_snow_ice
39,93,148,-10.49019607843137,clean_glacier_ice
39,94,183,-7.0588235294117645,mixed_snow_ice
39,95,196,-5.784313725490193,debris_rock
39,96,207,-4.7058823529411775,debris_rock
39,97,189,-6.470588235294116,debris_rock
39,98,183,-7.0588235294117645,mixed_snow_ice
39,99,174,-7.9411764705882355,mixed_snow_ice
39,100,169,-8.43137254901961,mixed_snow_ice
39,106,178,-7.549019607843139,mixed_snow_ice
39,107,175,-7.843137254901961,mixed_snow_ice
39,108,104,-14.803921568627452,regular_glacier_ice
39,110,185,-6.862745098039216,mixed_snow_ice
39,111,165,-8.823529411764707,clean_glacier_ice
39,112,170,-8.333333333333336,mixed_snow_ice
39,113,187,-6.666666666666668,debris_rock
39,114,189,-6.470588235294116,debris_rock
39,115,190,-6.372549019607842,debris_rock
39,116,186,-6.764705882352942,debris_rock
39,117,184,-6.96078431372549,mixed_snow_ice
39,118,159,-9.411764705882353,clean_glacier_ice
39,119,202,-5.196078431372548,debris_rock
39,120,167,-8.627450980392158,mixed_snow_ice
39,121,196,-5.784313725490193,debris_rock
39,122,159,-9.411764705882353,clean_glacier_ice
39,123,149,-10.392156862745097,clean_glacier_ice
39,124,158,-9.509803921568627,clean_glacier_ice
39,125,156,-9.705882352941176,clean_glacier_ice
39,126,141,-11.176470588235293,clean_glacier_ice
39,127,147,-10.588235294117649,clean_glacier_ice
39,128,162,-9.11764705882353,clean_glacier_ice
39,129,153,-10.0,clean_glacier_ice
39,130,150,-10.294117647058822,clean_glacier_ice
39,131,139,-11.372549019607844,clean_glacier_ice
39,132,161,-9.215686274509805,clean_glacier_ice
39,133,169,-8.43137254901961,mixed_snow_ice
39,134,169,-8.43137254901961,mixed_snow_ice
39,135,152,-10.098039215686274,clean_glacier_ice
39,136,172,-8.137254901960784,mixed_snow_ice
39,137,198,-5.588235294117645,debris_rock
39,138,180,-7.352941176470587,mixed_snow_ice
39,139,206,-4.803921568627452,debris_rock
39,140,200,-5.392156862745097,debris_rock
39,141,201,-5.2941176470588225,debris_rock
39,142,205,-4.901960784313726,debris_rock
39,143,188,-6.56862745098039,debris_rock
39,144,193,-6.078431372549019,debris_rock
39,145,216,-3.8235294117647065,debris_rock
39,146,216,-3.8235294117647065,debris_rock
39,147,210,-4.411764705882355,debris_rock
39,148,192,-6.1764705882352935,debris_rock
39,151,160,-9.313725490196079,clean_glacier_ice
39,152,185,-6.862745098039216,mixed_snow_ice
39,153,149,-10.392156862745097,clean_glacier_ice
39,154,117,-13.529411764705882,regular_glacier_ice
39,155,138,-11.470588235294118,clean_glacier_ice
39,156,165,-8.823529411764707,clean_glacier_ice
39,157,173,-8.03921568627451,mixed_snow_ice
39,158,190,-6.372549019607842,debris_rock
39,159,70,-18.137254901960784,deep_glacier_ice
39,160,103,-14.901960784313726,regular_glacier_ice
39,161,118,-13.431372549019608,regular_glacier_ice
39,162,137,-11.568627450980392,clean_glacier_ice
39,163,137,-11.568627450980392,clean_glacier_ice
39,164,125,-12.745098039215687,regular_glacier_ice
39,165,255,0.0,debris_rock
39,167,221,-3.333333333333332,debris_rock
39,168,251,-0.3921568627451002,debris_rock
39,169,214,-4.019607843137255,debris_rock
39,170,124,-12.843137254901961,regular_glacier_ice
39,171,173,-8.03921568627451,mixed_snow_ice
39,172,189,-6.470588235294116,debris_rock
39,173,155,-9.803921568627452,clean_glacier_ice
39,174,152,-10.098039215686274,clean_glacier_ice
39,175,167,-8.627450980392158,mixed_snow_ice
39,176,157,-9.607843137254902,clean_glacier_ice
39,177,193,-6.078431372549019,debris_rock
39,178,178,-7.549019607843139,mixed_snow_ice
39,179,158,-9.509803921568627,clean_glacier_ice
39,180,150,-10.294117647058822,clean_glacier_ice
39,181,179,-7.450980392156865,mixed_snow_ice
39,182,136,-11.666666666666666,clean_glacier_ice
39,183,196,-5.784313725490193,debris_rock
39,184,202,-5.196078431372548,debris_rock
39,185,183,-7.0588235294117645,mixed_snow_ice
39,186,191,-6.274509803921568,debris_rock
39,187,202,-5.196078431372548,debris_rock
39,188,182,-7.156862745098039,mixed_snow_ice
39,189,179,-7.450980392156865,mixed_snow_ice
39,190,204,-5.0,debris_rock
39,191,208,-4.607843137254903,debris_rock
39,192,209,-4.509803921568629,debris_rock
39,193,177,-7.647058823529413,mixed_snow_ice
39,194,172,-8.137254901960784,mixed_snow_ice
39,195,167,-8.627450980392158,mixed_snow_ice
39,196,191,-6.274509803921568,debris_rock
39,197,192,-6.1764705882352935,debris_rock
39,198,139,-11.372549019607844,clean_glacier_ice
39,199,150,-10.294117647058822,clean_glacier_ice
39,200,165,-8.823529411764707,clean_glacier_ice
39,201,159,-9.411764705882353,clean_glacier_ice
39,202,157,-9.607843137254902,clean_glacier_ice
39,203,155,-9.803921568627452,clean_glacier_ice
39,204,207,-4.7058823529411775,debris_rock
39,205,240,-1.4705882352941195,debris_rock
39,206,219,-3.529411764705884,debris_rock
39,207,192,-6.1764705882352935,debris_rock
39,208,203,-5.098039215686274,debris_rock
39,209,219,-3.529411764705884,debris_rock
39,210,170,-8.333333333333336,mixed_snow_ice
39,211,187,-6.666666666666668,debris_rock
39,212,180,-7.352941176470587,mixed_snow_ice
39,213,212,-4.215686274509803,debris_rock
39,214,165,-8.823529411764707,clean_glacier_ice
39,215,145,-10.784313725490197,clean_glacier_ice
39,216,180,-7.352941176470587,mixed_snow_ice
39,217,213,-4.117647058823529,debris_rock
39,218,208,-4.607843137254903,debris_rock
39,219,196,-5.784313725490193,debris_rock
39,220,181,-7.254901960784313,mixed_snow_ice
39,221,154,-9.901960784313726,clean_glacier_ice
39,222,157,-9.607843137254902,clean_glacier_ice
40,0,183,-7.0588235294117645,mixed_snow_ice
40,1,175,-7.843137254901961,mixed_snow_ice
40,2,172,-8.137254901960784,mixed_snow_ice
40,3,177,-7.647058823529413,mixed_snow_ice
40,4,131,-12.15686274509804,clean_glacier_ice
40,5,162,-9.11764705882353,clean_glacier_ice
40,6,183,-7.0588235294117645,mixed_snow_ice
40,7,196,-5.784313725490193,debris_rock
40,8,206,-4.803921568627452,debris_rock
40,9,181,-7.254901960784313,mixed_snow_ice
40,10,168,-8.529411764705884,mixed_snow_ice
40,11,217,-3.7254901960784323,debris_rock
40,12,189,-6.470588235294116,debris_rock
40,13,166,-8.725490196078432,mixed_snow_ice
40,14,160,-9.313725490196079,clean_glacier_ice
40,15,172,-8.137254901960784,mixed_snow_ice
40,16,189,-6.470588235294116,debris_rock
40,17,186,-6.764705882352942,debris_rock
40,18,171,-8.235294117647062,mixed_snow_ice
40,19,141,-11.176470588235293,clean_glacier_ice
40,20,134,-11.862745098039214,clean_glacier_ice
40,21,122,-13.03921568627451,regular_glacier_ice
40,22,134,-11.862745098039214,clean_glacier_ice
40,23,130,-12.254901960784315,clean_glacier_ice
40,24,154,-9.901960784313726,clean_glacier_ice
40,25,158,-9.509803921568627,clean_glacier_ice
40,26,197,-5.686274509803919,debris_rock
40,27,217,-3.7254901960784323,debris_rock
40,28,198,-5.588235294117645,debris_rock
40,29,164,-8.92156862745098,clean_glacier_ice
40,30,159,-9.411764705882353,clean_glacier_ice
40,31,164,-8.92156862745098,clean_glacier_ice
40,32,162,-9.11764705882353,clean_glacier_ice
40,33,168,-8.529411764705884,mixed_snow_ice
40,34,196,-5.784313725490193,debris_rock
40,35,173,-8.03921568627451,mixed_snow_ice
40,36,199,-5.490196078431371,debris_rock
40,37,201,-5.2941176470588225,debris_rock
40,38,204,-5.0,debris_rock
40,39,160,-9.313725490196079,clean_glacier_ice
40,40,159,-9.411764705882353,clean_glacier_ice
40,41,172,-8.137254901960784,mixed_snow_ice
40,42,100,-15.196078431372548,regular_glacier_ice
40,47,183,-7.0588235294117645,mixed_snow_ice
40,48,112,-14.019607843137255,regular_glacier_ice
40,49,110,-14.215686274509803,regular_glacier_ice
40,50,144,-10.882352941176471,clean_glacier_ice
40,51,130,-12.254901960784315,clean_glacier_ice
40,52,107,-14.509803921568627,regular_glacier_ice
40,53,152,-10.098039215686274,clean_glacier_ice
40,55,230,-2.450980392156861,debris_rock
40,56,189,-6.470588235294116,debris_rock
40,57,199,-5.490196078431371,debris_rock
40,58,180,-7.352941176470587,mixed_snow_ice
40,59,185,-6.862745098039216,mixed_snow_ice
40,60,195,-5.882352941176471,debris_rock
40,61,200,-5.392156862745097,debris_rock
40,62,187,-6.666666666666668,debris_rock
40,63,160,-9.313725490196079,clean_glacier_ice
40,64,135,-11.76470588235294,clean_glacier_ice
40,65,136,-11.666666666666666,clean_glacier_ice
40,66,167,-8.627450980392158,mixed_snow_ice
40,67,153,-10.0,clean_glacier_ice
40,68,160,-9.313725490196079,clean_glacier_ice
40,69,156,-9.705882352941176,clean_glacier_ice
40,70,146,-10.686274509803923,clean_glacier_ice
40,71,120,-13.23529411764706,regular_glacier_ice
40,72,132,-12.058823529411763,clean_glacier_ice
40,73,136,-11.666666666666666,clean_glacier_ice
40,74,119,-13.333333333333334,regular_glacier_ice
40,75,166,-8.725490196078432,mixed_snow_ice
40,76,184,-6.96078431372549,mixed_snow_ice
40,77,180,-7.352941176470587,mixed_snow_ice
40,78,168,-8.529411764705884,mixed_snow_ice
40,79,186,-6.764705882352942,debris_rock
40,80,192,-6.1764705882352935,debris_rock
40,81,185,-6.862745098039216,mixed_snow_ice
40,82,209,-4.509803921568629,debris_rock
40,83,209,-4.509803921568629,debris_rock
40,84,205,-4.901960784313726,debris_rock
40,85,182,-7.156862745098039,mixed_snow_ice
40,86,188,-6.56862745098039,debris_rock
40,87,202,-5.196078431372548,debris_rock
40,88,206,-4.803921568627452,debris_rock
40,89,191,-6.274509803921568,debris_rock
40,90,219,-3.529411764705884,debris_rock
40,91,194,-5.980392156862745,debris_rock
40,92,228,-2.6470588235294095,debris_rock
40,93,231,-2.352941176470587,debris_rock
40,94,166,-8.725490196078432,mixed_snow_ice
40,95,171,-8.235294117647062,mixed_snow_ice
40,96,136,-11.666666666666666,clean_glacier_ice
40,97,156,-9.705882352941176,clean_glacier_ice
40,98,126,-12.647058823529411,regular_glacier_ice
40,99,189,-6.470588235294116,debris_rock
40,100,134,-11.862745098039214,clean_glacier_ice
40,101,92,-15.980392156862745,regular_glacier_ice
40,102,45,-20.588235294117645,deep_glacier_ice
40,103,89,-16.274509803921568,regular_glacier_ice
40,105,207,-4.7058823529411775,debris_rock
40,106,191,-6.274509803921568,debris_rock
40,107,206,-4.803921568627452,debris_rock
40,108,152,-10.098039215686274,clean_glacier_ice
40,109,198,-5.588235294117645,debris_rock
40,110,224,-3.0392156862745097,debris_rock
40,111,164,-8.92156862745098,clean_glacier_ice
40,112,106,-14.607843137254902,regular_glacier_ice
40,113,147,-10.588235294117649,clean_glacier_ice
40,114,218,-3.627450980392158,debris_rock
40,115,148,-10.49019607843137,clean_glacier_ice
40,116,183,-7.0588235294117645,mixed_snow_ice
40,117,166,-8.725490196078432,mixed_snow_ice
40,118,174,-7.9411764705882355,mixed_snow_ice
40,119,164,-8.92156862745098,clean_glacier_ice
40,120,173,-8.03921568627451,mixed_snow_ice
40,121,191,-6.274509803921568,debris_rock
40,122,180,-7.352941176470587,mixed_snow_ice
40,123,192,-6.1764705882352935,debris_rock
40,124,185,-6.862745098039216,mixed_snow_ice
40,125,184,-6.96078431372549,mixed_snow_ice
40,126,193,-6.078431372549019,debris_rock
40,127,187,-6.666666666666668,debris_rock
40,128,172,-8.137254901960784,mixed_snow_ice
40,129,190,-6.372549019607842,debris_rock
40,130,186,-6.764705882352942,debris_rock
40,131,158,-9.509803921568627,clean_glacier_ice
40,132,187,-6.666666666666668,debris_rock
40,133,175,-7.843137254901961,mixed_snow_ice
40,134,186,-6.764705882352942,debris_rock
40,135,176,-7.745098039215687,mixed_snow_ice
40,136,186,-6.764705882352942,debris_rock
40,137,193,-6.078431372549019,debris_rock
40,138,184,-6.96078431372549,mixed_snow_ice
40,139,196,-5.784313725490193,debris_rock
40,140,145,-10.784313725490197,clean_glacier_ice
40,141,144,-10.882352941176471,clean_glacier_ice
40,142,180,-7.352941176470587,mixed_snow_ice
40,143,162,-9.11764705882353,clean_glacier_ice
40,144,163,-9.019607843137257,clean_glacier_ice
40,145,174,-7.9411764705882355,mixed_snow_ice
40,146,207,-4.7058823529411775,debris_rock
40,147,218,-3.627450980392158,debris_rock
40,148,206,-4.803921568627452,debris_rock
40,149,200,-5.392156862745097,debris_rock
40,150,202,-5.196078431372548,debris_rock
40,151,202,-5.196078431372548,debris_rock
40,152,183,-7.0588235294117645,mixed_snow_ice
40,153,175,-7.843137254901961,mixed_snow_ice
40,154,168,-8.529411764705884,mixed_snow_ice
40,155,245,-0.9803921568627452,debris_rock
40,156,182,-7.156862745098039,mixed_snow_ice
40,157,173,-8.03921568627451,mixed_snow_ice
40,158,172,-8.137254901960784,mixed_snow_ice
40,159,200,-5.392156862745097,debris_rock
40,160,242,-1.2745098039215712,debris_rock
40,161,201,-5.2941176470588225,debris_rock
40,162,185,-6.862745098039216,mixed_snow_ice
40,163,157,-9.607843137254902,clean_glacier_ice
40,164,117,-13.529411764705882,regular_glacier_ice
40,165,178,-7.549019607843139,mixed_snow_ice
40,166,201,-5.2941176470588225,debris_rock
40,167,124,-12.843137254901961,regular_glacier_ice
40,168,119,-13.333333333333334,regular_glacier_ice
40,169,148,-10.49019607843137,clean_glacier_ice
40,170,159,-9.411764705882353,clean_glacier_ice
40,171,168,-8.529411764705884,mixed_snow_ice
40,172,187,-6.666666666666668,debris_rock
40,173,186,-6.764705882352942,debris_rock
40,174,166,-8.725490196078432,mixed_snow_ice
40,175,180,-7.352941176470587,mixed_snow_ice
40,176,207,-4.7058823529411775,debris_rock
40,177,163,-9.019607843137257,clean_glacier_ice
40,178,173,-8.03921568627451,mixed_snow_ice
40,179,162,-9.11764705882353,clean_glacier_ice
40,180,175,-7.843137254901961,mixed_snow_ice
40,181,152,-10.098039215686274,clean_glacier_ice
40,182,167,-8.627450980392158,mixed_snow_ice
40,183,181,-7.254901960784313,mixed_snow_ice
40,184,150,-10.294117647058822,clean_glacier_ice
40,185,131,-12.15686274509804,clean_glacier_ice
40,186,143,-10.980392156862745,clean_glacier_ice
40,187,148,-10.49019607843137,clean_glacier_ice
40,188,180,-7.352941176470587,mixed_snow_ice
40,189,145,-10.784313725490197,clean_glacier_ice
40,190,143,-10.980392156862745,clean_glacier_ice
40,191,217,-3.7254901960784323,debris_rock
40,192,224,-3.0392156862745097,debris_rock
40,193,166,-8.725490196078432,mixed_snow_ice
40,194,149,-10.392156862745097,clean_glacier_ice
40,195,166,-8.725490196078432,mixed_snow_ice
40,196,162,-9.11764705882353,clean_glacier_ice
40,197,148,-10.49019607843137,clean_glacier_ice
40,198,176,-7.745098039215687,mixed_snow_ice
40,199,169,-8.43137254901961,mixed_snow_ice
40,200,147,-10.588235294117649,clean_glacier_ice
40,201,184,-6.96078431372549,mixed_snow_ice
40,202,188,-6.56862745098039,debris_rock
40,203,186,-6.764705882352942,debris_rock
40,204,180,-7.352941176470587,mixed_snow_ice
40,205,118,-13.431372549019608,regular_glacier_ice
40,206,123,-12.941176470588236,regular_glacier_ice
40,212,155,-9.803921568627452,clean_glacier_ice
40,213,122,-13.03921568627451,regular_glacier_ice
40,214,124,-12.843137254901961,regular_glacier_ice
40,215,212,-4.215686274509803,debris_rock
40,220,217,-3.7254901960784323,debris_rock
40,221,178,-7.549019607843139,mixed_snow_ice
40,222,223,-3.137254901960784,debris_rock
41,0,177,-7.647058823529413,mixed_snow_ice
41,1,169,-8.43137254901961,mixed_snow_ice
41,2,161,-9.215686274509805,clean_glacier_ice
41,3,167,-8.627450980392158,mixed_snow_ice
41,4,184,-6.96078431372549,mixed_snow_ice
41,5,186,-6.764705882352942,debris_rock
41,6,155,-9.803921568627452,clean_glacier_ice
41,7,140,-11.274509803921568,clean_glacier_ice
41,8,144,-10.882352941176471,clean_glacier_ice
41,9,130,-12.254901960784315,clean_glacier_ice
41,10,137,-11.568627450980392,clean_glacier_ice
41,11,165,-8.823529411764707,clean_glacier_ice
41,12,162,-9.11764705882353,clean_glacier_ice
41,13,144,-10.882352941176471,clean_glacier_ice
41,14,142,-11.07843137254902,clean_glacier_ice
41,15,170,-8.333333333333336,mixed_snow_ice
41,16,127,-12.549019607843137,regular_glacier_ice
41,17,189,-6.470588235294116,debris_rock
41,18,190,-6.372549019607842,debris_rock
41,19,167,-8.627450980392158,mixed_snow_ice
41,20,175,-7.843137254901961,mixed_snow_ice
41,21,151,-10.196078431372548,clean_glacier_ice
41,22,186,-6.764705882352942,debris_rock
41,23,191,-6.274509803921568,debris_rock
41,24,199,-5.490196078431371,debris_rock
41,25,195,-5.882352941176471,debris_rock
41,26,200,-5.392156862745097,debris_rock
41,27,206,-4.803921568627452,debris_rock
41,28,208,-4.607843137254903,debris_rock
41,29,206,-4.803921568627452,debris_rock
41,30,209,-4.509803921568629,debris_rock
41,31,199,-5.490196078431371,debris_rock
41,32,210,-4.411764705882355,debris_rock
41,33,192,-6.1764705882352935,debris_rock
41,34,172,-8.137254901960784,mixed_snow_ice
41,35,188,-6.56862745098039,debris_rock
41,36,168,-8.529411764705884,mixed_snow_ice
41,37,171,-8.235294117647062,mixed_snow_ice
41,38,156,-9.705882352941176,clean_glacier_ice
41,39,133,-11.960784313725489,clean_glacier_ice
41,40,168,-8.529411764705884,mixed_snow_ice
41,41,200,-5.392156862745097,debris_rock
41,42,146,-10.686274509803923,clean_glacier_ice
41,43,107,-14.509803921568627,regular_glacier_ice
41,44,97,-15.490196078431373,regular_glacier_ice
41,45,154,-9.901960784313726,clean_glacier_ice
41,47,201,-5.2941176470588225,debris_rock
41,48,236,-1.8627450980392162,debris_rock
41,49,109,-14.313725490196079,regular_glacier_ice
41,50,98,-15.392156862745097,regular_glacier_ice
41,51,230,-2.450980392156861,debris_rock
41,52,225,-2.9411764705882355,debris_rock
41,53,125,-12.745098039215687,regular_glacier_ice
41,54,180,-7.352941176470587,mixed_snow_ice
41,55,144,-10.882352941176471,clean_glacier_ice
41,56,228,-2.6470588235294095,debris_rock
41,57,173,-8.03921568627451,mixed_snow_ice
41,58,179,-7.450980392156865,mixed_snow_ice
41,59,177,-7.647058823529413,mixed_snow_ice
41,60,192,-6.1764705882352935,debris_rock
41,61,182,-7.156862745098039,mixed_snow_ice
41,62,131,-12.15686274509804,clean_glacier_ice
41,63,194,-5.980392156862745,debris_rock
41,64,178,-7.549019607843139,mixed_snow_ice
41,65,184,-6.96078431372549,mixed_snow_ice
41,66,202,-5.196078431372548,debris_rock
41,67,182,-7.156862745098039,mixed_snow_ice
41,68,200,-5.392156862745097,debris_rock
41,69,181,-7.254901960784313,mixed_snow_ice
41,70,178,-7.549019607843139,mixed_snow_ice
41,71,206,-4.803921568627452,debris_rock
41,72,194,-5.980392156862745,debris_rock
41,73,161,-9.215686274509805,clean_glacier_ice
41,74,174,-7.9411764705882355,mixed_snow_ice
41,75,184,-6.96078431372549,mixed_snow_ice
41,76,168,-8.529411764705884,mixed_snow_ice
41,77,185,-6.862745098039216,mixed_snow_ice
41,78,225,-2.9411764705882355,debris_rock
41,79,174,-7.9411764705882355,mixed_snow_ice
41,80,169,-8.43137254901961,mixed_snow_ice
41,81,194,-5.980392156862745,debris_rock
41,82,168,-8.529411764705884,mixed_snow_ice
41,83,182,-7.156862745098039,mixed_snow_ice
41,84,218,-3.627450980392158,debris_rock
41,85,223,-3.137254901960784,debris_rock
41,86,191,-6.274509803921568,debris_rock
41,87,173,-8.03921568627451,mixed_snow_ice
41,88,217,-3.7254901960784323,debris_rock
41,89,234,-2.0588235294117645,debris_rock
41,90,212,-4.215686274509803,debris_rock
41,91,209,-4.509803921568629,debris_rock
41,92,168,-8.529411764705884,mixed_snow_ice
41,93,189,-6.470588235294116,debris_rock
41,94,195,-5.882352941176471,debris_rock
41,95,189,-6.470588235294116,debris_rock
41,96,174,-7.9411764705882355,mixed_snow_ice
41,97,221,-3.333333333333332,debris_rock
41,98,207,-4.7058823529411775,debris_rock
41,99,164,-8.92156862745098,clean_glacier_ice
41,100,150,-10.294117647058822,clean_glacier_ice
41,101,180,-7.352941176470587,mixed_snow_ice
41,102,228,-2.6470588235294095,debris_rock
41,103,163,-9.019607843137257,clean_glacier_ice
41,104,204,-5.0,debris_rock
41,105,120,-13.23529411764706,regular_glacier_ice
41,106,100,-15.196078431372548,regular_glacier_ice
41,107,170,-8.333333333333336,mixed_snow_ice
41,108,186,-6.764705882352942,debris_rock
41,109,233,-2.1568627450980387,debris_rock
41,110,169,-8.43137254901961,mixed_snow_ice
41,111,174,-7.9411764705882355,mixed_snow_ice
41,112,195,-5.882352941176471,debris_rock
41,113,171,-8.235294117647062,mixed_snow_ice
41,114,209,-4.509803921568629,debris_rock
41,115,171,-8.235294117647062,mixed_snow_ice
41,116,161,-9.215686274509805,clean_glacier_ice
41,117,212,-4.215686274509803,debris_rock
41,118,184,-6.96078431372549,mixed_snow_ice
41,119,189,-6.470588235294116,debris_rock
41,120,205,-4.901960784313726,debris_rock
41,121,193,-6.078431372549019,debris_rock
41,122,164,-8.92156862745098,clean_glacier_ice
41,123,161,-9.215686274509805,clean_glacier_ice
41,124,127,-12.549019607843137,regular_glacier_ice
41,125,154,-9.901960784313726,clean_glacier_ice
41,126,186,-6.764705882352942,debris_rock
41,127,173,-8.03921568627451,mixed_snow_ice
41,128,137,-11.568627450980392,clean_glacier_ice
41,129,167,-8.627450980392158,mixed_snow_ice
41,130,195,-5.882352941176471,debris_rock
41,131,185,-6.862745098039216,mixed_snow_ice
41,132,179,-7.450980392156865,mixed_snow_ice
41,133,184,-6.96078431372549,mixed_snow_ice
41,134,170,-8.333333333333336,mixed_snow_ice
41,135,147,-10.588235294117649,clean_glacier_ice
41,136,158,-9.509803921568627,clean_glacier_ice
41,137,180,-7.352941176470587,mixed_snow_ice
41,138,161,-9.215686274509805,clean_glacier_ice
41,139,143,-10.980392156862745,clean_glacier_ice
41,140,163,-9.019607843137257,clean_glacier_ice
41,141,197,-5.686274509803919,debris_rock
41,142,180,-7.352941176470587,mixed_snow_ice
41,143,195,-5.882352941176471,debris_rock
41,144,186,-6.764705882352942,debris_rock
41,145,186,-6.764705882352942,debris_rock
41,146,57,-19.41176470588235,deep_glacier_ice
41,147,47,-20.392156862745097,deep_glacier_ice
41,162,168,-8.529411764705884,mixed_snow_ice
41,163,122,-13.03921568627451,regular_glacier_ice
41,164,197,-5.686274509803919,debris_rock
41,165,185,-6.862745098039216,mixed_snow_ice
41,166,196,-5.784313725490193,debris_rock
41,167,180,-7.352941176470587,mixed_snow_ice
41,168,115,-13.72549019607843,regular_glacier_ice
41,169,170,-8.333333333333336,mixed_snow_ice
41,170,177,-7.647058823529413,mixed_snow_ice
41,171,147,-10.588235294117649,clean_glacier_ice
41,172,157,-9.607843137254902,clean_glacier_ice
41,173,136,-11.666666666666666,clean_glacier_ice
41,174,108,-14.411764705882353,regular_glacier_ice
41,175,144,-10.882352941176471,clean_glacier_ice
41,176,152,-10.098039215686274,clean_glacier_ice
41,177,134,-11.862745098039214,clean_glacier_ice
41,178,128,-12.450980392156863,regular_glacier_ice
41,179,133,-11.960784313725489,clean_glacier_ice
41,180,167,-8.627450980392158,mixed_snow_ice
41,181,163,-9.019607843137257,clean_glacier_ice
41,182,161,-9.215686274509805,clean_glacier_ice
41,183,181,-7.254901960784313,mixed_snow_ice
41,184,211,-4.313725490196081,debris_rock
41,185,215,-3.9215686274509807,debris_rock
41,186,173,-8.03921568627451,mixed_snow_ice
41,187,185,-6.862745098039216,mixed_snow_ice
41,188,172,-8.137254901960784,mixed_snow_ice
41,189,197,-5.686274509803919,debris_rock
41,190,208,-4.607843137254903,debris_rock
41,191,181,-7.254901960784313,mixed_snow_ice
41,192,193,-6.078431372549019,debris_rock
41,193,213,-4.117647058823529,debris_rock
41,194,181,-7.254901960784313,mixed_snow_ice
41,195,192,-6.1764705882352935,debris_rock
41,196,210,-4.411764705882355,debris_rock
41,197,208,-4.607843137254903,debris_rock
41,198,196,-5.784313725490193,debris_rock
41,199,223,-3.137254901960784,debris_rock
41,200,210,-4.411764705882355,debris_rock
41,201,156,-9.705882352941176,clean_glacier_ice
41,202,176,-7.745098039215687,mixed_snow_ice
41,203,167,-8.627450980392158,mixed_snow_ice
41,204,161,-9.215686274509805,clean_glacier_ice
41,205,191,-6.274509803921568,debris_rock
41,206,215,-3.9215686274509807,debris_rock
41,207,160,-9.313725490196079,clean_glacier_ice
41,208,138,-11.470588235294118,clean_glacier_ice
41,209,154,-9.901960784313726,clean_glacier_ice
41,210,152,-10.098039215686274,clean_glacier_ice
41,211,201,-5.2941176470588225,debris_rock
41,212,153,-10.0,clean_glacier_ice
41,213,196,-5.784313725490193,debris_rock
41,214,182,-7.156862745098039,mixed_snow_ice
41,215,98,-15.392156862745097,regular_glacier_ice
41,216,203,-5.098039215686274,debris_rock
41,217,185,-6.862745098039216,mixed_snow_ice
41,218,131,-12.15686274509804,clean_glacier_ice
41,219,171,-8.235294117647062,mixed_snow_ice
41,220,184,-6.96078431372549,mixed_snow_ice
41,221,125,-12.745098039215687,regular_glacier_ice
41,222,135,-11.76470588235294,clean_glacier_ice
42,0,235,-1.9607843137254903,debris_rock
42,1,234,-2.0588235294117645,debris_rock
42,2,166,-8.725490196078432,mixed_snow_ice
42,3,155,-9.803921568627452,clean_glacier_ice
42,4,180,-7.352941176470587,mixed_snow_ice
42,5,204,-5.0,debris_rock
42,6,177,-7.647058823529413,mixed_snow_ice
42,7,164,-8.92156862745098,clean_glacier_ice
42,8,201,-5.2941176470588225,debris_rock
42,9,173,-8.03921568627451,mixed_snow_ice
42,10,175,-7.843137254901961,mixed_snow_ice
42,11,190,-6.372549019607842,debris_rock
42,12,156,-9.705882352941176,clean_glacier_ice
42,13,192,-6.1764705882352935,debris_rock
42,14,169,-8.43137254901961,mixed_snow_ice
42,15,172,-8.137254901960784,mixed_snow_ice
42,16,183,-7.0588235294117645,mixed_snow_ice
42,17,172,-8.137254901960784,mixed_snow_ice
42,18,175,-7.843137254901961,mixed_snow_ice
42,19,181,-7.254901960784313,mixed_snow_ice
42,20,204,-5.0,debris_rock
42,21,204,-5.0,debris_rock
42,22,178,-7.549019607843139,mixed_snow_ice
42,23,204,-5.0,debris_rock
42,24,192,-6.1764705882352935,debris_rock
42,25,203,-5.098039215686274,debris_rock
42,26,215,-3.9215686274509807,debris_rock
42,27,206,-4.803921568627452,debris_rock
42,28,190,-6.372549019607842,debris_rock
42,29,199,-5.490196078431371,debris_rock
42,30,190,-6.372549019607842,debris_rock
42,31,202,-5.196078431372548,debris_rock
42,32,231,-2.352941176470587,debris_rock
42,33,228,-2.6470588235294095,debris_rock
42,34,227,-2.745098039215687,debris_rock
42,35,206,-4.803921568627452,debris_rock
42,36,228,-2.6470588235294095,debris_rock
42,37,199,-5.490196078431371,debris_rock
42,38,191,-6.274509803921568,debris_rock
42,39,202,-5.196078431372548,debris_rock
42,40,194,-5.980392156862745,debris_rock
42,41,177,-7.647058823529413,mixed_snow_ice
42,42,130,-12.254901960784315,clean_glacier_ice
42,43,125,-12.745098039215687,regular_glacier_ice
42,44,188,-6.56862745098039,debris_rock
42,45,243,-1.176470588235297,debris_rock
42,46,221,-3.333333333333332,debris_rock
42,47,158,-9.509803921568627,clean_glacier_ice
42,48,198,-5.588235294117645,debris_rock
42,49,161,-9.215686274509805,clean_glacier_ice
42,50,165,-8.823529411764707,clean_glacier_ice
42,51,162,-9.11764705882353,clean_glacier_ice
42,52,148,-10.49019607843137,clean_glacier_ice
42,53,196,-5.784313725490193,debris_rock
42,54,219,-3.529411764705884,debris_rock
42,55,198,-5.588235294117645,debris_rock
42,56,212,-4.215686274509803,debris_rock
42,57,188,-6.56862745098039,debris_rock
42,58,168,-8.529411764705884,mixed_snow_ice
42,59,142,-11.07843137254902,clean_glacier_ice
42,60,196,-5.784313725490193,debris_rock
42,61,206,-4.803921568627452,debris_rock
42,62,211,-4.313725490196081,debris_rock
42,63,190,-6.372549019607842,debris_rock
42,64,168,-8.529411764705884,mixed_snow_ice
42,65,160,-9.313725490196079,clean_glacier_ice
42,66,148,-10.49019607843137,clean_glacier_ice
42,67,148,-10.49019607843137,clean_glacier_ice
42,68,162,-9.11764705882353,clean_glacier_ice
42,69,165,-8.823529411764707,clean_glacier_ice
42,70,142,-11.07843137254902,clean_glacier_ice
42,71,165,-8.823529411764707,clean_glacier_ice
42,72,170,-8.333333333333336,mixed_snow_ice
42,73,220,-3.4313725490196063,debris_rock
42,74,183,-7.0588235294117645,mixed_snow_ice
42,75,196,-5.784313725490193,debris_rock
42,76,145,-10.784313725490197,clean_glacier_ice
42,77,168,-8.529411764705884,mixed_snow_ice
42,78,153,-10.0,clean_glacier_ice
42,79,189,-6.470588235294116,debris_rock
42,80,164,-8.92156862745098,clean_glacier_ice
42,81,139,-11.372549019607844,clean_glacier_ice
42,82,145,-10.784313725490197,clean_glacier_ice
42,83,183,-7.0588235294117645,mixed_snow_ice
42,84,179,-7.450980392156865,mixed_snow_ice
42,85,188,-6.56862745098039,debris_rock
42,86,213,-4.117647058823529,debris_rock
42,87,187,-6.666666666666668,debris_rock
42,88,67,-18.431372549019606,deep_glacier_ice
42,104,122,-13.03921568627451,regular_glacier_ice
42,105,174,-7.9411764705882355,mixed_snow_ice
42,106,162,-9.11764705882353,clean_glacier_ice
42,107,201,-5.2941176470588225,debris_rock
42,108,175,-7.843137254901961,mixed_snow_ice
42,109,179,-7.450980392156865,mixed_snow_ice
42,110,136,-11.666666666666666,clean_glacier_ice
42,111,178,-7.549019607843139,mixed_snow_ice
42,112,180,-7.352941176470587,mixed_snow_ice
42,113,169,-8.43137254901961,mixed_snow_ice
42,114,143,-10.980392156862745,clean_glacier_ice
42,115,130,-12.254901960784315,clean_glacier_ice
42,116,130,-12.254901960784315,clean_glacier_ice
42,117,132,-12.058823529411763,clean_glacier_ice
42,118,119,-13.333333333333334,regular_glacier_ice
42,119,172,-8.137254901960784,mixed_snow_ice
42,120,196,-5.784313725490193,debris_rock
42,121,178,-7.549019607843139,mixed_snow_ice
42,122,188,-6.56862745098039,debris_rock
42,123,212,-4.215686274509803,debris_rock
42,124,167,-8.627450980392158,mixed_snow_ice
42,125,195,-5.882352941176471,debris_rock
42,126,188,-6.56862745098039,debris_rock
42,127,185,-6.862745098039216,mixed_snow_ice
42,128,177,-7.647058823529413,mixed_snow_ice
42,129,178,-7.549019607843139,mixed_snow_ice
42,130,142,-11.07843137254902,clean_glacier_ice
42,131,172,-8.137254901960784,mixed_snow_ice
42,132,186,-6.764705882352942,debris_rock
42,133,194,-5.980392156862745,debris_rock
42,134,174,-7.9411764705882355,mixed_snow_ice
42,135,195,-5.882352941176471,debris_rock
42,136,222,-3.235294117647058,debris_rock
42,137,179,-7.450980392156865,mixed_snow_ice
42,138,199,-5.490196078431371,debris_rock
42,139,217,-3.7254901960784323,debris_rock
42,140,188,-6.56862745098039,debris_rock
42,141,220,-3.4313725490196063,debris_rock
42,142,220,-3.4313725490196063,debris_rock
42,143,187,-6.666666666666668,debris_rock
42,144,150,-10.294117647058822,clean_glacier_ice
42,145,157,-9.607843137254902,clean_glacier_ice
42,146,144,-10.882352941176471,clean_glacier_ice
42,147,138,-11.470588235294118,clean_glacier_ice
42,148,198,-5.588235294117645,debris_rock
42,149,157,-9.607843137254902,clean_glacier_ice
42,150,153,-10.0,clean_glacier_ice
42,151,161,-9.215686274509805,clean_glacier_ice
42,152,166,-8.725490196078432,mixed_snow_ice
42,153,169,-8.43137254901961,mixed_snow_ice
42,154,149,-10.392156862745097,clean_glacier_ice
42,155,141,-11.176470588235293,clean_glacier_ice
42,156,176,-7.745098039215687,mixed_snow_ice
42,157,152,-10.098039215686274,clean_glacier_ice
42,158,176,-7.745098039215687,mixed_snow_ice
42,159,113,-13.92156862745098,regular_glacier_ice
42,160,68,-18.333333333333332,deep_glacier_ice
42,161,138,-11.470588235294118,clean_glacier_ice
42,162,212,-4.215686274509803,debris_rock
42,163,102,-15.0,regular_glacier_ice
42,164,123,-12.941176470588236,regular_glacier_ice
42,165,212,-4.215686274509803,debris_rock
42,166,217,-3.7254901960784323,debris_rock
42,167,124,-12.843137254901961,regular_glacier_ice
42,168,201,-5.2941176470588225,debris_rock
42,169,209,-4.509803921568629,debris_rock
42,170,167,-8.627450980392158,mixed_snow_ice
42,171,182,-7.156862745098039,mixed_snow_ice
42,172,156,-9.705882352941176,clean_glacier_ice
42,173,184,-6.96078431372549,mixed_snow_ice
42,174,176,-7.745098039215687,mixed_snow_ice
42,175,185,-6.862745098039216,mixed_snow_ice
42,176,151,-10.196078431372548,clean_glacier_ice
42,177,190,-6.372549019607842,debris_rock
42,178,203,-5.098039215686274,debris_rock
42,179,164,-8.92156862745098,clean_glacier_ice
42,180,187,-6.666666666666668,debris_rock
42,181,191,-6.274509803921568,debris_rock
42,182,147,-10.588235294117649,clean_glacier_ice
42,183,171,-8.235294117647062,mixed_snow_ice
42,184,169,-8.43137254901961,mixed_snow_ice
42,185,191,-6.274509803921568,debris_rock
42,186,168,-8.529411764705884,mixed_snow_ice
42,187,165,-8.823529411764707,clean_glacier_ice
42,188,200,-5.392156862745097,debris_rock
42,189,170,-8.333333333333336,mixed_snow_ice
42,190,167,-8.627450980392158,mixed_snow_ice
42,191,183,-7.0588235294117645,mixed_snow_ice
42,192,181,-7.254901960784313,mixed_snow_ice
42,193,154,-9.901960784313726,clean_glacier_ice
42,194,191,-6.274509803921568,debris_rock
42,195,222,-3.235294117647058,debris_rock
42,196,210,-4.411764705882355,debris_rock
42,197,225,-2.9411764705882355,debris_rock
42,198,235,-1.9607843137254903,debris_rock
42,199,212,-4.215686274509803,debris_rock
42,200,208,-4.607843137254903,debris_rock
42,201,204,-5.0,debris_rock
42,202,193,-6.078431372549019,debris_rock
42,203,196,-5.784313725490193,debris_rock
42,204,197,-5.686274509803919,debris_rock
42,205,234,-2.0588235294117645,debris_rock
42,206,231,-2.352941176470587,debris_rock
42,207,140,-11.274509803921568,clean_glacier_ice
42,208,154,-9.901960784313726,clean_glacier_ice
42,209,161,-9.215686274509805,clean_glacier_ice
42,210,208,-4.607843137254903,debris_rock
42,211,240,-1.4705882352941195,debris_rock
42,212,230,-2.450980392156861,debris_rock
42,213,156,-9.705882352941176,clean_glacier_ice
42,214,134,-11.862745098039214,clean_glacier_ice
42,215,96,-15.588235294117647,regular_glacier_ice
42,216,161,-9.215686274509805,clean_glacier_ice
42,217,181,-7.254901960784313,mixed_snow_ice
42,218,184,-6.96078431372549,mixed_snow_ice
42,219,170,-8.333333333333336,mixed_snow_ice
42,220,167,-8.627450980392158,mixed_snow_ice
42,221,167,-8.627450980392158,mixed_snow_ice
42,222,184,-6.96078431372549,mixed_snow_ice
43,0,196,-5.784313725490193,debris_rock
43,1,179,-7.450980392156865,mixed_snow_ice
43,2,161,-9.215686274509805,clean_glacier_ice
43,3,204,-5.0,debris_rock
43,4,185,-6.862745098039216,mixed_snow_ice
43,5,145,-10.784313725490197,clean_glacier_ice
43,6,181,-7.254901960784313,mixed_snow_ice
43,7,179,-7.450980392156865,mixed_snow_ice
43,8,145,-10.784313725490197,clean_glacier_ice
43,9,164,-8.92156862745098,clean_glacier_ice
43,10,169,-8.43137254901961,mixed_snow_ice
43,11,132,-12.058823529411763,clean_glacier_ice
43,12,151,-10.196078431372548,clean_glacier_ice
43,13,160,-9.313725490196079,clean_glacier_ice
43,14,203,-5.098039215686274,debris_rock
43,15,192,-6.1764705882352935,debris_rock
43,16,163,-9.019607843137257,clean_glacier_ice
43,17,200,-5.392156862745097,debris_rock
43,18,136,-11.666666666666666,clean_glacier_ice
43,19,162,-9.11764705882353,clean_glacier_ice
43,20,185,-6.862745098039216,mixed_snow_ice
43,21,179,-7.450980392156865,mixed_snow_ice
43,22,167,-8.627450980392158,mixed_snow_ice
43,23,166,-8.725490196078432,mixed_snow_ice
43,24,142,-11.07843137254902,clean_glacier_ice
43,25,185,-6.862745098039216,mixed_snow_ice
43,26,201,-5.2941176470588225,debris_rock
43,27,178,-7.549019607843139,mixed_snow_ice
43,28,221,-3.333333333333332,debris_rock
43,29,176,-7.745098039215687,mixed_snow_ice
43,30,136,-11.666666666666666,clean_glacier_ice
43,31,78,-17.352941176470587,deep_glacier_ice
43,46,208,-4.607843137254903,debris_rock
43,47,189,-6.470588235294116,debris_rock
43,48,155,-9.803921568627452,clean_glacier_ice
43,49,172,-8.137254901960784,mixed_snow_ice
43,50,187,-6.666666666666668,debris_rock
43,51,178,-7.549019607843139,mixed_snow_ice
43,52,142,-11.07843137254902,clean_glacier_ice
43,53,158,-9.509803921568627,clean_glacier_ice
43,54,167,-8.627450980392158,mixed_snow_ice
43,55,144,-10.882352941176471,clean_glacier_ice
43,56,132,-12.058823529411763,clean_glacier_ice
43,57,118,-13.431372549019608,regular_glacier_ice
43,58,152,-10.098039215686274,clean_glacier_ice
43,59,130,-12.254901960784315,clean_glacier_ice
43,60,132,-12.058823529411763,clean_glacier_ice
43,61,158,-9.509803921568627,clean_glacier_ice
43,62,188,-6.56862745098039,debris_rock
43,63,165,-8.823529411764707,clean_glacier_ice
43,64,190,-6.372549019607842,debris_rock
43,65,183,-7.0588235294117645,mixed_snow_ice
43,66,157,-9.607843137254902,clean_glacier_ice
43,67,186,-6.764705882352942,debris_rock
43,68,193,-6.078431372549019,debris_rock
43,69,188,-6.56862745098039,debris_rock
43,70,183,-7.0588235294117645,mixed_snow_ice
43,71,173,-8.03921568627451,mixed_snow_ice
43,72,160,-9.313725490196079,clean_glacier_ice
43,73,145,-10.784313725490197,clean_glacier_ice
43,74,178,-7.549019607843139,mixed_snow_ice
43,75,188,-6.56862745098039,debris_rock
43,76,174,-7.9411764705882355,mixed_snow_ice
43,77,211,-4.313725490196081,debris_rock
43,78,162,-9.11764705882353,clean_glacier_ice
43,79,166,-8.725490196078432,mixed_snow_ice
43,80,183,-7.0588235294117645,mixed_snow_ice
43,81,205,-4.901960784313726,debris_rock
43,82,174,-7.9411764705882355,mixed_snow_ice
43,83,187,-6.666666666666668,debris_rock
43,84,165,-8.823529411764707,clean_glacier_ice
43,85,184,-6.96078431372549,mixed_snow_ice
43,86,132,-12.058823529411763,clean_glacier_ice
43,87,162,-9.11764705882353,clean_glacier_ice
43,88,179,-7.450980392156865,mixed_snow_ice
43,89,206,-4.803921568627452,debris_rock
43,90,184,-6.96078431372549,mixed_snow_ice
43,91,139,-11.372549019607844,clean_glacier_ice
43,92,131,-12.15686274509804,clean_glacier_ice
43,93,155,-9.803921568627452,clean_glacier_ice
43,94,143,-10.980392156862745,clean_glacier_ice
43,95,187,-6.666666666666668,debris_rock
43,96,172,-8.137254901960784,mixed_snow_ice
43,97,170,-8.333333333333336,mixed_snow_ice
43,98,166,-8.725490196078432,mixed_snow_ice
43,99,144,-10.882352941176471,clean_glacier_ice
43,100,197,-5.686274509803919,debris_rock
43,101,125,-12.745098039215687,regular_glacier_ice
43,102,120,-13.23529411764706,regular_glacier_ice
43,103,123,-12.941176470588236,regular_glacier_ice
43,104,160,-9.313725490196079,clean_glacier_ice
43,105,139,-11.372549019607844,clean_glacier_ice
43,106,89,-16.274509803921568,regular_glacier_ice
43,107,228,-2.6470588235294095,debris_rock
43,108,140,-11.274509803921568,clean_glacier_ice
43,109,155,-9.803921568627452,clean_glacier_ice
43,110,255,0.0,debris_rock
43,111,170,-8.333333333333336,mixed_snow_ice
43,112,157,-9.607843137254902,clean_glacier_ice
43,113,169,-8.43137254901961,mixed_snow_ice
43,114,198,-5.588235294117645,debris_rock
43,115,174,-7.9411764705882355,mixed_snow_ice
43,116,168,-8.529411764705884,mixed_snow_ice
43,117,191,-6.274509803921568,debris_rock
43,118,176,-7.745098039215687,mixed_snow_ice
43,119,186,-6.764705882352942,debris_rock
43,120,203,-5.098039215686274,debris_rock
43,121,185,-6.862745098039216,mixed_snow_ice
43,122,194,-5.980392156862745,debris_rock
43,123,189,-6.470588235294116,debris_rock
43,124,160,-9.313725490196079,clean_glacier_ice
43,125,171,-8.235294117647062,mixed_snow_ice
43,126,151,-10.196078431372548,clean_glacier_ice
43,127,131,-12.15686274509804,clean_glacier_ice
43,128,143,-10.980392156862745,clean_glacier_ice
43,129,179,-7.450980392156865,mixed_snow_ice
43,130,222,-3.235294117647058,debris_rock
43,131,143,-10.980392156862745,clean_glacier_ice
43,132,182,-7.156862745098039,mixed_snow_ice
43,133,136,-11.666666666666666,clean_glacier_ice
43,134,186,-6.764705882352942,debris_rock
43,135,201,-5.2941176470588225,debris_rock
43,136,220,-3.4313725490196063,debris_rock
43,137,244,-1.0784313725490193,debris_rock
43,138,186,-6.764705882352942,debris_rock
43,139,201,-5.2941176470588225,debris_rock
43,140,213,-4.117647058823529,debris_rock
43,141,206,-4.803921568627452,debris_rock
43,142,203,-5.098039215686274,debris_rock
43,143,213,-4.117647058823529,debris_rock
43,144,180,-7.352941176470587,mixed_snow_ice
43,145,195,-5.882352941176471,debris_rock
43,146,217,-3.7254901960784323,debris_rock
43,147,255,0.0,debris_rock
43,148,255,0.0,debris_rock
43,149,231,-2.352941176470587,debris_rock
43,150,255,0.0,debris_rock
43,151,212,-4.215686274509803,debris_rock
43,152,185,-6.862745098039216,mixed_snow_ice
43,153,191,-6.274509803921568,debris_rock
43,154,229,-2.5490196078431353,debris_rock
43,155,111,-14.117647058823529,regular_glacier_ice
43,156,170,-8.333333333333336,mixed_snow_ice
43,157,212,-4.215686274509803,debris_rock
43,158,156,-9.705882352941176,clean_glacier_ice
43,159,182,-7.156862745098039,mixed_snow_ice
43,160,154,-9.901960784313726,clean_glacier_ice
43,161,173,-8.03921568627451,mixed_snow_ice
43,162,170,-8.333333333333336,mixed_snow_ice
43,163,129,-12.352941176470589,regular_glacier_ice
43,164,135,-11.76470588235294,clean_glacier_ice
43,165,166,-8.725490196078432,mixed_snow_ice
43,166,204,-5.0,debris_rock
43,167,150,-10.294117647058822,clean_glacier_ice
43,168,171,-8.235294117647062,mixed_snow_ice
43,169,171,-8.235294117647062,mixed_snow_ice
43,170,165,-8.823529411764707,clean_glacier_ice
43,171,200,-5.392156862745097,debris_rock
43,172,183,-7.0588235294117645,mixed_snow_ice
43,173,183,-7.0588235294117645,mixed_snow_ice
43,174,176,-7.745098039215687,mixed_snow_ice
43,175,164,-8.92156862745098,clean_glacier_ice
43,176,140,-11.274509803921568,clean_glacier_ice
43,177,166,-8.725490196078432,mixed_snow_ice
43,178,166,-8.725490196078432,mixed_snow_ice
43,179,182,-7.156862745098039,mixed_snow_ice
43,180,178,-7.549019607843139,mixed_snow_ice
43,181,166,-8.725490196078432,mixed_snow_ice
43,182,173,-8.03921568627451,mixed_snow_ice
43,183,163,-9.019607843137257,clean_glacier_ice
43,184,164,-8.92156862745098,clean_glacier_ice
43,185,186,-6.764705882352942,debris_rock
43,186,180,-7.352941176470587,mixed_snow_ice
43,187,156,-9.705882352941176,clean_glacier_ice
43,188,164,-8.92156862745098,clean_glacier_ice
43,189,159,-9.411764705882353,clean_glacier_ice
43,190,165,-8.823529411764707,clean_glacier_ice
43,191,155,-9.803921568627452,clean_glacier_ice
43,192,179,-7.450980392156865,mixed_snow_ice
43,193,185,-6.862745098039216,mixed_snow_ice
43,194,215,-3.9215686274509807,debris_rock
43,195,186,-6.764705882352942,debris_rock
43,196,119,-13.333333333333334,regular_glacier_ice
43,210,207,-4.7058823529411775,debris_rock
43,211,180,-7.352941176470587,mixed_snow_ice
43,212,172,-8.137254901960784,mixed_snow_ice
43,213,138,-11.470588235294118,clean_glacier_ice
43,214,146,-10.686274509803923,clean_glacier_ice
43,215,168,-8.529411764705884,mixed_snow_ice
43,216,187,-6.666666666666668,debris_rock
43,217,172,-8.137254901960784,mixed_snow_ice
43,218,167,-8.627450980392158,mixed_snow_ice
43,219,159,-9.411764705882353,clean_glacier_ice
43,220,140,-11.274509803921568,clean_glacier_ice
43,221,150,-10.294117647058822,clean_glacier_ice
43,222,147,-10.588235294117649,clean_glacier_ice
44,0,130,-12.254901960784315,clean_glacier_ice
44,1,128,-12.450980392156863,regular_glacier_ice
44,2,141,-11.176470588235293,clean_glacier_ice
44,3,187,-6.666666666666668,debris_rock
44,4,223,-3.137254901960784,debris_rock
44,5,107,-14.509803921568627,regular_glacier_ice
44,6,158,-9.509803921568627,clean_glacier_ice
44,7,133,-11.960784313725489,clean_glacier_ice
44,8,146,-10.686274509803923,clean_glacier_ice
44,9,189,-6.470588235294116,debris_rock
44,10,200,-5.392156862745097,debris_rock
44,11,207,-4.7058823529411775,debris_rock
44,12,157,-9.607843137254902,clean_glacier_ice
44,13,162,-9.11764705882353,clean_glacier_ice
44,14,165,-8.823529411764707,clean_glacier_ice
44,15,146,-10.686274509803923,clean_glacier_ice
44,16,159,-9.411764705882353,clean_glacier_ice
44,17,192,-6.1764705882352935,debris_rock
44,18,176,-7.745098039215687,mixed_snow_ice
44,19,204,-5.0,debris_rock
44,20,189,-6.470588235294116,debris_rock
44,21,197,-5.686274509803919,debris_rock
44,22,206,-4.803921568627452,debris_rock
44,23,196,-5.784313725490193,debris_rock
44,24,189,-6.470588235294116,debris_rock
44,25,155,-9.803921568627452,clean_glacier_ice
44,26,164,-8.92156862745098,clean_glacier_ice
44,27,157,-9.607843137254902,clean_glacier_ice
44,28,105,-14.705882352941178,regular_glacier_ice
44,29,147,-10.588235294117649,clean_glacier_ice
44,30,173,-8.03921568627451,mixed_snow_ice
44,31,189,-6.470588235294116,debris_rock
44,32,186,-6.764705882352942,debris_rock
44,33,161,-9.215686274509805,clean_glacier_ice
44,34,173,-8.03921568627451,mixed_snow_ice
44,35,103,-14.901960784313726,regular_glacier_ice
44,36,107,-14.509803921568627,regular_glacier_ice
44,37,189,-6.470588235294116,debris_rock
44,38,213,-4.117647058823529,debris_rock
44,39,183,-7.0588235294117645,mixed_snow_ice
44,40,188,-6.56862745098039,debris_rock
44,41,170,-8.333333333333336,mixed_snow_ice
44,42,162,-9.11764705882353,clean_glacier_ice
44,43,109,-14.313725490196079,regular_glacier_ice
44,44,171,-8.235294117647062,mixed_snow_ice
44,45,112,-14.019607843137255,regular_glacier_ice
44,46,104,-14.803921568627452,regular_glacier_ice
44,47,129,-12.352941176470589,regular_glacier_ice
44,48,164,-8.92156862745098,clean_glacier_ice
44,49,213,-4.117647058823529,debris_rock
44,50,107,-14.509803921568627,regular_glacier_ice
44,52,221,-3.333333333333332,debris_rock
44,53,155,-9.803921568627452,clean_glacier_ice
44,54,189,-6.470588235294116,debris_rock
44,55,182,-7.156862745098039,mixed_snow_ice
44,56,182,-7.156862745098039,mixed_snow_ice
44,57,183,-7.0588235294117645,mixed_snow_ice
44,58,198,-5.588235294117645,debris_rock
44,59,177,-7.647058823529413,mixed_snow_ice
44,60,182,-7.156862745098039,mixed_snow_ice
44,61,192,-6.1764705882352935,debris_rock
44,62,206,-4.803921568627452,debris_rock
44,63,190,-6.372549019607842,debris_rock
44,64,185,-6.862745098039216,mixed_snow_ice
44,65,165,-8.823529411764707,clean_glacier_ice
44,66,196,-5.784313725490193,debris_rock
44,67,198,-5.588235294117645,debris_rock
44,68,168,-8.529411764705884,mixed_snow_ice
44,69,161,-9.215686274509805,clean_glacier_ice
44,70,156,-9.705882352941176,clean_glacier_ice
44,71,166,-8.725490196078432,mixed_snow_ice
44,72,189,-6.470588235294116,debris_rock
44,73,183,-7.0588235294117645,mixed_snow_ice
44,74,206,-4.803921568627452,debris_rock
44,75,150,-10.294117647058822,clean_glacier_ice
44,76,185,-6.862745098039216,mixed_snow_ice
44,77,198,-5.588235294117645,debris_rock
44,78,194,-5.980392156862745,debris_rock
44,79,178,-7.549019607843139,mixed_snow_ice
44,80,178,-7.549019607843139,mixed_snow_ice
44,81,182,-7.156862745098039,mixed_snow_ice
44,82,165,-8.823529411764707,clean_glacier_ice
44,83,206,-4.803921568627452,debris_rock
44,84,218,-3.627450980392158,debris_rock
44,85,193,-6.078431372549019,debris_rock
44,86,212,-4.215686274509803,debris_rock
44,87,181,-7.254901960784313,mixed_snow_ice
44,88,187,-6.666666666666668,debris_rock
44,89,255,0.0,debris_rock
44,90,255,0.0,debris_rock
44,91,250,-0.49019607843137436,debris_rock
44,92,206,-4.803921568627452,debris_rock
44,93,135,-11.76470588235294,clean_glacier_ice
44,94,147,-10.588235294117649,clean_glacier_ice
44,95,172,-8.137254901960784,mixed_snow_ice
44,96,222,-3.235294117647058,debris_rock
44,97,215,-3.9215686274509807,debris_rock
44,98,203,-5.098039215686274,debris_rock
44,99,220,-3.4313725490196063,debris_rock
44,100,203,-5.098039215686274,debris_rock
44,101,178,-7.549019607843139,mixed_snow_ice
44,102,149,-10.392156862745097,clean_glacier_ice
44,103,174,-7.9411764705882355,mixed_snow_ice
44,104,206,-4.803921568627452,debris_rock
44,105,124,-12.843137254901961,regular_glacier_ice
44,106,126,-12.647058823529411,regular_glacier_ice
44,107,159,-9.411764705882353,clean_glacier_ice
44,108,180,-7.352941176470587,mixed_snow_ice
44,109,150,-10.294117647058822,clean_glacier_ice
44,110,154,-9.901960784313726,clean_glacier_ice
44,111,139,-11.372549019607844,clean_glacier_ice
44,112,171,-8.235294117647062,mixed_snow_ice
44,113,161,-9.215686274509805,clean_glacier_ice
44,114,137,-11.568627450980392,clean_glacier_ice
44,115,162,-9.11764705882353,clean_glacier_ice
44,116,167,-8.627450980392158,mixed_snow_ice
44,117,180,-7.352941176470587,mixed_snow_ice
44,118,145,-10.784313725490197,clean_glacier_ice
44,119,188,-6.56862745098039,debris_rock
44,120,209,-4.509803921568629,debris_rock
44,121,196,-5.784313725490193,debris_rock
44,122,173,-8.03921568627451,mixed_snow_ice
44,123,151,-10.196078431372548,clean_glacier_ice
44,124,170,-8.333333333333336,mixed_snow_ice
44,125,180,-7.352941176470587,mixed_snow_ice
44,126,178,-7.549019607843139,mixed_snow_ice
44,127,177,-7.647058823529413,mixed_snow_ice
44,128,192,-6.1764705882352935,debris_rock
44,129,167,-8.627450980392158,mixed_snow_ice
44,130,157,-9.607843137254902,clean_glacier_ice
44,131,167,-8.627450980392158,mixed_snow_ice
44,132,175,-7.843137254901961,mixed_snow_ice
44,133,166,-8.725490196078432,mixed_snow_ice
44,134,163,-9.019607843137257,clean_glacier_ice
44,135,180,-7.352941176470587,mixed_snow_ice
44,136,185,-6.862745098039216,mixed_snow_ice
44,137,191,-6.274509803921568,debris_rock
44,138,122,-13.03921568627451,regular_glacier_ice
44,152,178,-7.549019607843139,mixed_snow_ice
44,153,195,-5.882352941176471,debris_rock
44,154,208,-4.607843137254903,debris_rock
44,155,181,-7.254901960784313,mixed_snow_ice
44,156,168,-8.529411764705884,mixed_snow_ice
44,157,167,-8.627450980392158,mixed_snow_ice
44,158,139,-11.372549019607844,clean_glacier_ice
44,159,152,-10.098039215686274,clean_glacier_ice
44,160,154,-9.901960784313726,clean_glacier_ice
44,161,135,-11.76470588235294,clean_glacier_ice
44,162,139,-11.372549019607844,clean_glacier_ice
44,163,113,-13.92156862745098,regular_glacier_ice
44,164,129,-12.352941176470589,regular_glacier_ice
44,165,109,-14.313725490196079,regular_glacier_ice
44,166,107,-14.509803921568627,regular_glacier_ice
44,167,146,-10.686274509803923,clean_glacier_ice
44,168,140,-11.274509803921568,clean_glacier_ice
44,169,169,-8.43137254901961,mixed_snow_ice
44,170,150,-10.294117647058822,clean_glacier_ice
44,171,144,-10.882352941176471,clean_glacier_ice
44,172,121,-13.137254901960786,regular_glacier_ice
44,173,122,-13.03921568627451,regular_glacier_ice
44,174,155,-9.803921568627452,clean_glacier_ice
44,175,196,-5.784313725490193,debris_rock
44,176,201,-5.2941176470588225,debris_rock
44,177,137,-11.568627450980392,clean_glacier_ice
44,178,146,-10.686274509803923,clean_glacier_ice
44,179,167,-8.627450980392158,mixed_snow_ice
44,180,147,-10.588235294117649,clean_glacier_ice
44,181,163,-9.019607843137257,clean_glacier_ice
44,182,212,-4.215686274509803,debris_rock
44,183,188,-6.56862745098039,debris_rock
44,184,193,-6.078431372549019,debris_rock
44,185,172,-8.137254901960784,mixed_snow_ice
44,186,193,-6.078431372549019,debris_rock
44,187,208,-4.607843137254903,debris_rock
44,188,186,-6.764705882352942,debris_rock
44,189,148,-10.49019607843137,clean_glacier_ice
44,190,161,-9.215686274509805,clean_glacier_ice
44,191,136,-11.666666666666666,clean_glacier_ice
44,192,112,-14.019607843137255,regular_glacier_ice
44,193,127,-12.549019607843137,regular_glacier_ice
44,194,149,-10.392156862745097,clean_glacier_ice
44,195,175,-7.843137254901961,mixed_snow_ice
44,196,183,-7.0588235294117645,mixed_snow_ice
44,197,157,-9.607843137254902,clean_glacier_ice
44,198,191,-6.274509803921568,debris_rock
44,199,193,-6.078431372549019,debris_rock
44,200,162,-9.11764705882353,clean_glacier_ice
44,201,122,-13.03921568627451,regular_glacier_ice
44,202,152,-10.098039215686274,clean_glacier_ice
44,204,200,-5.392156862745097,debris_rock
44,205,184,-6.96078431372549,mixed_snow_ice
44,206,193,-6.078431372549019,debris_rock
44,207,149,-10.392156862745097,clean_glacier_ice
44,208,141,-11.176470588235293,clean_glacier_ice
44,209,177,-7.647058823529413,mixed_snow_ice
44,210,159,-9.411764705882353,clean_glacier_ice
44,211,130,-12.254901960784315,clean_glacier_ice
44,212,67,-18.431372549019606,deep_glacier_ice
44,213,163,-9.019607843137257,clean_glacier_ice
44,214,232,-2.254901960784313,debris_rock
44,215,87,-16.470588235294116,deep_glacier_ice
44,217,188,-6.56862745098039,debris_rock
44,218,151,-10.196078431372548,clean_glacier_ice
44,219,195,-5.882352941176471,debris_rock
44,220,177,-7.647058823529413,mixed_snow_ice
44,221,204,-5.0,debris_rock
44,222,183,-7.0588235294117645,mixed_snow_ice
45,0,175,-7.843137254901961,mixed_snow_ice
45,1,208,-4.607843137254903,debris_rock
45,2,152,-10.098039215686274,clean_glacier_ice
45,3,198,-5.588235294117645,debris_rock
45,4,202,-5.196078431372548,debris_rock
45,5,191,-6.274509803921568,debris_rock
45,6,199,-5.490196078431371,debris_rock
45,7,181,-7.254901960784313,mixed_snow_ice
45,8,226,-2.8431372549019613,debris_rock
45,9,183,-7.0588235294117645,mixed_snow_ice
45,10,156,-9.705882352941176,clean_glacier_ice
45,11,160,-9.313725490196079,clean_glacier_ice
45,12,170,-8.333333333333336,mixed_snow_ice
45,13,204,-5.0,debris_rock
45,14,191,-6.274509803921568,debris_rock
45,15,179,-7.450980392156865,mixed_snow_ice
45,16,213,-4.117647058823529,debris_rock
45,17,164,-8.92156862745098,clean_glacier_ice
45,18,203,-5.098039215686274,debris_rock
45,19,183,-7.0588235294117645,mixed_snow_ice
45,20,188,-6.56862745098039,debris_rock
45,21,185,-6.862745098039216,mixed_snow_ice
45,22,180,-7.352941176470587,mixed_snow_ice
45,23,195,-5.882352941176471,debris_rock
45,24,214,-4.019607843137255,debris_rock
45,25,192,-6.1764705882352935,debris_rock
45,26,204,-5.0,debris_rock
45,27,224,-3.0392156862745097,debris_rock
45,28,213,-4.117647058823529,debris_rock
45,29,193,-6.078431372549019,debris_rock
45,30,162,-9.11764705882353,clean_glacier_ice
45,31,237,-1.764705882352942,debris_rock
45,32,255,0.0,debris_rock
45,33,199,-5.490196078431371,debris_rock
45,34,146,-10.686274509803923,clean_glacier_ice
45,35,131,-12.15686274509804,clean_glacier_ice
45,36,162,-9.11764705882353,clean_glacier_ice
45,37,137,-11.568627450980392,clean_glacier_ice
45,38,191,-6.274509803921568,debris_rock
45,39,198,-5.588235294117645,debris_rock
45,40,189,-6.470588235294116,debris_rock
45,41,146,-10.686274509803923,clean_glacier_ice
45,42,168,-8.529411764705884,mixed_snow_ice
45,43,157,-9.607843137254902,clean_glacier_ice
45,44,180,-7.352941176470587,mixed_snow_ice
45,45,138,-11.470588235294118,clean_glacier_ice
45,46,199,-5.490196078431371,debris_rock
45,47,188,-6.56862745098039,debris_rock
45,48,182,-7.156862745098039,mixed_snow_ice
45,49,136,-11.666666666666666,clean_glacier_ice
45,50,172,-8.137254901960784,mixed_snow_ice
45,51,137,-11.568627450980392,clean_glacier_ice
45,52,173,-8.03921568627451,mixed_snow_ice
45,53,150,-10.294117647058822,clean_glacier_ice
45,54,194,-5.980392156862745,debris_rock
45,55,157,-9.607843137254902,clean_glacier_ice
45,56,163,-9.019607843137257,clean_glacier_ice
45,57,159,-9.411764705882353,clean_glacier_ice
45,58,176,-7.745098039215687,mixed_snow_ice
45,59,162,-9.11764705882353,clean_glacier_ice
45,60,154,-9.901960784313726,clean_glacier_ice
45,61,190,-6.372549019607842,debris_rock
45,62,207,-4.7058823529411775,debris_rock
45,63,181,-7.254901960784313,mixed_snow_ice
45,64,195,-5.882352941176471,debris_rock
45,65,189,-6.470588235294116,debris_rock
45,66,176,-7.745098039215687,mixed_snow_ice
45,67,142,-11.07843137254902,clean_glacier_ice
45,68,178,-7.549019607843139,mixed_snow_ice
45,69,186,-6.764705882352942,debris_rock
45,70,176,-7.745098039215687,mixed_snow_ice
45,71,183,-7.0588235294117645,mixed_snow_ice
45,72,177,-7.647058823529413,mixed_snow_ice
45,73,183,-7.0588235294117645,mixed_snow_ice
45,74,174,-7.9411764705882355,mixed_snow_ice
45,75,175,-7.843137254901961,mixed_snow_ice
45,76,182,-7.156862745098039,mixed_snow_ice
45,77,187,-6.666666666666668,debris_rock
45,78,177,-7.647058823529413,mixed_snow_ice
45,79,112,-14.019607843137255,regular_glacier_ice
45,80,116,-13.627450980392156,regular_glacier_ice
45,81,103,-14.901960784313726,regular_glacier_ice
45,94,164,-8.92156862745098,clean_glacier_ice
45,95,180,-7.352941176470587,mixed_snow_ice
45,96,200,-5.392156862745097,debris_rock
45,97,167,-8.627450980392158,mixed_snow_ice
45,98,170,-8.333333333333336,mixed_snow_ice
45,99,166,-8.725490196078432,mixed_snow_ice
45,100,136,-11.666666666666666,clean_glacier_ice
45,101,136,-11.666666666666666,clean_glacier_ice
45,102,151,-10.196078431372548,clean_glacier_ice
45,103,145,-10.784313725490197,clean_glacier_ice
45,104,138,-11.470588235294118,clean_glacier_ice
45,105,127,-12.549019607843137,regular_glacier_ice
45,106,110,-14.215686274509803,regular_glacier_ice
45,107,129,-12.352941176470589,regular_glacier_ice
45,108,163,-9.019607843137257,clean_glacier_ice
45,109,182,-7.156862745098039,mixed_snow_ice
45,110,194,-5.980392156862745,debris_rock
45,111,133,-11.960784313725489,clean_glacier_ice
45,112,184,-6.96078431372549,mixed_snow_ice
45,113,162,-9.11764705882353,clean_glacier_ice
45,114,159,-9.411764705882353,clean_glacier_ice
45,115,151,-10.196078431372548,clean_glacier_ice
45,116,177,-7.647058823529413,mixed_snow_ice
45,117,181,-7.254901960784313,mixed_snow_ice
45,118,192,-6.1764705882352935,debris_rock
45,119,175,-7.843137254901961,mixed_snow_ice
45,120,194,-5.980392156862745,debris_rock
45,121,164,-8.92156862745098,clean_glacier_ice
45,122,171,-8.235294117647062,mixed_snow_ice
45,123,172,-8.137254901960784,mixed_snow_ice
45,124,160,-9.313725490196079,clean_glacier_ice
45,125,177,-7.647058823529413,mixed_snow_ice
45,126,211,-4.313725490196081,debris_rock
45,127,177,-7.647058823529413,mixed_snow_ice
45,128,160,-9.313725490196079,clean_glacier_ice
45,129,185,-6.862745098039216,mixed_snow_ice
45,130,191,-6.274509803921568,debris_rock
45,131,138,-11.470588235294118,clean_glacier_ice
45,132,128,-12.450980392156863,regular_glacier_ice
45,133,118,-13.431372549019608,regular_glacier_ice
45,134,136,-11.666666666666666,clean_glacier_ice
45,135,184,-6.96078431372549,mixed_snow_ice
45,136,164,-8.92156862745098,clean_glacier_ice
45,137,141,-11.176470588235293,clean_glacier_ice
45,138,165,-8.823529411764707,clean_glacier_ice
45,139,168,-8.529411764705884,mixed_snow_ice
45,140,155,-9.803921568627452,clean_glacier_ice
45,141,171,-8.235294117647062,mixed_snow_ice
45,142,184,-6.96078431372549,mixed_snow_ice
45,143,146,-10.686274509803923,clean_glacier_ice
45,144,188,-6.56862745098039,debris_rock
45,145,161,-9.215686274509805,clean_glacier_ice
45,146,153,-10.0,clean_glacier_ice
45,147,154,-9.901960784313726,clean_glacier_ice
45,148,192,-6.1764705882352935,debris_rock
45,149,168,-8.529411764705884,mixed_snow_ice
45,150,138,-11.470588235294118,clean_glacier_ice
45,151,144,-10.882352941176471,clean_glacier_ice
45,152,159,-9.411764705882353,clean_glacier_ice
45,153,146,-10.686274509803923,clean_glacier_ice
45,154,149,-10.392156862745097,clean_glacier_ice
45,155,115,-13.72549019607843,regular_glacier_ice
45,156,211,-4.313725490196081,debris_rock
45,157,131,-12.15686274509804,clean_glacier_ice
45,159,189,-6.470588235294116,debris_rock
45,160,116,-13.627450980392156,regular_glacier_ice
45,161,202,-5.196078431372548,debris_rock
45,162,171,-8.235294117647062,mixed_snow_ice
45,163,236,-1.8627450980392162,debris_rock
45,164,191,-6.274509803921568,debris_rock
45,165,150,-10.294117647058822,clean_glacier_ice
45,166,198,-5.588235294117645,debris_rock
45,167,192,-6.1764705882352935,debris_rock
45,168,163,-9.019607843137257,clean_glacier_ice
45,169,187,-6.666666666666668,debris_rock
45,170,182,-7.156862745098039,mixed_snow_ice
45,171,197,-5.686274509803919,debris_rock
45,172,190,-6.372549019607842,debris_rock
45,173,204,-5.0,debris_rock
45,174,191,-6.274509803921568,debris_rock
45,175,192,-6.1764705882352935,debris_rock
45,176,189,-6.470588235294116,debris_rock
45,177,175,-7.843137254901961,mixed_snow_ice
45,178,196,-5.784313725490193,debris_rock
45,179,195,-5.882352941176471,debris_rock
45,180,175,-7.843137254901961,mixed_snow_ice
45,181,185,-6.862745098039216,mixed_snow_ice
45,182,187,-6.666666666666668,debris_rock
45,183,223,-3.137254901960784,debris_rock
45,184,189,-6.470588235294116,debris_rock
45,185,178,-7.549019607843139,mixed_snow_ice
45,186,200,-5.392156862745097,debris_rock
45,187,171,-8.235294117647062,mixed_snow_ice
45,188,190,-6.372549019607842,debris_rock
45,189,197,-5.686274509803919,debris_rock
45,190,176,-7.745098039215687,mixed_snow_ice
45,191,191,-6.274509803921568,debris_rock
45,192,201,-5.2941176470588225,debris_rock
45,193,156,-9.705882352941176,clean_glacier_ice
45,194,213,-4.117647058823529,debris_rock
45,195,166,-8.725490196078432,mixed_snow_ice
45,196,134,-11.862745098039214,clean_glacier_ice
45,197,200,-5.392156862745097,debris_rock
45,198,239,-1.5686274509803937,debris_rock
45,199,200,-5.392156862745097,debris_rock
45,200,148,-10.49019607843137,clean_glacier_ice
45,201,141,-11.176470588235293,clean_glacier_ice
45,202,145,-10.784313725490197,clean_glacier_ice
45,203,182,-7.156862745098039,mixed_snow_ice
45,204,188,-6.56862745098039,debris_rock
45,205,169,-8.43137254901961,mixed_snow_ice
45,206,183,-7.0588235294117645,mixed_snow_ice
45,207,152,-10.098039215686274,clean_glacier_ice
45,208,151,-10.196078431372548,clean_glacier_ice
45,209,197,-5.686274509803919,debris_rock
45,210,159,-9.411764705882353,clean_glacier_ice
45,211,161,-9.215686274509805,clean_glacier_ice
45,212,194,-5.980392156862745,debris_rock
45,213,175,-7.843137254901961,mixed_snow_ice
45,214,175,-7.843137254901961,mixed_snow_ice
45,215,190,-6.372549019607842,debris_rock
45,216,198,-5.588235294117645,debris_rock
45,217,189,-6.470588235294116,debris_rock
45,218,191,-6.274509803921568,debris_rock
45,219,197,-5.686274509803919,debris_rock
45,220,172,-8.137254901960784,mixed_snow_ice
45,221,173,-8.03921568627451,mixed_snow_ice
45,222,211,-4.313725490196081,debris_rock
46,0,176,-7.745098039215687,mixed_snow_ice
46,1,194,-5.980392156862745,debris_rock
46,2,171,-8.235294117647062,mixed_snow_ice
46,3,202,-5.196078431372548,debris_rock
46,4,164,-8.92156862745098,clean_glacier_ice
46,5,198,-5.588235294117645,debris_rock
46,6,187,-6.666666666666668,debris_rock
46,7,202,-5.196078431372548,debris_rock
46,8,195,-5.882352941176471,debris_rock
46,9,192,-6.1764705882352935,debris_rock
46,10,181,-7.254901960784313,mixed_snow_ice
46,11,155,-9.803921568627452,clean_glacier_ice
46,12,200,-5.392156862745097,debris_rock
46,13,189,-6.470588235294116,debris_rock
46,14,175,-7.843137254901961,mixed_snow_ice
46,15,190,-6.372549019607842,debris_rock
46,16,212,-4.215686274509803,debris_rock
46,17,190,-6.372549019607842,debris_rock
46,18,215,-3.9215686274509807,debris_rock
46,19,185,-6.862745098039216,mixed_snow_ice
46,20,134,-11.862745098039214,clean_glacier_ice
46,21,39,-21.176470588235293,very_deep_glacier_ice
46,22,94,-15.784313725490195,regular_glacier_ice
46,23,97,-15.490196078431373,regular_glacier_ice
46,37,190,-6.372549019607842,debris_rock
46,38,197,-5.686274509803919,debris_rock
46,39,197,-5.686274509803919,debris_rock
46,40,158,-9.509803921568627,clean_glacier_ice
46,41,147,-10.588235294117649,clean_glacier_ice
46,42,145,-10.784313725490197,clean_glacier_ice
46,43,130,-12.254901960784315,clean_glacier_ice
46,44,135,-11.76470588235294,clean_glacier_ice
46,45,143,-10.980392156862745,clean_glacier_ice
46,46,111,-14.117647058823529,regular_glacier_ice
46,47,128,-12.450980392156863,regular_glacier_ice
46,48,170,-8.333333333333336,mixed_snow_ice
46,49,178,-7.549019607843139,mixed_snow_ice
46,50,183,-7.0588235294117645,mixed_snow_ice
46,51,196,-5.784313725490193,debris_rock
46,52,180,-7.352941176470587,mixed_snow_ice
46,53,187,-6.666666666666668,debris_rock
46,54,173,-8.03921568627451,mixed_snow_ice
46,55,193,-6.078431372549019,debris_rock
46,56,166,-8.725490196078432,mixed_snow_ice
46,57,150,-10.294117647058822,clean_glacier_ice
46,58,145,-10.784313725490197,clean_glacier_ice
46,59,204,-5.0,debris_rock
46,60,211,-4.313725490196081,debris_rock
46,61,196,-5.784313725490193,debris_rock
46,62,159,-9.411764705882353,clean_glacier_ice
46,63,143,-10.980392156862745,clean_glacier_ice
46,64,175,-7.843137254901961,mixed_snow_ice
46,65,162,-9.11764705882353,clean_glacier_ice
46,66,150,-10.294117647058822,clean_glacier_ice
46,67,185,-6.862745098039216,mixed_snow_ice
46,68,219,-3.529411764705884,debris_rock
46,69,213,-4.117647058823529,debris_rock
46,70,176,-7.745098039215687,mixed_snow_ice
46,71,218,-3.627450980392158,debris_rock
46,72,181,-7.254901960784313,mixed_snow_ice
46,73,158,-9.509803921568627,clean_glacier_ice
46,74,139,-11.372549019607844,clean_glacier_ice
46,75,164,-8.92156862745098,clean_glacier_ice
46,76,178,-7.549019607843139,mixed_snow_ice
46,77,214,-4.019607843137255,debris_rock
46,78,159,-9.411764705882353,clean_glacier_ice
46,79,166,-8.725490196078432,mixed_snow_ice
46,80,204,-5.0,debris_rock
46,81,184,-6.96078431372549,mixed_snow_ice
46,82,160,-9.313725490196079,clean_glacier_ice
46,83,164,-8.92156862745098,clean_glacier_ice
46,84,167,-8.627450980392158,mixed_snow_ice
46,85,144,-10.882352941176471,clean_glacier_ice
46,86,175,-7.843137254901961,mixed_snow_ice
46,87,145,-10.784313725490197,clean_glacier_ice
46,88,147,-10.588235294117649,clean_glacier_ice
46,89,152,-10.098039215686274,clean_glacier_ice
46,90,170,-8.333333333333336,mixed_snow_ice
46,91,177,-7.647058823529413,mixed_snow_ice
46,92,192,-6.1764705882352935,debris_rock
46,93,175,-7.843137254901961,mixed_snow_ice
46,94,174,-7.9411764705882355,mixed_snow_ice
46,95,193,-6.078431372549019,debris_rock
46,96,170,-8.333333333333336,mixed_snow_ice
46,97,151,-10.196078431372548,clean_glacier_ice
46,98,173,-8.03921568627451,mixed_snow_ice
46,101,203,-5.098039215686274,debris_rock
46,102,110,-14.215686274509803,regular_glacier_ice
46,103,174,-7.9411764705882355,mixed_snow_ice
46,104,155,-9.803921568627452,clean_glacier_ice
46,105,229,-2.5490196078431353,debris_rock
46,106,180,-7.352941176470587,mixed_snow_ice
46,107,158,-9.509803921568627,clean_glacier_ice
46,108,178,-7.549019607843139,mixed_snow_ice
46,109,229,-2.5490196078431353,debris_rock
46,110,172,-8.137254901960784,mixed_snow_ice
46,111,168,-8.529411764705884,mixed_snow_ice
46,112,171,-8.235294117647062,mixed_snow_ice
46,113,188,-6.56862745098039,debris_rock
46,114,169,-8.43137254901961,mixed_snow_ice
46,115,230,-2.450980392156861,debris_rock
46,116,152,-10.098039215686274,clean_glacier_ice
46,117,189,-6.470588235294116,debris_rock
46,118,185,-6.862745098039216,mixed_snow_ice
46,119,152,-10.098039215686274,clean_glacier_ice
46,120,151,-10.196078431372548,clean_glacier_ice
46,121,188,-6.56862745098039,debris_rock
46,122,166,-8.725490196078432,mixed_snow_ice
46,123,173,-8.03921568627451,mixed_snow_ice
46,124,193,-6.078431372549019,debris_rock
46,125,193,-6.078431372549019,debris_rock
46,126,188,-6.56862745098039,debris_rock
46,127,212,-4.215686274509803,debris_rock
46,128,155,-9.803921568627452,clean_glacier_ice
46,129,206,-4.803921568627452,debris_rock
46,130,191,-6.274509803921568,debris_rock
46,131,149,-10.392156862745097,clean_glacier_ice
46,132,165,-8.823529411764707,clean_glacier_ice
46,133,170,-8.333333333333336,mixed_snow_ice
46,134,178,-7.549019607843139,mixed_snow_ice
46,135,184,-6.96078431372549,mixed_snow_ice
46,136,206,-4.803921568627452,debris_rock
46,137,224,-3.0392156862745097,debris_rock
46,138,164,-8.92156862745098,clean_glacier_ice
46,139,146,-10.686274509803923,clean_glacier_ice
46,140,236,-1.8627450980392162,debris_rock
46,141,223,-3.137254901960784,debris_rock
46,142,182,-7.156862745098039,mixed_snow_ice
46,143,193,-6.078431372549019,debris_rock
46,144,216,-3.8235294117647065,debris_rock
46,145,172,-8.137254901960784,mixed_snow_ice
46,146,190,-6.372549019607842,debris_rock
46,147,209,-4.509803921568629,debris_rock
46,148,202,-5.196078431372548,debris_rock
46,149,204,-5.0,debris_rock
46,150,176,-7.745098039215687,mixed_snow_ice
46,151,201,-5.2941176470588225,debris_rock
46,152,181,-7.254901960784313,mixed_snow_ice
46,153,145,-10.784313725490197,clean_glacier_ice
46,154,162,-9.11764705882353,clean_glacier_ice
46,155,192,-6.1764705882352935,debris_rock
46,156,166,-8.725490196078432,mixed_snow_ice
46,157,190,-6.372549019607842,debris_rock
46,158,145,-10.784313725490197,clean_glacier_ice
46,159,162,-9.11764705882353,clean_glacier_ice
46,160,215,-3.9215686274509807,debris_rock
46,161,209,-4.509803921568629,debris_rock
46,162,188,-6.56862745098039,debris_rock
46,163,202,-5.196078431372548,debris_rock
46,164,193,-6.078431372549019,debris_rock
46,165,169,-8.43137254901961,mixed_snow_ice
46,166,195,-5.882352941176471,debris_rock
46,167,204,-5.0,debris_rock
46,168,172,-8.137254901960784,mixed_snow_ice
46,169,178,-7.549019607843139,mixed_snow_ice
46,170,177,-7.647058823529413,mixed_snow_ice
46,171,186,-6.764705882352942,debris_rock
46,172,172,-8.137254901960784,mixed_snow_ice
46,173,170,-8.333333333333336,mixed_snow_ice
46,174,187,-6.666666666666668,debris_rock
46,175,176,-7.745098039215687,mixed_snow_ice
46,176,180,-7.352941176470587,mixed_snow_ice
46,177,167,-8.627450980392158,mixed_snow_ice
46,178,182,-7.156862745098039,mixed_snow_ice
46,179,206,-4.803921568627452,debris_rock
46,180,177,-7.647058823529413,mixed_snow_ice
46,181,151,-10.196078431372548,clean_glacier_ice
46,182,144,-10.882352941176471,clean_glacier_ice
46,183,161,-9.215686274509805,clean_glacier_ice
46,184,147,-10.588235294117649,clean_glacier_ice
46,185,194,-5.980392156862745,debris_rock
46,186,123,-12.941176470588236,regular_glacier_ice
46,187,156,-9.705882352941176,clean_glacier_ice
46,188,193,-6.078431372549019,debris_rock
46,192,173,-8.03921568627451,mixed_snow_ice
46,193,98,-15.392156862745097,regular_glacier_ice
46,202,154,-9.901960784313726,clean_glacier_ice
46,203,158,-9.509803921568627,clean_glacier_ice
46,204,157,-9.607843137254902,clean_glacier_ice
46,205,151,-10.196078431372548,clean_glacier_ice
46,206,124,-12.843137254901961,regular_glacier_ice
46,207,158,-9.509803921568627,clean_glacier_ice
46,208,147,-10.588235294117649,clean_glacier_ice
46,209,112,-14.019607843137255,regular_glacier_ice
46,210,131,-12.15686274509804,clean_glacier_ice
46,211,123,-12.941176470588236,regular_glacier_ice
46,212,117,-13.529411764705882,regular_glacier_ice
46,213,171,-8.235294117647062,mixed_snow_ice
46,214,175,-7.843137254901961,mixed_snow_ice
46,215,184,-6.96078431372549,mixed_snow_ice
46,216,157,-9.607843137254902,clean_glacier_ice
46,217,186,-6.764705882352942,debris_rock
46,218,181,-7.254901960784313,mixed_snow_ice
46,219,191,-6.274509803921568,debris_rock
46,220,227,-2.745098039215687,debris_rock
46,221,137,-11.568627450980392,clean_glacier_ice
46,222,136,-11.666666666666666,clean_glacier_ice
47,0,160,-9.313725490196079,clean_glacier_ice
47,1,198,-5.588235294117645,debris_rock
47,2,211,-4.313725490196081,debris_rock
47,3,178,-7.549019607843139,mixed_snow_ice
47,4,186,-6.764705882352942,debris_rock
47,5,167,-8.627450980392158,mixed_snow_ice
47,6,166,-8.725490196078432,mixed_snow_ice
47,7,179,-7.450980392156865,mixed_snow_ice
47,8,183,-7.0588235294117645,mixed_snow_ice
47,9,182,-7.156862745098039,mixed_snow_ice
47,10,184,-6.96078431372549,mixed_snow_ice
47,11,201,-5.2941176470588225,debris_rock
47,12,203,-5.098039215686274,debris_rock
47,13,159,-9.411764705882353,clean_glacier_ice
47,14,164,-8.92156862745098,clean_glacier_ice
47,15,174,-7.9411764705882355,mixed_snow_ice
47,16,138,-11.470588235294118,clean_glacier_ice
47,17,183,-7.0588235294117645,mixed_snow_ice
47,18,181,-7.254901960784313,mixed_snow_ice
47,19,168,-8.529411764705884,mixed_snow_ice
47,20,162,-9.11764705882353,clean_glacier_ice
47,21,140,-11.274509803921568,clean_glacier_ice
47,22,201,-5.2941176470588225,debris_rock
47,23,174,-7.9411764705882355,mixed_snow_ice
47,24,154,-9.901960784313726,clean_glacier_ice
47,25,169,-8.43137254901961,mixed_snow_ice
47,26,144,-10.882352941176471,clean_glacier_ice
47,27,161,-9.215686274509805,clean_glacier_ice
47,28,166,-8.725490196078432,mixed_snow_ice
47,29,165,-8.823529411764707,clean_glacier_ice
47,30,151,-10.196078431372548,clean_glacier_ice
47,31,192,-6.1764705882352935,debris_rock
47,32,145,-10.784313725490197,clean_glacier_ice
47,33,181,-7.254901960784313,mixed_snow_ice
47,34,182,-7.156862745098039,mixed_snow_ice
47,35,185,-6.862745098039216,mixed_snow_ice
47,36,187,-6.666666666666668,debris_rock
47,37,199,-5.490196078431371,debris_rock
47,38,182,-7.156862745098039,mixed_snow_ice
47,39,196,-5.784313725490193,debris_rock
47,40,134,-11.862745098039214,clean_glacier_ice
47,43,193,-6.078431372549019,debris_rock
47,44,167,-8.627450980392158,mixed_snow_ice
47,45,175,-7.843137254901961,mixed_snow_ice
47,46,156,-9.705882352941176,clean_glacier_ice
47,47,184,-6.96078431372549,mixed_snow_ice
47,48,200,-5.392156862745097,debris_rock
47,49,181,-7.254901960784313,mixed_snow_ice
47,50,148,-10.49019607843137,clean_glacier_ice
47,51,187,-6.666666666666668,debris_rock
47,52,190,-6.372549019607842,debris_rock
47,53,189,-6.470588235294116,debris_rock
47,54,172,-8.137254901960784,mixed_snow_ice
47,55,159,-9.411764705882353,clean_glacier_ice
47,56,205,-4.901960784313726,debris_rock
47,57,208,-4.607843137254903,debris_rock
47,58,162,-9.11764705882353,clean_glacier_ice
47,59,172,-8.137254901960784,mixed_snow_ice
47,60,131,-12.15686274509804,clean_glacier_ice
47,61,183,-7.0588235294117645,mixed_snow_ice
47,62,214,-4.019607843137255,debris_rock
47,63,172,-8.137254901960784,mixed_snow_ice
47,64,166,-8.725490196078432,mixed_snow_ice
47,65,154,-9.901960784313726,clean_glacier_ice
47,66,201,-5.2941176470588225,debris_rock
47,67,171,-8.235294117647062,mixed_snow_ice
47,68,151,-10.196078431372548,clean_glacier_ice
47,69,219,-3.529411764705884,debris_rock
47,70,189,-6.470588235294116,debris_rock
47,71,194,-5.980392156862745,debris_rock
47,72,168,-8.529411764705884,mixed_snow_ice
47,73,184,-6.96078431372549,mixed_snow_ice
47,74,148,-10.49019607843137,clean_glacier_ice
47,75,178,-7.549019607843139,mixed_snow_ice
47,76,153,-10.0,clean_glacier_ice
47,77,156,-9.705882352941176,clean_glacier_ice
47,78,213,-4.117647058823529,debris_rock
47,79,208,-4.607843137254903,debris_rock
47,80,255,0.0,debris_rock
47,81,205,-4.901960784313726,debris_rock
47,82,210,-4.411764705882355,debris_rock
47,83,195,-5.882352941176471,debris_rock
47,84,149,-10.392156862745097,clean_glacier_ice
47,85,213,-4.117647058823529,debris_rock
47,86,215,-3.9215686274509807,debris_rock
47,87,170,-8.333333333333336,mixed_snow_ice
47,88,154,-9.901960784313726,clean_glacier_ice
47,89,170,-8.333333333333336,mixed_snow_ice
47,90,235,-1.9607843137254903,debris_rock
47,91,197,-5.686274509803919,debris_rock
47,92,120,-13.23529411764706,regular_glacier_ice
47,93,138,-11.470588235294118,clean_glacier_ice
47,94,145,-10.784313725490197,clean_glacier_ice
47,95,172,-8.137254901960784,mixed_snow_ice
47,96,184,-6.96078431372549,mixed_snow_ice
47,97,153,-10.0,clean_glacier_ice
47,98,180,-7.352941176470587,mixed_snow_ice
47,99,139,-11.372549019607844,clean_glacier_ice
47,100,152,-10.098039215686274,clean_glacier_ice
47,101,153,-10.0,clean_glacier_ice
47,102,200,-5.392156862745097,debris_rock
47,103,218,-3.627450980392158,debris_rock
47,104,177,-7.647058823529413,mixed_snow_ice
47,105,216,-3.8235294117647065,debris_rock
47,106,182,-7.156862745098039,mixed_snow_ice
47,107,176,-7.745098039215687,mixed_snow_ice
47,108,202,-5.196078431372548,debris_rock
47,109,190,-6.372549019607842,debris_rock
47,110,192,-6.1764705882352935,debris_rock
47,111,171,-8.235294117647062,mixed_snow_ice
47,112,169,-8.43137254901961,mixed_snow_ice
47,113,186,-6.764705882352942,debris_rock
47,114,164,-8.92156862745098,clean_glacier_ice
47,115,161,-9.215686274509805,clean_glacier_ice
47,116,180,-7.352941176470587,mixed_snow_ice
47,117,192,-6.1764705882352935,debris_rock
47,118,189,-6.470588235294116,debris_rock
47,119,192,-6.1764705882352935,debris_rock
47,120,199,-5.490196078431371,debris_rock
47,121,211,-4.313725490196081,debris_rock
47,122,168,-8.529411764705884,mixed_snow_ice
47,123,156,-9.705882352941176,clean_glacier_ice
47,124,149,-10.392156862745097,clean_glacier_ice
47,125,132,-12.058823529411763,clean_glacier_ice
47,126,153,-10.0,clean_glacier_ice
47,127,158,-9.509803921568627,clean_glacier_ice
47,128,145,-10.784313725490197,clean_glacier_ice
47,129,208,-4.607843137254903,debris_rock
47,130,218,-3.627450980392158,debris_rock
47,131,184,-6.96078431372549,mixed_snow_ice
47,134,176,-7.745098039215687,mixed_snow_ice
47,135,129,-12.352941176470589,regular_glacier_ice
47,136,98,-15.392156862745097,regular_glacier_ice
47,144,193,-6.078431372549019,debris_rock
47,145,117,-13.529411764705882,regular_glacier_ice
47,146,143,-10.980392156862745,clean_glacier_ice
47,147,183,-7.0588235294117645,mixed_snow_ice
47,148,180,-7.352941176470587,mixed_snow_ice
47,149,138,-11.470588235294118,clean_glacier_ice
47,150,165,-8.823529411764707,clean_glacier_ice
47,151,157,-9.607843137254902,clean_glacier_ice
47,152,143,-10.980392156862745,clean_glacier_ice
47,153,162,-9.11764705882353,clean_glacier_ice
47,154,132,-12.058823529411763,clean_glacier_ice
47,155,131,-12.15686274509804,clean_glacier_ice
47,156,103,-14.901960784313726,regular_glacier_ice
47,157,178,-7.549019607843139,mixed_snow_ice
47,158,165,-8.823529411764707,clean_glacier_ice
47,159,191,-6.274509803921568,debris_rock
47,160,197,-5.686274509803919,debris_rock
47,161,175,-7.843137254901961,mixed_snow_ice
47,162,183,-7.0588235294117645,mixed_snow_ice
47,163,165,-8.823529411764707,clean_glacier_ice
47,164,160,-9.313725490196079,clean_glacier_ice
47,165,180,-7.352941176470587,mixed_snow_ice
47,166,218,-3.627450980392158,debris_rock
47,167,205,-4.901960784313726,debris_rock
47,168,148,-10.49019607843137,clean_glacier_ice
47,169,207,-4.7058823529411775,debris_rock
47,170,180,-7.352941176470587,mixed_snow_ice
47,171,157,-9.607843137254902,clean_glacier_ice
47,172,178,-7.549019607843139,mixed_snow_ice
47,173,188,-6.56862745098039,debris_rock
47,174,211,-4.313725490196081,debris_rock
47,175,181,-7.254901960784313,mixed_snow_ice
47,176,169,-8.43137254901961,mixed_snow_ice
47,177,177,-7.647058823529413,mixed_snow_ice
47,178,181,-7.254901960784313,mixed_snow_ice
47,179,171,-8.235294117647062,mixed_snow_ice
47,180,163,-9.019607843137257,clean_glacier_ice
47,181,176,-7.745098039215687,mixed_snow_ice
47,182,175,-7.843137254901961,mixed_snow_ice
47,183,159,-9.411764705882353,clean_glacier_ice
47,184,202,-5.196078431372548,debris_rock
47,185,169,-8.43137254901961,mixed_snow_ice
47,186,153,-10.0,clean_glacier_ice
47,187,167,-8.627450980392158,mixed_snow_ice
47,188,178,-7.549019607843139,mixed_snow_ice
47,189,174,-7.9411764705882355,mixed_snow_ice
47,190,162,-9.11764705882353,clean_glacier_ice
47,191,171,-8.235294117647062,mixed_snow_ice
47,192,159,-9.411764705882353,clean_glacier_ice
47,193,129,-12.352941176470589,regular_glacier_ice
47,194,189,-6.470588235294116,debris_rock
47,195,147,-10.588235294117649,clean_glacier_ice
47,196,167,-8.627450980392158,mixed_snow_ice
47,197,183,-7.0588235294117645,mixed_snow_ice
47,198,152,-10.098039215686274,clean_glacier_ice
47,199,164,-8.92156862745098,clean_glacier_ice
47,200,195,-5.882352941176471,debris_rock
47,201,181,-7.254901960784313,mixed_snow_ice
47,202,175,-7.843137254901961,mixed_snow_ice
47,203,199,-5.490196078431371,debris_rock
47,204,174,-7.9411764705882355,mixed_snow_ice
47,205,142,-11.07843137254902,clean_glacier_ice
47,206,134,-11.862745098039214,clean_glacier_ice
47,208,193,-6.078431372549019,debris_rock
47,209,164,-8.92156862745098,clean_glacier_ice
47,210,196,-5.784313725490193,debris_rock
47,211,192,-6.1764705882352935,debris_rock
47,212,166,-8.725490196078432,mixed_snow_ice
47,213,200,-5.392156862745097,debris_rock
47,214,174,-7.9411764705882355,mixed_snow_ice
47,215,189,-6.470588235294116,debris_rock
47,216,181,-7.254901960784313,mixed_snow_ice
47,217,198,-5.588235294117645,debris_rock
47,218,163,-9.019607843137257,clean_glacier_ice
47,219,170,-8.333333333333336,mixed_snow_ice
47,220,161,-9.215686274509805,clean_glacier_ice
47,221,174,-7.9411764705882355,mixed_snow_ice
47,222,181,-7.254901960784313,mixed_snow_ice
48,0,196,-5.784313725490193,debris_rock
48,1,137,-11.568627450980392,clean_glacier_ice
48,2,194,-5.980392156862745,debris_rock
48,3,164,-8.92156862745098,clean_glacier_ice
48,4,189,-6.470588235294116,debris_rock
48,5,198,-5.588235294117645,debris_rock
48,6,138,-11.470588235294118,clean_glacier_ice
48,7,181,-7.254901960784313,mixed_snow_ice
48,8,210,-4.411764705882355,debris_rock
48,9,174,-7.9411764705882355,mixed_snow_ice
48,10,167,-8.627450980392158,mixed_snow_ice
48,11,206,-4.803921568627452,debris_rock
48,12,162,-9.11764705882353,clean_glacier_ice
48,13,187,-6.666666666666668,debris_rock
48,14,147,-10.588235294117649,clean_glacier_ice
48,15,209,-4.509803921568629,debris_rock
48,16,146,-10.686274509803923,clean_glacier_ice
48,17,127,-12.549019607843137,regular_glacier_ice
48,18,149,-10.392156862745097,clean_glacier_ice
48,19,188,-6.56862745098039,debris_rock
48,20,247,-0.7843137254901968,debris_rock
48,21,231,-2.352941176470587,debris_rock
48,22,200,-5.392156862745097,debris_rock
48,23,205,-4.901960784313726,debris_rock
48,24,206,-4.803921568627452,debris_rock
48,25,201,-5.2941176470588225,debris_rock
48,26,118,-13.431372549019608,regular_glacier_ice
48,27,179,-7.450980392156865,mixed_snow_ice
48,28,160,-9.313725490196079,clean_glacier_ice
48,29,123,-12.941176470588236,regular_glacier_ice
48,30,170,-8.333333333333336,mixed_snow_ice
48,31,181,-7.254901960784313,mixed_snow_ice
48,32,207,-4.7058823529411775,debris_rock
48,33,215,-3.9215686274509807,debris_rock
48,34,183,-7.0588235294117645,mixed_snow_ice
48,35,167,-8.627450980392158,mixed_snow_ice
48,36,164,-8.92156862745098,clean_glacier_ice
48,37,139,-11.372549019607844,clean_glacier_ice
48,38,183,-7.0588235294117645,mixed_snow_ice
48,39,156,-9.705882352941176,clean_glacier_ice
48,40,169,-8.43137254901961,mixed_snow_ice
48,41,161,-9.215686274509805,clean_glacier_ice
48,42,135,-11.76470588235294,clean_glacier_ice
48,43,154,-9.901960784313726,clean_glacier_ice
48,44,177,-7.647058823529413,mixed_snow_ice
48,45,189,-6.470588235294116,debris_rock
48,46,193,-6.078431372549019,debris_rock
48,47,216,-3.8235294117647065,debris_rock
48,48,226,-2.8431372549019613,debris_rock
48,49,187,-6.666666666666668,debris_rock
48,50,181,-7.254901960784313,mixed_snow_ice
48,51,176,-7.745098039215687,mixed_snow_ice
48,52,177,-7.647058823529413,mixed_snow_ice
48,53,173,-8.03921568627451,mixed_snow_ice
48,54,161,-9.215686274509805,clean_glacier_ice
48,55,198,-5.588235294117645,debris_rock
48,56,160,-9.313725490196079,clean_glacier_ice
48,57,169,-8.43137254901961,mixed_snow_ice
48,58,199,-5.490196078431371,debris_rock
48,59,210,-4.411764705882355,debris_rock
48,60,202,-5.196078431372548,debris_rock
48,61,192,-6.1764705882352935,debris_rock
48,62,169,-8.43137254901961,mixed_snow_ice
48,63,200,-5.392156862745097,debris_rock
48,64,182,-7.156862745098039,mixed_snow_ice
48,65,158,-9.509803921568627,clean_glacier_ice
48,66,130,-12.254901960784315,clean_glacier_ice
48,67,136,-11.666666666666666,clean_glacier_ice
48,68,192,-6.1764705882352935,debris_rock
48,69,158,-9.509803921568627,clean_glacier_ice
48,70,154,-9.901960784313726,clean_glacier_ice
48,71,236,-1.8627450980392162,debris_rock
48,72,255,0.0,debris_rock
48,73,132,-12.058823529411763,clean_glacier_ice
48,76,153,-10.0,clean_glacier_ice
48,77,171,-8.235294117647062,mixed_snow_ice
48,78,177,-7.647058823529413,mixed_snow_ice
48,79,156,-9.705882352941176,clean_glacier_ice
48,86,166,-8.725490196078432,mixed_snow_ice
48,87,133,-11.960784313725489,clean_glacier_ice
48,88,146,-10.686274509803923,clean_glacier_ice
48,89,128,-12.450980392156863,regular_glacier_ice
48,90,199,-5.490196078431371,debris_rock
48,91,165,-8.823529411764707,clean_glacier_ice
48,92,142,-11.07843137254902,clean_glacier_ice
48,93,169,-8.43137254901961,mixed_snow_ice
48,94,170,-8.333333333333336,mixed_snow_ice
48,95,148,-10.49019607843137,clean_glacier_ice
48,96,129,-12.352941176470589,regular_glacier_ice
48,97,124,-12.843137254901961,regular_glacier_ice
48,98,132,-12.058823529411763,clean_glacier_ice
48,99,184,-6.96078431372549,mixed_snow_ice
48,100,162,-9.11764705882353,clean_glacier_ice
48,101,145,-10.784313725490197,clean_glacier_ice
48,102,202,-5.196078431372548,debris_rock
48,103,182,-7.156862745098039,mixed_snow_ice
48,104,154,-9.901960784313726,clean_glacier_ice
48,105,172,-8.137254901960784,mixed_snow_ice
48,106,168,-8.529411764705884,mixed_snow_ice
48,107,190,-6.372549019607842,debris_rock
48,108,207,-4.7058823529411775,debris_rock
48,109,204,-5.0,debris_rock
48,110,165,-8.823529411764707,clean_glacier_ice
48,111,176,-7.745098039215687,mixed_snow_ice
48,112,192,-6.1764705882352935,debris_rock
48,113,185,-6.862745098039216,mixed_snow_ice
48,114,172,-8.137254901960784,mixed_snow_ice
48,115,164,-8.92156862745098,clean_glacier_ice
48,116,205,-4.901960784313726,debris_rock
48,117,191,-6.274509803921568,debris_rock
48,118,163,-9.019607843137257,clean_glacier_ice
48,119,158,-9.509803921568627,clean_glacier_ice
48,120,201,-5.2941176470588225,debris_rock
48,121,180,-7.352941176470587,mixed_snow_ice
48,122,177,-7.647058823529413,mixed_snow_ice
48,123,219,-3.529411764705884,debris_rock
48,124,189,-6.470588235294116,debris_rock
48,125,177,-7.647058823529413,mixed_snow_ice
48,126,181,-7.254901960784313,mixed_snow_ice
48,127,176,-7.745098039215687,mixed_snow_ice
48,128,166,-8.725490196078432,mixed_snow_ice
48,129,201,-5.2941176470588225,debris_rock
48,130,172,-8.137254901960784,mixed_snow_ice
48,131,166,-8.725490196078432,mixed_snow_ice
48,132,178,-7.549019607843139,mixed_snow_ice
48,133,141,-11.176470588235293,clean_glacier_ice
48,134,166,-8.725490196078432,mixed_snow_ice
48,135,198,-5.588235294117645,debris_rock
48,136,162,-9.11764705882353,clean_glacier_ice
48,137,173,-8.03921568627451,mixed_snow_ice
48,138,176,-7.745098039215687,mixed_snow_ice
48,139,181,-7.254901960784313,mixed_snow_ice
48,140,191,-6.274509803921568,debris_rock
48,141,149,-10.392156862745097,clean_glacier_ice
48,142,136,-11.666666666666666,clean_glacier_ice
48,143,179,-7.450980392156865,mixed_snow_ice
48,144,161,-9.215686274509805,clean_glacier_ice
48,145,176,-7.745098039215687,mixed_snow_ice
48,146,181,-7.254901960784313,mixed_snow_ice
48,147,169,-8.43137254901961,mixed_snow_ice
48,148,153,-10.0,clean_glacier_ice
48,149,163,-9.019607843137257,clean_glacier_ice
48,150,161,-9.215686274509805,clean_glacier_ice
48,151,148,-10.49019607843137,clean_glacier_ice
48,152,180,-7.352941176470587,mixed_snow_ice
48,153,201,-5.2941176470588225,debris_rock
48,154,146,-10.686274509803923,clean_glacier_ice
48,155,196,-5.784313725490193,debris_rock
48,156,175,-7.843137254901961,mixed_snow_ice
48,157,189,-6.470588235294116,debris_rock
48,158,197,-5.686274509803919,debris_rock
48,159,190,-6.372549019607842,debris_rock
48,160,163,-9.019607843137257,clean_glacier_ice
48,161,142,-11.07843137254902,clean_glacier_ice
48,162,188,-6.56862745098039,debris_rock
48,163,165,-8.823529411764707,clean_glacier_ice
48,164,150,-10.294117647058822,clean_glacier_ice
48,165,180,-7.352941176470587,mixed_snow_ice
48,166,209,-4.509803921568629,debris_rock
48,167,169,-8.43137254901961,mixed_snow_ice
48,168,233,-2.1568627450980387,debris_rock
48,169,188,-6.56862745098039,debris_rock
48,170,193,-6.078431372549019,debris_rock
48,171,142,-11.07843137254902,clean_glacier_ice
48,172,187,-6.666666666666668,debris_rock
48,173,185,-6.862745098039216,mixed_snow_ice
48,174,162,-9.11764705882353,clean_glacier_ice
48,175,134,-11.862745098039214,clean_glacier_ice
48,176,161,-9.215686274509805,clean_glacier_ice
48,177,184,-6.96078431372549,mixed_snow_ice
48,178,200,-5.392156862745097,debris_rock
48,179,178,-7.549019607843139,mixed_snow_ice
48,180,194,-5.980392156862745,debris_rock
48,181,176,-7.745098039215687,mixed_snow_ice
48,182,123,-12.941176470588236,regular_glacier_ice
48,183,152,-10.098039215686274,clean_glacier_ice
48,184,204,-5.0,debris_rock
48,185,243,-1.176470588235297,debris_rock
48,186,198,-5.588235294117645,debris_rock
48,187,255,0.0,debris_rock
48,188,227,-2.745098039215687,debris_rock
48,189,165,-8.823529411764707,clean_glacier_ice
48,190,233,-2.1568627450980387,debris_rock
48,191,191,-6.274509803921568,debris_rock
48,192,200,-5.392156862745097,debris_rock
48,193,140,-11.274509803921568,clean_glacier_ice
48,194,151,-10.196078431372548,clean_glacier_ice
48,195,189,-6.470588235294116,debris_rock
48,196,195,-5.882352941176471,debris_rock
48,197,191,-6.274509803921568,debris_rock
48,198,193,-6.078431372549019,debris_rock
48,199,207,-4.7058823529411775,debris_rock
48,200,193,-6.078431372549019,debris_rock
48,201,187,-6.666666666666668,debris_rock
48,202,157,-9.607843137254902,clean_glacier_ice
48,203,169,-8.43137254901961,mixed_snow_ice
48,204,170,-8.333333333333336,mixed_snow_ice
48,205,149,-10.392156862745097,clean_glacier_ice
48,206,149,-10.392156862745097,clean_glacier_ice
48,207,145,-10.784313725490197,clean_glacier_ice
48,208,143,-10.980392156862745,clean_glacier_ice
48,209,185,-6.862745098039216,mixed_snow_ice
48,210,174,-7.9411764705882355,mixed_snow_ice
48,211,206,-4.803921568627452,debris_rock
48,212,205,-4.901960784313726,debris_rock
48,213,207,-4.7058823529411775,debris_rock
48,214,196,-5.784313725490193,debris_rock
48,215,180,-7.352941176470587,mixed_snow_ice
48,216,184,-6.96078431372549,mixed_snow_ice
48,217,173,-8.03921568627451,mixed_snow_ice
48,218,185,-6.862745098039216,mixed_snow_ice
48,219,200,-5.392156862745097,debris_rock
48,220,199,-5.490196078431371,debris_rock
48,221,195,-5.882352941176471,debris_rock
48,222,193,-6.078431372549019,debris_rock
49,0,179,-7.450980392156865,mixed_snow_ice
49,1,207,-4.7058823529411775,debris_rock
49,2,170,-8.333333333333336,mixed_snow_ice
49,3,174,-7.9411764705882355,mixed_snow_ice
49,4,167,-8.627450980392158,mixed_snow_ice
49,5,191,-6.274509803921568,debris_rock
49,6,113,-13.92156862745098,regular_glacier_ice
49,7,96,-15.588235294117647,regular_glacier_ice
49,8,128,-12.450980392156863,regular_glacier_ice
49,9,160,-9.313725490196079,clean_glacier_ice
49,10,209,-4.509803921568629,debris_rock
49,11,154,-9.901960784313726,clean_glacier_ice
49,12,172,-8.137254901960784,mixed_snow_ice
49,13,237,-1.764705882352942,debris_rock
49,14,194,-5.980392156862745,debris_rock
49,15,125,-12.745098039215687,regular_glacier_ice
49,16,116,-13.627450980392156,regular_glacier_ice
49,17,117,-13.529411764705882,regular_glacier_ice
49,18,150,-10.294117647058822,clean_glacier_ice
49,19,168,-8.529411764705884,mixed_snow_ice
49,20,168,-8.529411764705884,mixed_snow_ice
49,21,174,-7.9411764705882355,mixed_snow_ice
49,22,132,-12.058823529411763,clean_glacier_ice
49,23,156,-9.705882352941176,clean_glacier_ice
49,28,153,-10.0,clean_glacier_ice
49,29,167,-8.627450980392158,mixed_snow_ice
49,30,135,-11.76470588235294,clean_glacier_ice
49,31,143,-10.980392156862745,clean_glacier_ice
49,32,165,-8.823529411764707,clean_glacier_ice
49,33,156,-9.705882352941176,clean_glacier_ice
49,34,140,-11.274509803921568,clean_glacier_ice
49,35,184,-6.96078431372549,mixed_snow_ice
49,36,166,-8.725490196078432,mixed_snow_ice
49,37,156,-9.705882352941176,clean_glacier_ice
49,38,135,-11.76470588235294,clean_glacier_ice
49,39,143,-10.980392156862745,clean_glacier_ice
49,40,121,-13.137254901960786,regular_glacier_ice
49,41,144,-10.882352941176471,clean_glacier_ice
49,42,154,-9.901960784313726,clean_glacier_ice
49,43,141,-11.176470588235293,clean_glacier_ice
49,44,181,-7.254901960784313,mixed_snow_ice
49,45,176,-7.745098039215687,mixed_snow_ice
49,46,179,-7.450980392156865,mixed_snow_ice
49,47,169,-8.43137254901961,mixed_snow_ice
49,48,205,-4.901960784313726,debris_rock
49,49,209,-4.509803921568629,debris_rock
49,50,194,-5.980392156862745,debris_rock
49,51,205,-4.901960784313726,debris_rock
49,52,177,-7.647058823529413,mixed_snow_ice
49,53,166,-8.725490196078432,mixed_snow_ice
49,54,201,-5.2941176470588225,debris_rock
49,55,185,-6.862745098039216,mixed_snow_ice
49,56,153,-10.0,clean_glacier_ice
49,57,158,-9.509803921568627,clean_glacier_ice
49,58,196,-5.784313725490193,debris_rock
49,59,201,-5.2941176470588225,debris_rock
49,60,162,-9.11764705882353,clean_glacier_ice
49,61,179,-7.450980392156865,mixed_snow_ice
49,62,185,-6.862745098039216,mixed_snow_ice
49,63,198,-5.588235294117645,debris_rock
49,64,198,-5.588235294117645,debris_rock
49,65,192,-6.1764705882352935,debris_rock
49,66,194,-5.980392156862745,debris_rock
49,67,216,-3.8235294117647065,debris_rock
49,68,193,-6.078431372549019,debris_rock
49,69,209,-4.509803921568629,debris_rock
49,70,156,-9.705882352941176,clean_glacier_ice
49,71,181,-7.254901960784313,mixed_snow_ice
49,72,175,-7.843137254901961,mixed_snow_ice
49,73,187,-6.666666666666668,debris_rock
49,74,182,-7.156862745098039,mixed_snow_ice
49,75,171,-8.235294117647062,mixed_snow_ice
49,76,195,-5.882352941176471,debris_rock
49,77,171,-8.235294117647062,mixed_snow_ice
49,78,142,-11.07843137254902,clean_glacier_ice
49,79,146,-10.686274509803923,clean_glacier_ice
49,80,156,-9.705882352941176,clean_glacier_ice
49,81,146,-10.686274509803923,clean_glacier_ice
49,82,168,-8.529411764705884,mixed_snow_ice
49,83,204,-5.0,debris_rock
49,84,132,-12.058823529411763,clean_glacier_ice
49,85,148,-10.49019607843137,clean_glacier_ice
49,86,133,-11.960784313725489,clean_glacier_ice
49,87,173,-8.03921568627451,mixed_snow_ice
49,88,173,-8.03921568627451,mixed_snow_ice
49,89,186,-6.764705882352942,debris_rock
49,90,171,-8.235294117647062,mixed_snow_ice
49,91,145,-10.784313725490197,clean_glacier_ice
49,92,169,-8.43137254901961,mixed_snow_ice
49,93,166,-8.725490196078432,mixed_snow_ice
49,94,194,-5.980392156862745,debris_rock
49,95,192,-6.1764705882352935,debris_rock
49,96,141,-11.176470588235293,clean_glacier_ice
49,97,181,-7.254901960784313,mixed_snow_ice
49,98,172,-8.137254901960784,mixed_snow_ice
49,99,180,-7.352941176470587,mixed_snow_ice
49,100,180,-7.352941176470587,mixed_snow_ice
49,101,168,-8.529411764705884,mixed_snow_ice
49,102,168,-8.529411764705884,mixed_snow_ice
49,103,175,-7.843137254901961,mixed_snow_ice
49,104,141,-11.176470588235293,clean_glacier_ice
49,105,162,-9.11764705882353,clean_glacier_ice
49,106,129,-12.352941176470589,regular_glacier_ice
49,107,185,-6.862745098039216,mixed_snow_ice
49,108,197,-5.686274509803919,debris_rock
49,109,173,-8.03921568627451,mixed_snow_ice
49,110,188,-6.56862745098039,debris_rock
49,111,175,-7.843137254901961,mixed_snow_ice
49,112,188,-6.56862745098039,debris_rock
49,113,161,-9.215686274509805,clean_glacier_ice
49,114,179,-7.450980392156865,mixed_snow_ice
49,115,184,-6.96078431372549,mixed_snow_ice
49,116,169,-8.43137254901961,mixed_snow_ice
49,117,174,-7.9411764705882355,mixed_snow_ice
49,118,195,-5.882352941176471,debris_rock
49,119,206,-4.803921568627452,debris_rock
49,120,173,-8.03921568627451,mixed_snow_ice
49,121,170,-8.333333333333336,mixed_snow_ice
49,122,199,-5.490196078431371,debris_rock
49,123,191,-6.274509803921568,debris_rock
49,124,157,-9.607843137254902,clean_glacier_ice
49,125,168,-8.529411764705884,mixed_snow_ice
49,126,196,-5.784313725490193,debris_rock
49,127,192,-6.1764705882352935,debris_rock
49,128,195,-5.882352941176471,debris_rock
49,129,209,-4.509803921568629,debris_rock
49,130,230,-2.450980392156861,debris_rock
49,131,196,-5.784313725490193,debris_rock
49,132,164,-8.92156862745098,clean_glacier_ice
49,133,211,-4.313725490196081,debris_rock
49,134,223,-3.137254901960784,debris_rock
49,135,177,-7.647058823529413,mixed_snow_ice
49,136,126,-12.647058823529411,regular_glacier_ice
49,137,157,-9.607843137254902,clean_glacier_ice
49,138,186,-6.764705882352942,debris_rock
49,139,200,-5.392156862745097,debris_rock
49,140,209,-4.509803921568629,debris_rock
49,141,196,-5.784313725490193,debris_rock
49,142,220,-3.4313725490196063,debris_rock
49,143,164,-8.92156862745098,clean_glacier_ice
49,144,161,-9.215686274509805,clean_glacier_ice
49,145,138,-11.470588235294118,clean_glacier_ice
49,146,193,-6.078431372549019,debris_rock
49,147,153,-10.0,clean_glacier_ice
49,148,141,-11.176470588235293,clean_glacier_ice
49,149,151,-10.196078431372548,clean_glacier_ice
49,150,183,-7.0588235294117645,mixed_snow_ice
49,151,188,-6.56862745098039,debris_rock
49,152,183,-7.0588235294117645,mixed_snow_ice
49,153,201,-5.2941176470588225,debris_rock
49,154,197,-5.686274509803919,debris_rock
49,155,186,-6.764705882352942,debris_rock
49,156,176,-7.745098039215687,mixed_snow_ice
49,157,195,-5.882352941176471,debris_rock
49,158,198,-5.588235294117645,debris_rock
49,159,219,-3.529411764705884,debris_rock
49,160,197,-5.686274509803919,debris_rock
49,161,182,-7.156862745098039,mixed_snow_ice
49,162,162,-9.11764705882353,clean_glacier_ice
49,163,193,-6.078431372549019,debris_rock
49,164,195,-5.882352941176471,debris_rock
49,165,168,-8.529411764705884,mixed_snow_ice
49,166,176,-7.745098039215687,mixed_snow_ice
49,167,184,-6.96078431372549,mixed_snow_ice
49,168,160,-9.313725490196079,clean_glacier_ice
49,169,182,-7.156862745098039,mixed_snow_ice
49,170,155,-9.803921568627452,clean_glacier_ice
49,171,80,-17.15686274509804,deep_glacier_ice
49,172,81,-17.058823529411764,deep_glacier_ice
49,173,94,-15.784313725490195,regular_glacier_ice
49,174,81,-17.058823529411764,deep_glacier_ice
49,175,166,-8.725490196078432,mixed_snow_ice
49,176,249,-0.5882352941176485,debris_rock
49,177,187,-6.666666666666668,debris_rock
49,178,179,-7.450980392156865,mixed_snow_ice
49,179,219,-3.529411764705884,debris_rock
49,180,190,-6.372549019607842,debris_rock
49,181,98,-15.392156862745097,regular_glacier_ice
49,182,116,-13.627450980392156,regular_glacier_ice
49,183,127,-12.549019607843137,regular_glacier_ice
49,184,150,-10.294117647058822,clean_glacier_ice
49,185,159,-9.411764705882353,clean_glacier_ice
49,186,165,-8.823529411764707,clean_glacier_ice
49,187,149,-10.392156862745097,clean_glacier_ice
49,188,177,-7.647058823529413,mixed_snow_ice
49,189,146,-10.686274509803923,clean_glacier_ice
49,193,155,-9.803921568627452,clean_glacier_ice
49,194,148,-10.49019607843137,clean_glacier_ice
49,195,134,-11.862745098039214,clean_glacier_ice
49,196,161,-9.215686274509805,clean_glacier_ice
49,197,177,-7.647058823529413,mixed_snow_ice
49,198,213,-4.117647058823529,debris_rock
49,199,137,-11.568627450980392,clean_glacier_ice
49,200,140,-11.274509803921568,clean_glacier_ice
49,201,145,-10.784313725490197,clean_glacier_ice
49,202,128,-12.450980392156863,regular_glacier_ice
49,203,137,-11.568627450980392,clean_glacier_ice
49,204,153,-10.0,clean_glacier_ice
49,205,161,-9.215686274509805,clean_glacier_ice
49,206,102,-15.0,regular_glacier_ice
49,207,104,-14.803921568627452,regular_glacier_ice
49,208,127,-12.549019607843137,regular_glacier_ice
49,209,183,-7.0588235294117645,mixed_snow_ice
49,210,188,-6.56862745098039,debris_rock
49,211,147,-10.588235294117649,clean_glacier_ice
49,212,182,-7.156862745098039,mixed_snow_ice
49,213,171,-8.235294117647062,mixed_snow_ice
49,214,152,-10.098039215686274,clean_glacier_ice
49,215,187,-6.666666666666668,debris_rock
49,216,213,-4.117647058823529,debris_rock
49,217,169,-8.43137254901961,mixed_snow_ice
49,218,179,-7.450980392156865,mixed_snow_ice
49,219,172,-8.137254901960784,mixed_snow_ice
49,220,217,-3.7254901960784323,debris_rock
49,221,215,-3.9215686274509807,debris_rock
49,222,202,-5.196078431372548,debris_rock
50,0,188,-6.56862745098039,debris_rock
50,1,206,-4.803921568627452,debris_rock
50,2,169,-8.43137254901961,mixed_snow_ice
50,3,193,-6.078431372549019,debris_rock
50,4,156,-9.705882352941176,clean_glacier_ice
50,5,248,-0.6862745098039227,debris_rock
50,6,194,-5.980392156862745,debris_rock
50,7,206,-4.803921568627452,debris_rock
50,8,199,-5.490196078431371,debris_rock
50,9,202,-5.196078431372548,debris_rock
50,10,207,-4.7058823529411775,debris_rock
50,11,204,-5.0,debris_rock
50,12,188,-6.56862745098039,debris_rock
50,13,202,-5.196078431372548,debris_rock
50,14,153,-10.0,clean_glacier_ice
50,15,189,-6.470588235294116,debris_rock
50,16,182,-7.156862745098039,mixed_snow_ice
50,17,187,-6.666666666666668,debris_rock
50,18,179,-7.450980392156865,mixed_snow_ice
50,19,160,-9.313725490196079,clean_glacier_ice
50,20,171,-8.235294117647062,mixed_snow_ice
50,21,137,-11.568627450980392,clean_glacier_ice
50,22,136,-11.666666666666666,clean_glacier_ice
50,23,142,-11.07843137254902,clean_glacier_ice
50,24,147,-10.588235294117649,clean_glacier_ice
50,25,157,-9.607843137254902,clean_glacier_ice
50,26,154,-9.901960784313726,clean_glacier_ice
50,27,128,-12.450980392156863,regular_glacier_ice
50,28,130,-12.254901960784315,clean_glacier_ice
50,29,142,-11.07843137254902,clean_glacier_ice
50,30,161,-9.215686274509805,clean_glacier_ice
50,31,183,-7.0588235294117645,mixed_snow_ice
50,32,165,-8.823529411764707,clean_glacier_ice
50,33,180,-7.352941176470587,mixed_snow_ice
50,34,183,-7.0588235294117645,mixed_snow_ice
50,35,168,-8.529411764705884,mixed_snow_ice
50,36,196,-5.784313725490193,debris_rock
50,37,189,-6.470588235294116,debris_rock
50,38,171,-8.235294117647062,mixed_snow_ice
50,39,172,-8.137254901960784,mixed_snow_ice
50,40,159,-9.411764705882353,clean_glacier_ice
50,41,186,-6.764705882352942,debris_rock
50,42,161,-9.215686274509805,clean_glacier_ice
50,43,169,-8.43137254901961,mixed_snow_ice
50,44,197,-5.686274509803919,debris_rock
50,45,171,-8.235294117647062,mixed_snow_ice
50,46,192,-6.1764705882352935,debris_rock
50,47,197,-5.686274509803919,debris_rock
50,48,198,-5.588235294117645,debris_rock
50,49,198,-5.588235294117645,debris_rock
50,50,175,-7.843137254901961,mixed_snow_ice
50,51,167,-8.627450980392158,mixed_snow_ice
50,52,189,-6.470588235294116,debris_rock
50,53,164,-8.92156862745098,clean_glacier_ice
50,54,176,-7.745098039215687,mixed_snow_ice
50,55,193,-6.078431372549019,debris_rock
50,56,187,-6.666666666666668,debris_rock
50,57,194,-5.980392156862745,debris_rock
50,58,178,-7.549019607843139,mixed_snow_ice
50,59,185,-6.862745098039216,mixed_snow_ice
50,60,172,-8.137254901960784,mixed_snow_ice
50,61,190,-6.372549019607842,debris_rock
50,62,177,-7.647058823529413,mixed_snow_ice
50,63,181,-7.254901960784313,mixed_snow_ice
50,64,191,-6.274509803921568,debris_rock
50,65,173,-8.03921568627451,mixed_snow_ice
50,66,153,-10.0,clean_glacier_ice
50,67,222,-3.235294117647058,debris_rock
50,68,193,-6.078431372549019,debris_rock
50,69,175,-7.843137254901961,mixed_snow_ice
50,70,153,-10.0,clean_glacier_ice
50,71,211,-4.313725490196081,debris_rock
50,72,219,-3.529411764705884,debris_rock
50,73,224,-3.0392156862745097,debris_rock
50,74,205,-4.901960784313726,debris_rock
50,75,192,-6.1764705882352935,debris_rock
50,76,191,-6.274509803921568,debris_rock
50,77,162,-9.11764705882353,clean_glacier_ice
50,78,143,-10.980392156862745,clean_glacier_ice
50,79,160,-9.313725490196079,clean_glacier_ice
50,80,186,-6.764705882352942,debris_rock
50,81,174,-7.9411764705882355,mixed_snow_ice
50,82,173,-8.03921568627451,mixed_snow_ice
50,83,177,-7.647058823529413,mixed_snow_ice
50,84,137,-11.568627450980392,clean_glacier_ice
50,85,191,-6.274509803921568,debris_rock
50,86,168,-8.529411764705884,mixed_snow_ice
50,87,162,-9.11764705882353,clean_glacier_ice
50,88,170,-8.333333333333336,mixed_snow_ice
50,89,197,-5.686274509803919,debris_rock
50,90,152,-10.098039215686274,clean_glacier_ice
50,91,142,-11.07843137254902,clean_glacier_ice
50,92,151,-10.196078431372548,clean_glacier_ice
50,93,168,-8.529411764705884,mixed_snow_ice
50,94,207,-4.7058823529411775,debris_rock
50,95,207,-4.7058823529411775,debris_rock
50,96,218,-3.627450980392158,debris_rock
50,97,172,-8.137254901960784,mixed_snow_ice
50,98,176,-7.745098039215687,mixed_snow_ice
50,99,199,-5.490196078431371,debris_rock
50,100,198,-5.588235294117645,debris_rock
50,101,245,-0.9803921568627452,debris_rock
50,102,205,-4.901960784313726,debris_rock
50,103,161,-9.215686274509805,clean_glacier_ice
50,104,176,-7.745098039215687,mixed_snow_ice
50,105,166,-8.725490196078432,mixed_snow_ice
50,106,163,-9.019607843137257,clean_glacier_ice
50,107,173,-8.03921568627451,mixed_snow_ice
50,108,152,-10.098039215686274,clean_glacier_ice
50,109,172,-8.137254901960784,mixed_snow_ice
50,110,140,-11.274509803921568,clean_glacier_ice
50,111,140,-11.274509803921568,clean_glacier_ice
50,112,120,-13.23529411764706,regular_glacier_ice
50,113,90,-16.176470588235293,regular_glacier_ice
50,114,74,-17.745098039215684,deep_glacier_ice
50,115,55,-19.607843137254903,deep_glacier_ice
50,116,71,-18.03921568627451,deep_glacier_ice
50,117,187,-6.666666666666668,debris_rock
50,118,255,0.0,debris_rock
50,119,183,-7.0588235294117645,mixed_snow_ice
50,120,197,-5.686274509803919,debris_rock
50,121,231,-2.352941176470587,debris_rock
50,122,255,0.0,debris_rock
50,123,76,-17.549019607843135,deep_glacier_ice
50,124,114,-13.823529411764705,regular_glacier_ice
50,125,118,-13.431372549019608,regular_glacier_ice
50,126,147,-10.588235294117649,clean_glacier_ice
50,127,188,-6.56862745098039,debris_rock
50,128,132,-12.058823529411763,clean_glacier_ice
50,129,176,-7.745098039215687,mixed_snow_ice
50,130,163,-9.019607843137257,clean_glacier_ice
50,131,165,-8.823529411764707,clean_glacier_ice
50,132,189,-6.470588235294116,debris_rock
50,134,164,-8.92156862745098,clean_glacier_ice
50,135,148,-10.49019607843137,clean_glacier_ice
50,136,154,-9.901960784313726,clean_glacier_ice
50,137,162,-9.11764705882353,clean_glacier_ice
50,138,147,-10.588235294117649,clean_glacier_ice
50,139,165,-8.823529411764707,clean_glacier_ice
50,140,182,-7.156862745098039,mixed_snow_ice
50,141,179,-7.450980392156865,mixed_snow_ice
50,142,147,-10.588235294117649,clean_glacier_ice
50,143,159,-9.411764705882353,clean_glacier_ice
50,144,123,-12.941176470588236,regular_glacier_ice
50,145,144,-10.882352941176471,clean_glacier_ice
50,146,168,-8.529411764705884,mixed_snow_ice
50,147,171,-8.235294117647062,mixed_snow_ice
50,148,158,-9.509803921568627,clean_glacier_ice
50,149,153,-10.0,clean_glacier_ice
50,150,173,-8.03921568627451,mixed_snow_ice
50,151,207,-4.7058823529411775,debris_rock
50,152,148,-10.49019607843137,clean_glacier_ice
50,153,181,-7.254901960784313,mixed_snow_ice
50,154,165,-8.823529411764707,clean_glacier_ice
50,155,171,-8.235294117647062,mixed_snow_ice
50,156,167,-8.627450980392158,mixed_snow_ice
50,157,201,-5.2941176470588225,debris_rock
50,158,203,-5.098039215686274,debris_rock
50,159,166,-8.725490196078432,mixed_snow_ice
50,160,192,-6.1764705882352935,debris_rock
50,161,187,-6.666666666666668,debris_rock
50,162,201,-5.2941176470588225,debris_rock
50,163,211,-4.313725490196081,debris_rock
50,164,203,-5.098039215686274,debris_rock
50,165,192,-6.1764705882352935,debris_rock
50,166,186,-6.764705882352942,debris_rock
50,167,216,-3.8235294117647065,debris_rock
50,168,177,-7.647058823529413,mixed_snow_ice
50,169,213,-4.117647058823529,debris_rock
50,170,251,-0.3921568627451002,debris_rock
50,171,198,-5.588235294117645,debris_rock
50,172,191,-6.274509803921568,debris_rock
50,173,194,-5.980392156862745,debris_rock
50,174,173,-8.03921568627451,mixed_snow_ice
50,175,182,-7.156862745098039,mixed_snow_ice
50,176,193,-6.078431372549019,debris_rock
50,177,204,-5.0,debris_rock
50,178,170,-8.333333333333336,mixed_snow_ice
50,179,178,-7.549019607843139,mixed_snow_ice
50,180,182,-7.156862745098039,mixed_snow_ice
50,181,147,-10.588235294117649,clean_glacier_ice
50,182,203,-5.098039215686274,debris_rock
50,183,176,-7.745098039215687,mixed_snow_ice
50,184,142,-11.07843137254902,clean_glacier_ice
50,185,168,-8.529411764705884,mixed_snow_ice
50,186,145,-10.784313725490197,clean_glacier_ice
50,187,158,-9.509803921568627,clean_glacier_ice
50,188,165,-8.823529411764707,clean_glacier_ice
50,189,168,-8.529411764705884,mixed_snow_ice
50,190,146,-10.686274509803923,clean_glacier_ice
50,191,168,-8.529411764705884,mixed_snow_ice
50,192,144,-10.882352941176471,clean_glacier_ice
50,193,146,-10.686274509803923,clean_glacier_ice
50,194,160,-9.313725490196079,clean_glacier_ice
50,195,176,-7.745098039215687,mixed_snow_ice
50,196,152,-10.098039215686274,clean_glacier_ice
50,197,182,-7.156862745098039,mixed_snow_ice
50,198,180,-7.352941176470587,mixed_snow_ice
50,199,176,-7.745098039215687,mixed_snow_ice
50,200,189,-6.470588235294116,debris_rock
50,201,206,-4.803921568627452,debris_rock
50,202,187,-6.666666666666668,debris_rock
50,203,175,-7.843137254901961,mixed_snow_ice
50,204,200,-5.392156862745097,debris_rock
50,205,150,-10.294117647058822,clean_glacier_ice
50,206,158,-9.509803921568627,clean_glacier_ice
50,207,155,-9.803921568627452,clean_glacier_ice
50,208,170,-8.333333333333336,mixed_snow_ice
50,209,188,-6.56862745098039,debris_rock
50,210,178,-7.549019607843139,mixed_snow_ice
50,211,193,-6.078431372549019,debris_rock
50,212,185,-6.862745098039216,mixed_snow_ice
50,213,183,-7.0588235294117645,mixed_snow_ice
50,214,174,-7.9411764705882355,mixed_snow_ice
50,215,201,-5.2941176470588225,debris_rock
50,216,186,-6.764705882352942,debris_rock
50,217,168,-8.529411764705884,mixed_snow_ice
50,218,184,-6.96078431372549,mixed_snow_ice
50,219,183,-7.0588235294117645,mixed_snow_ice
50,220,178,-7.549019607843139,mixed_snow_ice
50,221,207,-4.7058823529411775,debris_rock
50,222,193,-6.078431372549019,debris_rock
51,0,193,-6.078431372549019,debris_rock
51,1,172,-8.137254901960784,mixed_snow_ice
51,2,173,-8.03921568627451,mixed_snow_ice
51,3,175,-7.843137254901961,mixed_snow_ice
51,4,174,-7.9411764705882355,mixed_snow_ice
51,5,151,-10.196078431372548,clean_glacier_ice
51,6,219,-3.529411764705884,debris_rock
51,7,160,-9.313725490196079,clean_glacier_ice
51,8,126,-12.647058823529411,regular_glacier_ice
51,9,181,-7.254901960784313,mixed_snow_ice
51,10,188,-6.56862745098039,debris_rock
51,11,159,-9.411764705882353,clean_glacier_ice
51,12,211,-4.313725490196081,debris_rock
51,13,247,-0.7843137254901968,debris_rock
51,14,187,-6.666666666666668,debris_rock
51,15,151,-10.196078431372548,clean_glacier_ice
51,16,157,-9.607843137254902,clean_glacier_ice
51,17,178,-7.549019607843139,mixed_snow_ice
51,18,160,-9.313725490196079,clean_glacier_ice
51,19,145,-10.784313725490197,clean_glacier_ice
51,20,164,-8.92156862745098,clean_glacier_ice
51,21,162,-9.11764705882353,clean_glacier_ice
51,22,163,-9.019607843137257,clean_glacier_ice
51,23,180,-7.352941176470587,mixed_snow_ice
51,24,168,-8.529411764705884,mixed_snow_ice
51,25,171,-8.235294117647062,mixed_snow_ice
51,26,151,-10.196078431372548,clean_glacier_ice
51,27,189,-6.470588235294116,debris_rock
51,28,179,-7.450980392156865,mixed_snow_ice
51,29,179,-7.450980392156865,mixed_snow_ice
51,30,149,-10.392156862745097,clean_glacier_ice
51,31,143,-10.980392156862745,clean_glacier_ice
51,32,84,-16.764705882352942,deep_glacier_ice
51,33,126,-12.647058823529411,regular_glacier_ice
51,34,149,-10.392156862745097,clean_glacier_ice
51,35,168,-8.529411764705884,mixed_snow_ice
51,36,172,-8.137254901960784,mixed_snow_ice
51,37,225,-2.9411764705882355,debris_rock
51,38,217,-3.7254901960784323,debris_rock
51,39,167,-8.627450980392158,mixed_snow_ice
51,40,154,-9.901960784313726,clean_glacier_ice
51,41,181,-7.254901960784313,mixed_snow_ice
51,42,189,-6.470588235294116,debris_rock
51,43,136,-11.666666666666666,clean_glacier_ice
51,44,130,-12.254901960784315,clean_glacier_ice
51,45,95,-15.686274509803921,regular_glacier_ice
51,46,88,-16.372549019607845,regular_glacier_ice
51,47,98,-15.392156862745097,regular_glacier_ice
51,48,74,-17.745098039215684,deep_glacier_ice
51,49,84,-16.764705882352942,deep_glacier_ice
51,54,154,-9.901960784313726,clean_glacier_ice
51,55,86,-16.568627450980394,deep_glacier_ice
51,56,70,-18.137254901960784,deep_glacier_ice
51,57,49,-20.19607843137255,deep_glacier_ice
51,58,75,-17.647058823529413,deep_glacier_ice
51,59,159,-9.411764705882353,clean_glacier_ice
51,60,233,-2.1568627450980387,debris_rock
51,61,228,-2.6470588235294095,debris_rock
51,62,203,-5.098039215686274,debris_rock
51,63,213,-4.117647058823529,debris_rock
51,64,217,-3.7254901960784323,debris_rock
51,65,122,-13.03921568627451,regular_glacier_ice
51,66,117,-13.529411764705882,regular_glacier_ice
51,67,128,-12.450980392156863,regular_glacier_ice
51,68,177,-7.647058823529413,mixed_snow_ice
51,69,178,-7.549019607843139,mixed_snow_ice
51,70,158,-9.509803921568627,clean_glacier_ice
51,71,163,-9.019607843137257,clean_glacier_ice
51,72,169,-8.43137254901961,mixed_snow_ice
51,73,174,-7.9411764705882355,mixed_snow_ice
51,74,196,-5.784313725490193,debris_rock
51,75,170,-8.333333333333336,mixed_snow_ice
51,76,174,-7.9411764705882355,mixed_snow_ice
51,77,155,-9.803921568627452,clean_glacier_ice
51,78,169,-8.43137254901961,mixed_snow_ice
51,79,159,-9.411764705882353,clean_glacier_ice
51,80,133,-11.960784313725489,clean_glacier_ice
51,81,134,-11.862745098039214,clean_glacier_ice
51,82,168,-8.529411764705884,mixed_snow_ice
51,83,143,-10.980392156862745,clean_glacier_ice
51,84,162,-9.11764705882353,clean_glacier_ice
51,85,150,-10.294117647058822,clean_glacier_ice
51,86,130,-12.254901960784315,clean_glacier_ice
51,87,132,-12.058823529411763,clean_glacier_ice
51,88,134,-11.862745098039214,clean_glacier_ice
51,89,193,-6.078431372549019,debris_rock
51,90,185,-6.862745098039216,mixed_snow_ice
51,91,127,-12.549019607843137,regular_glacier_ice
51,92,131,-12.15686274509804,clean_glacier_ice
51,93,156,-9.705882352941176,clean_glacier_ice
51,94,170,-8.333333333333336,mixed_snow_ice
51,95,180,-7.352941176470587,mixed_snow_ice
51,96,160,-9.313725490196079,clean_glacier_ice
51,97,185,-6.862745098039216,mixed_snow_ice
51,98,193,-6.078431372549019,debris_rock
51,99,206,-4.803921568627452,debris_rock
51,100,209,-4.509803921568629,debris_rock
51,101,229,-2.5490196078431353,debris_rock
51,102,201,-5.2941176470588225,debris_rock
51,103,171,-8.235294117647062,mixed_snow_ice
51,104,175,-7.843137254901961,mixed_snow_ice
51,105,173,-8.03921568627451,mixed_snow_ice
51,106,169,-8.43137254901961,mixed_snow_ice
51,107,191,-6.274509803921568,debris_rock
51,108,159,-9.411764705882353,clean_glacier_ice
51,109,209,-4.509803921568629,debris_rock
51,110,200,-5.392156862745097,debris_rock
51,111,211,-4.313725490196081,debris_rock
51,112,216,-3.8235294117647065,debris_rock
51,113,206,-4.803921568627452,debris_rock
51,114,237,-1.764705882352942,debris_rock
51,115,190,-6.372549019607842,debris_rock
51,116,217,-3.7254901960784323,debris_rock
51,117,191,-6.274509803921568,debris_rock
51,118,206,-4.803921568627452,debris_rock
51,119,168,-8.529411764705884,mixed_snow_ice
51,120,208,-4.607843137254903,debris_rock
51,121,186,-6.764705882352942,debris_rock
51,122,212,-4.215686274509803,debris_rock
51,123,180,-7.352941176470587,mixed_snow_ice
51,124,180,-7.352941176470587,mixed_snow_ice
51,125,170,-8.333333333333336,mixed_snow_ice
51,126,166,-8.725490196078432,mixed_snow_ice
51,127,171,-8.235294117647062,mixed_snow_ice
51,128,152,-10.098039215686274,clean_glacier_ice
51,129,193,-6.078431372549019,debris_rock
51,130,160,-9.313725490196079,clean_glacier_ice
51,131,133,-11.960784313725489,clean_glacier_ice
51,132,133,-11.960784313725489,clean_glacier_ice
51,133,169,-8.43137254901961,mixed_snow_ice
51,134,158,-9.509803921568627,clean_glacier_ice
51,135,176,-7.745098039215687,mixed_snow_ice
51,136,167,-8.627450980392158,mixed_snow_ice
51,137,158,-9.509803921568627,clean_glacier_ice
51,138,178,-7.549019607843139,mixed_snow_ice
51,139,156,-9.705882352941176,clean_glacier_ice
51,140,192,-6.1764705882352935,debris_rock
51,141,188,-6.56862745098039,debris_rock
51,142,208,-4.607843137254903,debris_rock
51,143,207,-4.7058823529411775,debris_rock
51,144,204,-5.0,debris_rock
51,145,184,-6.96078431372549,mixed_snow_ice
51,146,166,-8.725490196078432,mixed_snow_ice
51,147,152,-10.098039215686274,clean_glacier_ice
51,148,188,-6.56862745098039,debris_rock
51,149,191,-6.274509803921568,debris_rock
51,150,183,-7.0588235294117645,mixed_snow_ice
51,151,174,-7.9411764705882355,mixed_snow_ice
51,152,189,-6.470588235294116,debris_rock
51,153,178,-7.549019607843139,mixed_snow_ice
51,154,201,-5.2941176470588225,debris_rock
51,155,184,-6.96078431372549,mixed_snow_ice
51,156,167,-8.627450980392158,mixed_snow_ice
51,157,193,-6.078431372549019,debris_rock
51,158,185,-6.862745098039216,mixed_snow_ice
51,159,191,-6.274509803921568,debris_rock
51,160,170,-8.333333333333336,mixed_snow_ice
51,161,194,-5.980392156862745,debris_rock
51,162,196,-5.784313725490193,debris_rock
51,163,204,-5.0,debris_rock
51,164,189,-6.470588235294116,debris_rock
51,165,180,-7.352941176470587,mixed_snow_ice
51,166,181,-7.254901960784313,mixed_snow_ice
51,167,176,-7.745098039215687,mixed_snow_ice
51,168,164,-8.92156862745098,clean_glacier_ice
51,169,207,-4.7058823529411775,debris_rock
51,170,178,-7.549019607843139,mixed_snow_ice
51,171,180,-7.352941176470587,mixed_snow_ice
51,172,114,-13.823529411764705,regular_glacier_ice
51,173,206,-4.803921568627452,debris_rock
51,174,174,-7.9411764705882355,mixed_snow_ice
51,175,159,-9.411764705882353,clean_glacier_ice
51,176,194,-5.980392156862745,debris_rock
51,177,200,-5.392156862745097,debris_rock
51,178,255,0.0,debris_rock
51,179,238,-1.6666666666666679,debris_rock
51,180,215,-3.9215686274509807,debris_rock
51,181,220,-3.4313725490196063,debris_rock
51,182,172,-8.137254901960784,mixed_snow_ice
51,183,86,-16.568627450980394,deep_glacier_ice
51,184,153,-10.0,clean_glacier_ice
51,185,152,-10.098039215686274,clean_glacier_ice
51,186,125,-12.745098039215687,regular_glacier_ice
51,187,142,-11.07843137254902,clean_glacier_ice
51,188,153,-10.0,clean_glacier_ice
51,189,157,-9.607843137254902,clean_glacier_ice
51,190,158,-9.509803921568627,clean_glacier_ice
51,191,136,-11.666666666666666,clean_glacier_ice
51,192,137,-11.568627450980392,clean_glacier_ice
51,193,161,-9.215686274509805,clean_glacier_ice
51,194,136,-11.666666666666666,clean_glacier_ice
51,195,127,-12.549019607843137,regular_glacier_ice
51,196,122,-13.03921568627451,regular_glacier_ice
51,197,120,-13.23529411764706,regular_glacier_ice
51,198,131,-12.15686274509804,clean_glacier_ice
51,199,162,-9.11764705882353,clean_glacier_ice
51,200,177,-7.647058823529413,mixed_snow_ice
51,201,158,-9.509803921568627,clean_glacier_ice
51,202,192,-6.1764705882352935,debris_rock
51,203,194,-5.980392156862745,debris_rock
51,204,197,-5.686274509803919,debris_rock
51,205,155,-9.803921568627452,clean_glacier_ice
51,206,147,-10.588235294117649,clean_glacier_ice
51,207,125,-12.745098039215687,regular_glacier_ice
51,208,112,-14.019607843137255,regular_glacier_ice
51,209,142,-11.07843137254902,clean_glacier_ice
51,210,85,-16.666666666666668,deep_glacier_ice
51,211,65,-18.627450980392158,deep_glacier_ice
51,212,107,-14.509803921568627,regular_glacier_ice
51,213,112,-14.019607843137255,regular_glacier_ice
51,217,136,-11.666666666666666,clean_glacier_ice
51,218,139,-11.372549019607844,clean_glacier_ice
51,219,152,-10.098039215686274,clean_glacier_ice
51,220,81,-17.058823529411764,deep_glacier_ice
51,221,25,-22.549019607843135,very_deep_glacier_ice
52,0,54,-19.705882352941178,deep_glacier_ice
52,1,126,-12.647058823529411,regular_glacier_ice
52,2,222,-3.235294117647058,debris_rock
52,3,238,-1.6666666666666679,debris_rock
52,4,206,-4.803921568627452,debris_rock
52,5,151,-10.196078431372548,clean_glacier_ice
52,6,176,-7.745098039215687,mixed_snow_ice
52,7,202,-5.196078431372548,debris_rock
52,8,100,-15.196078431372548,regular_glacier_ice
52,9,163,-9.019607843137257,clean_glacier_ice
52,10,177,-7.647058823529413,mixed_snow_ice
52,11,159,-9.411764705882353,clean_glacier_ice
52,12,175,-7.843137254901961,mixed_snow_ice
52,13,181,-7.254901960784313,mixed_snow_ice
52,14,191,-6.274509803921568,debris_rock
52,15,177,-7.647058823529413,mixed_snow_ice
52,16,191,-6.274509803921568,debris_rock
52,17,162,-9.11764705882353,clean_glacier_ice
52,18,181,-7.254901960784313,mixed_snow_ice
52,19,165,-8.823529411764707,clean_glacier_ice
52,20,148,-10.49019607843137,clean_glacier_ice
52,21,142,-11.07843137254902,clean_glacier_ice
52,22,115,-13.72549019607843,regular_glacier_ice
52,23,150,-10.294117647058822,clean_glacier_ice
52,24,113,-13.92156862745098,regular_glacier_ice
52,25,147,-10.588235294117649,clean_glacier_ice
52,26,175,-7.843137254901961,mixed_snow_ice
52,27,159,-9.411764705882353,clean_glacier_ice
52,28,162,-9.11764705882353,clean_glacier_ice
52,29,169,-8.43137254901961,mixed_snow_ice
52,30,165,-8.823529411764707,clean_glacier_ice
52,31,171,-8.235294117647062,mixed_snow_ice
52,32,168,-8.529411764705884,mixed_snow_ice
52,33,210,-4.411764705882355,debris_rock
52,34,175,-7.843137254901961,mixed_snow_ice
52,35,174,-7.9411764705882355,mixed_snow_ice
52,36,204,-5.0,debris_rock
52,37,192,-6.1764705882352935,debris_rock
52,38,204,-5.0,debris_rock
52,39,178,-7.549019607843139,mixed_snow_ice
52,40,179,-7.450980392156865,mixed_snow_ice
52,41,193,-6.078431372549019,debris_rock
52,42,203,-5.098039215686274,debris_rock
52,43,197,-5.686274509803919,debris_rock
52,44,173,-8.03921568627451,mixed_snow_ice
52,45,165,-8.823529411764707,clean_glacier_ice
52,46,175,-7.843137254901961,mixed_snow_ice
52,47,178,-7.549019607843139,mixed_snow_ice
52,48,172,-8.137254901960784,mixed_snow_ice
52,49,200,-5.392156862745097,debris_rock
52,50,164,-8.92156862745098,clean_glacier_ice
52,51,192,-6.1764705882352935,debris_rock
52,52,191,-6.274509803921568,debris_rock
52,53,201,-5.2941176470588225,debris_rock
52,54,194,-5.980392156862745,debris_rock
52,55,205,-4.901960784313726,debris_rock
52,56,209,-4.509803921568629,debris_rock
52,57,192,-6.1764705882352935,debris_rock
52,58,199,-5.490196078431371,debris_rock
52,59,189,-6.470588235294116,debris_rock
52,60,180,-7.352941176470587,mixed_snow_ice
52,61,180,-7.352941176470587,mixed_snow_ice
52,62,191,-6.274509803921568,debris_rock
52,63,187,-6.666666666666668,debris_rock
52,64,191,-6.274509803921568,debris_rock
52,65,203,-5.098039215686274,debris_rock
52,66,223,-3.137254901960784,debris_rock
52,67,159,-9.411764705882353,clean_glacier_ice
52,68,185,-6.862745098039216,mixed_snow_ice
52,69,164,-8.92156862745098,clean_glacier_ice
52,70,127,-12.549019607843137,regular_glacier_ice
52,71,180,-7.352941176470587,mixed_snow_ice
52,72,160,-9.313725490196079,clean_glacier_ice
52,73,163,-9.019607843137257,clean_glacier_ice
52,74,148,-10.49019607843137,clean_glacier_ice
52,75,166,-8.725490196078432,mixed_snow_ice
52,76,147,-10.588235294117649,clean_glacier_ice
52,77,156,-9.705882352941176,clean_glacier_ice
52,78,154,-9.901960784313726,clean_glacier_ice
52,79,169,-8.43137254901961,mixed_snow_ice
52,80,188,-6.56862745098039,debris_rock
52,81,181,-7.254901960784313,mixed_snow_ice
52,82,154,-9.901960784313726,clean_glacier_ice
52,83,157,-9.607843137254902,clean_glacier_ice
52,84,192,-6.1764705882352935,debris_rock
52,85,177,-7.647058823529413,mixed_snow_ice
52,86,181,-7.254901960784313,mixed_snow_ice
52,87,160,-9.313725490196079,clean_glacier_ice
52,88,161,-9.215686274509805,clean_glacier_ice
52,89,149,-10.392156862745097,clean_glacier_ice
52,90,188,-6.56862745098039,debris_rock
52,91,178,-7.549019607843139,mixed_snow_ice
52,92,174,-7.9411764705882355,mixed_snow_ice
52,93,185,-6.862745098039216,mixed_snow_ice
52,94,187,-6.666666666666668,debris_rock
52,95,158,-9.509803921568627,clean_glacier_ice
52,96,186,-6.764705882352942,debris_rock
52,97,185,-6.862745098039216,mixed_snow_ice
52,98,159,-9.411764705882353,clean_glacier_ice
52,99,176,-7.745098039215687,mixed_snow_ice
52,100,177,-7.647058823529413,mixed_snow_ice
52,101,199,-5.490196078431371,debris_rock
52,102,184,-6.96078431372549,mixed_snow_ice
52,103,188,-6.56862745098039,debris_rock
52,104,178,-7.549019607843139,mixed_snow_ice
52,105,190,-6.372549019607842,debris_rock
52,106,160,-9.313725490196079,clean_glacier_ice
52,107,210,-4.411764705882355,debris_rock
52,108,164,-8.92156862745098,clean_glacier_ice
52,109,184,-6.96078431372549,mixed_snow_ice
52,110,176,-7.745098039215687,mixed_snow_ice
52,111,214,-4.019607843137255,debris_rock
52,112,167,-8.627450980392158,mixed_snow_ice
52,113,119,-13.333333333333334,regular_glacier_ice
52,114,207,-4.7058823529411775,debris_rock
52,115,222,-3.235294117647058,debris_rock
52,116,132,-12.058823529411763,clean_glacier_ice
52,117,134,-11.862745098039214,clean_glacier_ice
52,118,223,-3.137254901960784,debris_rock
52,119,190,-6.372549019607842,debris_rock
52,120,165,-8.823529411764707,clean_glacier_ice
52,121,175,-7.843137254901961,mixed_snow_ice
52,122,212,-4.215686274509803,debris_rock
52,123,255,0.0,debris_rock
52,124,232,-2.254901960784313,debris_rock
52,125,177,-7.647058823529413,mixed_snow_ice
52,126,157,-9.607843137254902,clean_glacier_ice
52,127,149,-10.392156862745097,clean_glacier_ice
52,128,132,-12.058823529411763,clean_glacier_ice
52,129,151,-10.196078431372548,clean_glacier_ice
52,130,163,-9.019607843137257,clean_glacier_ice
52,131,164,-8.92156862745098,clean_glacier_ice
52,132,170,-8.333333333333336,mixed_snow_ice
52,133,157,-9.607843137254902,clean_glacier_ice
52,134,135,-11.76470588235294,clean_glacier_ice
52,135,141,-11.176470588235293,clean_glacier_ice
52,136,138,-11.470588235294118,clean_glacier_ice
52,137,130,-12.254901960784315,clean_glacier_ice
52,138,132,-12.058823529411763,clean_glacier_ice
52,139,148,-10.49019607843137,clean_glacier_ice
52,140,144,-10.882352941176471,clean_glacier_ice
52,141,175,-7.843137254901961,mixed_snow_ice
52,142,181,-7.254901960784313,mixed_snow_ice
52,143,173,-8.03921568627451,mixed_snow_ice
52,144,188,-6.56862745098039,debris_rock
52,145,212,-4.215686274509803,debris_rock
52,146,208,-4.607843137254903,debris_rock
52,147,155,-9.803921568627452,clean_glacier_ice
52,148,176,-7.745098039215687,mixed_snow_ice
52,149,164,-8.92156862745098,clean_glacier_ice
52,150,159,-9.411764705882353,clean_glacier_ice
52,151,164,-8.92156862745098,clean_glacier_ice
52,152,109,-14.313725490196079,regular_glacier_ice
52,153,101,-15.098039215686274,regular_glacier_ice
52,154,143,-10.980392156862745,clean_glacier_ice
52,155,94,-15.784313725490195,regular_glacier_ice
52,156,92,-15.980392156862745,regular_glacier_ice
52,159,92,-15.980392156862745,regular_glacier_ice
52,160,90,-16.176470588235293,regular_glacier_ice
52,161,93,-15.882352941176471,regular_glacier_ice
52,162,82,-16.96078431372549,deep_glacier_ice
52,163,59,-19.215686274509803,deep_glacier_ice
52,164,11,-23.92156862745098,very_deep_glacier_ice
52,165,40,-21.07843137254902,very_deep_glacier_ice
52,166,98,-15.392156862745097,regular_glacier_ice
52,167,185,-6.862745098039216,mixed_snow_ice
52,168,206,-4.803921568627452,debris_rock
52,169,216,-3.8235294117647065,debris_rock
52,170,206,-4.803921568627452,debris_rock
52,171,170,-8.333333333333336,mixed_snow_ice
52,172,224,-3.0392156862745097,debris_rock
52,173,159,-9.411764705882353,clean_glacier_ice
52,174,161,-9.215686274509805,clean_glacier_ice
52,175,166,-8.725490196078432,mixed_snow_ice
52,176,125,-12.745098039215687,regular_glacier_ice
52,177,164,-8.92156862745098,clean_glacier_ice
52,178,156,-9.705882352941176,clean_glacier_ice
52,179,163,-9.019607843137257,clean_glacier_ice
52,180,194,-5.980392156862745,debris_rock
52,181,157,-9.607843137254902,clean_glacier_ice
52,182,154,-9.901960784313726,clean_glacier_ice
52,183,185,-6.862745098039216,mixed_snow_ice
52,184,190,-6.372549019607842,debris_rock
52,185,188,-6.56862745098039,debris_rock
52,186,203,-5.098039215686274,debris_rock
52,187,186,-6.764705882352942,debris_rock
52,188,174,-7.9411764705882355,mixed_snow_ice
52,189,174,-7.9411764705882355,mixed_snow_ice
52,190,190,-6.372549019607842,debris_rock
52,191,168,-8.529411764705884,mixed_snow_ice
52,192,164,-8.92156862745098,clean_glacier_ice
52,193,192,-6.1764705882352935,debris_rock
52,194,172,-8.137254901960784,mixed_snow_ice
52,195,171,-8.235294117647062,mixed_snow_ice
52,196,163,-9.019607843137257,clean_glacier_ice
52,197,179,-7.450980392156865,mixed_snow_ice
52,198,192,-6.1764705882352935,debris_rock
52,199,168,-8.529411764705884,mixed_snow_ice
52,200,218,-3.627450980392158,debris_rock
52,201,210,-4.411764705882355,debris_rock
52,202,177,-7.647058823529413,mixed_snow_ice
52,203,204,-5.0,debris_rock
52,204,176,-7.745098039215687,mixed_snow_ice
52,205,202,-5.196078431372548,debris_rock
52,206,192,-6.1764705882352935,debris_rock
52,207,199,-5.490196078431371,debris_rock
52,208,178,-7.549019607843139,mixed_snow_ice
52,209,184,-6.96078431372549,mixed_snow_ice
52,210,174,-7.9411764705882355,mixed_snow_ice
52,211,174,-7.9411764705882355,mixed_snow_ice
52,212,197,-5.686274509803919,debris_rock
52,213,192,-6.1764705882352935,debris_rock
52,214,192,-6.1764705882352935,debris_rock
52,215,186,-6.764705882352942,debris_rock
52,216,171,-8.235294117647062,mixed_snow_ice
52,217,180,-7.352941176470587,mixed_snow_ice
52,218,208,-4.607843137254903,debris_rock
52,219,199,-5.490196078431371,debris_rock
52,220,225,-2.9411764705882355,debris_rock
52,221,183,-7.0588235294117645,mixed_snow_ice
52,222,213,-4.117647058823529,debris_rock
53,0,218,-3.627450980392158,debris_rock
53,1,164,-8.92156862745098,clean_glacier_ice
53,2,218,-3.627450980392158,debris_rock
53,3,215,-3.9215686274509807,debris_rock
53,4,185,-6.862745098039216,mixed_snow_ice
53,5,194,-5.980392156862745,debris_rock
53,6,196,-5.784313725490193,debris_rock
53,7,184,-6.96078431372549,mixed_snow_ice
53,8,202,-5.196078431372548,debris_rock
53,9,174,-7.9411764705882355,mixed_snow_ice
53,10,189,-6.470588235294116,debris_rock
53,11,211,-4.313725490196081,debris_rock
53,12,176,-7.745098039215687,mixed_snow_ice
53,13,175,-7.843137254901961,mixed_snow_ice
53,14,197,-5.686274509803919,debris_rock
53,15,184,-6.96078431372549,mixed_snow_ice
53,16,172,-8.137254901960784,mixed_snow_ice
53,17,193,-6.078431372549019,debris_rock
53,18,154,-9.901960784313726,clean_glacier_ice
53,19,148,-10.49019607843137,clean_glacier_ice
53,20,188,-6.56862745098039,debris_rock
53,21,188,-6.56862745098039,debris_rock
53,22,143,-10.980392156862745,clean_glacier_ice
53,23,160,-9.313725490196079,clean_glacier_ice
53,24,182,-7.156862745098039,mixed_snow_ice
53,25,168,-8.529411764705884,mixed_snow_ice
53,26,171,-8.235294117647062,mixed_snow_ice
53,27,137,-11.568627450980392,clean_glacier_ice
53,28,165,-8.823529411764707,clean_glacier_ice
53,29,157,-9.607843137254902,clean_glacier_ice
53,30,122,-13.03921568627451,regular_glacier_ice
53,31,150,-10.294117647058822,clean_glacier_ice
53,32,175,-7.843137254901961,mixed_snow_ice
53,33,200,-5.392156862745097,debris_rock
53,34,211,-4.313725490196081,debris_rock
53,35,199,-5.490196078431371,debris_rock
53,36,195,-5.882352941176471,debris_rock
53,37,183,-7.0588235294117645,mixed_snow_ice
53,38,164,-8.92156862745098,clean_glacier_ice
53,39,179,-7.450980392156865,mixed_snow_ice
53,40,177,-7.647058823529413,mixed_snow_ice
53,41,168,-8.529411764705884,mixed_snow_ice
53,42,185,-6.862745098039216,mixed_snow_ice
53,43,159,-9.411764705882353,clean_glacier_ice
53,44,178,-7.549019607843139,mixed_snow_ice
53,45,182,-7.156862745098039,mixed_snow_ice
53,46,188,-6.56862745098039,debris_rock
53,47,156,-9.705882352941176,clean_glacier_ice
53,48,174,-7.9411764705882355,mixed_snow_ice
53,49,196,-5.784313725490193,debris_rock
53,50,172,-8.137254901960784,mixed_snow_ice
53,51,170,-8.333333333333336,mixed_snow_ice
53,52,174,-7.9411764705882355,mixed_snow_ice
53,53,210,-4.411764705882355,debris_rock
53,54,140,-11.274509803921568,clean_glacier_ice
53,55,123,-12.941176470588236,regular_glacier_ice
53,56,245,-0.9803921568627452,debris_rock
53,57,210,-4.411764705882355,debris_rock
53,58,194,-5.980392156862745,debris_rock
53,59,127,-12.549019607843137,regular_glacier_ice
53,60,169,-8.43137254901961,mixed_snow_ice
53,61,142,-11.07843137254902,clean_glacier_ice
53,62,165,-8.823529411764707,clean_glacier_ice
53,63,200,-5.392156862745097,debris_rock
53,64,229,-2.5490196078431353,debris_rock
53,65,178,-7.549019607843139,mixed_snow_ice
53,66,170,-8.333333333333336,mixed_snow_ice
53,67,174,-7.9411764705882355,mixed_snow_ice
53,68,171,-8.235294117647062,mixed_snow_ice
53,69,178,-7.549019607843139,mixed_snow_ice
53,70,152,-10.098039215686274,clean_glacier_ice
53,71,175,-7.843137254901961,mixed_snow_ice
53,72,151,-10.196078431372548,clean_glacier_ice
53,73,148,-10.49019607843137,clean_glacier_ice
53,74,182,-7.156862745098039,mixed_snow_ice
53,75,171,-8.235294117647062,mixed_snow_ice
53,76,138,-11.470588235294118,clean_glacier_ice
53,77,118,-13.431372549019608,regular_glacier_ice
53,78,141,-11.176470588235293,clean_glacier_ice
53,79,143,-10.980392156862745,clean_glacier_ice
53,80,131,-12.15686274509804,clean_glacier_ice
53,81,163,-9.019607843137257,clean_glacier_ice
53,82,171,-8.235294117647062,mixed_snow_ice
53,83,171,-8.235294117647062,mixed_snow_ice
53,84,171,-8.235294117647062,mixed_snow_ice
53,85,160,-9.313725490196079,clean_glacier_ice
53,86,185,-6.862745098039216,mixed_snow_ice
53,87,209,-4.509803921568629,debris_rock
53,88,220,-3.4313725490196063,debris_rock
53,89,187,-6.666666666666668,debris_rock
53,90,164,-8.92156862745098,clean_glacier_ice
53,91,168,-8.529411764705884,mixed_snow_ice
53,92,159,-9.411764705882353,clean_glacier_ice
53,93,183,-7.0588235294117645,mixed_snow_ice
53,94,116,-13.627450980392156,regular_glacier_ice
53,95,158,-9.509803921568627,clean_glacier_ice
53,96,149,-10.392156862745097,clean_glacier_ice
53,97,82,-16.96078431372549,deep_glacier_ice
53,101,32,-21.862745098039216,very_deep_glacier_ice
53,102,123,-12.941176470588236,regular_glacier_ice
53,103,142,-11.07843137254902,clean_glacier_ice
53,104,88,-16.372549019607845,regular_glacier_ice
53,105,45,-20.588235294117645,deep_glacier_ice
53,106,14,-23.627450980392158,very_deep_glacier_ice
53,107,24,-22.647058823529413,very_deep_glacier_ice
53,108,75,-17.647058823529413,deep_glacier_ice
53,109,142,-11.07843137254902,clean_glacier_ice
53,110,215,-3.9215686274509807,debris_rock
53,111,218,-3.627450980392158,debris_rock
53,112,185,-6.862745098039216,mixed_snow_ice
53,113,197,-5.686274509803919,debris_rock
53,114,255,0.0,debris_rock
53,115,174,-7.9411764705882355,mixed_snow_ice
53,116,135,-11.76470588235294,clean_glacier_ice
53,117,247,-0.7843137254901968,debris_rock
53,118,148,-10.49019607843137,clean_glacier_ice
53,119,147,-10.588235294117649,clean_glacier_ice
53,120,152,-10.098039215686274,clean_glacier_ice
53,121,164,-8.92156862745098,clean_glacier_ice
53,122,180,-7.352941176470587,mixed_snow_ice
53,123,128,-12.450980392156863,regular_glacier_ice
53,124,173,-8.03921568627451,mixed_snow_ice
53,125,206,-4.803921568627452,debris_rock
53,126,186,-6.764705882352942,debris_rock
53,127,194,-5.980392156862745,debris_rock
53,128,188,-6.56862745098039,debris_rock
53,129,204,-5.0,debris_rock
53,130,207,-4.7058823529411775,debris_rock
53,131,194,-5.980392156862745,debris_rock
53,132,205,-4.901960784313726,debris_rock
53,133,186,-6.764705882352942,debris_rock
53,134,181,-7.254901960784313,mixed_snow_ice
53,135,148,-10.49019607843137,clean_glacier_ice
53,136,170,-8.333333333333336,mixed_snow_ice
53,137,135,-11.76470588235294,clean_glacier_ice
53,138,158,-9.509803921568627,clean_glacier_ice
53,139,177,-7.647058823529413,mixed_snow_ice
53,140,192,-6.1764705882352935,debris_rock
53,141,199,-5.490196078431371,debris_rock
53,142,200,-5.392156862745097,debris_rock
53,143,184,-6.96078431372549,mixed_snow_ice
53,144,168,-8.529411764705884,mixed_snow_ice
53,145,203,-5.098039215686274,debris_rock
53,146,171,-8.235294117647062,mixed_snow_ice
53,147,195,-5.882352941176471,debris_rock
53,148,198,-5.588235294117645,debris_rock
53,149,184,-6.96078431372549,mixed_snow_ice
53,150,193,-6.078431372549019,debris_rock
53,151,198,-5.588235294117645,debris_rock
53,152,188,-6.56862745098039,debris_rock
53,153,203,-5.098039215686274,debris_rock
53,154,203,-5.098039215686274,debris_rock
53,155,190,-6.372549019607842,debris_rock
53,156,191,-6.274509803921568,debris_rock
53,157,184,-6.96078431372549,mixed_snow_ice
53,158,196,-5.784313725490193,debris_rock
53,159,177,-7.647058823529413,mixed_snow_ice
53,160,178,-7.549019607843139,mixed_snow_ice
53,161,192,-6.1764705882352935,debris_rock
53,162,209,-4.509803921568629,debris_rock
53,163,198,-5.588235294117645,debris_rock
53,164,177,-7.647058823529413,mixed_snow_ice
53,165,208,-4.607843137254903,debris_rock
53,166,187,-6.666666666666668,debris_rock
53,167,212,-4.215686274509803,debris_rock
53,168,197,-5.686274509803919,debris_rock
53,169,193,-6.078431372549019,debris_rock
53,170,190,-6.372549019607842,debris_rock
53,171,201,-5.2941176470588225,debris_rock
53,172,192,-6.1764705882352935,debris_rock
53,173,197,-5.686274509803919,debris_rock
53,174,188,-6.56862745098039,debris_rock
53,175,190,-6.372549019607842,debris_rock
53,176,197,-5.686274509803919,debris_rock
53,177,178,-7.549019607843139,mixed_snow_ice
53,178,201,-5.2941176470588225,debris_rock
53,179,152,-10.098039215686274,clean_glacier_ice
53,180,188,-6.56862745098039,debris_rock
53,181,179,-7.450980392156865,mixed_snow_ice
53,182,161,-9.215686274509805,clean_glacier_ice
53,183,171,-8.235294117647062,mixed_snow_ice
53,184,183,-7.0588235294117645,mixed_snow_ice
53,185,173,-8.03921568627451,mixed_snow_ice
53,186,177,-7.647058823529413,mixed_snow_ice
53,187,179,-7.450980392156865,mixed_snow_ice
53,188,142,-11.07843137254902,clean_glacier_ice
53,189,173,-8.03921568627451,mixed_snow_ice
53,190,137,-11.568627450980392,clean_glacier_ice
53,191,210,-4.411764705882355,debris_rock
53,192,173,-8.03921568627451,mixed_snow_ice
53,193,125,-12.745098039215687,regular_glacier_ice
53,194,154,-9.901960784313726,clean_glacier_ice
53,195,141,-11.176470588235293,clean_glacier_ice
53,196,167,-8.627450980392158,mixed_snow_ice
53,197,195,-5.882352941176471,debris_rock
53,198,191,-6.274509803921568,debris_rock
53,199,185,-6.862745098039216,mixed_snow_ice
53,200,175,-7.843137254901961,mixed_snow_ice
53,201,187,-6.666666666666668,debris_rock
53,202,154,-9.901960784313726,clean_glacier_ice
53,203,175,-7.843137254901961,mixed_snow_ice
53,204,156,-9.705882352941176,clean_glacier_ice
53,205,170,-8.333333333333336,mixed_snow_ice
53,206,185,-6.862745098039216,mixed_snow_ice
53,207,212,-4.215686274509803,debris_rock
53,208,182,-7.156862745098039,mixed_snow_ice
53,209,165,-8.823529411764707,clean_glacier_ice
53,210,175,-7.843137254901961,mixed_snow_ice
53,211,191,-6.274509803921568,debris_rock
53,212,204,-5.0,debris_rock
53,213,208,-4.607843137254903,debris_rock
53,214,193,-6.078431372549019,debris_rock
53,215,221,-3.333333333333332,debris_rock
53,216,185,-6.862745098039216,mixed_snow_ice
53,217,167,-8.627450980392158,mixed_snow_ice
53,218,179,-7.450980392156865,mixed_snow_ice
53,219,163,-9.019607843137257,clean_glacier_ice
53,220,162,-9.11764705882353,clean_glacier_ice
54,0,194,-5.980392156862745,debris_rock
54,1,148,-10.49019607843137,clean_glacier_ice
54,2,215,-3.9215686274509807,debris_rock
54,3,159,-9.411764705882353,clean_glacier_ice
54,4,194,-5.980392156862745,debris_rock
54,5,207,-4.7058823529411775,debris_rock
54,6,214,-4.019607843137255,debris_rock
54,7,228,-2.6470588235294095,debris_rock
54,8,189,-6.470588235294116,debris_rock
54,9,164,-8.92156862745098,clean_glacier_ice
54,10,166,-8.725490196078432,mixed_snow_ice
54,11,227,-2.745098039215687,debris_rock
54,12,219,-3.529411764705884,debris_rock
54,13,167,-8.627450980392158,mixed_snow_ice
54,14,140,-11.274509803921568,clean_glacier_ice
54,15,182,-7.156862745098039,mixed_snow_ice
54,16,174,-7.9411764705882355,mixed_snow_ice
54,17,168,-8.529411764705884,mixed_snow_ice
54,18,147,-10.588235294117649,clean_glacier_ice
54,19,126,-12.647058823529411,regular_glacier_ice
54,20,156,-9.705882352941176,clean_glacier_ice
54,21,155,-9.803921568627452,clean_glacier_ice
54,22,128,-12.450980392156863,regular_glacier_ice
54,23,164,-8.92156862745098,clean_glacier_ice
54,24,166,-8.725490196078432,mixed_snow_ice
54,25,168,-8.529411764705884,mixed_snow_ice
54,26,158,-9.509803921568627,clean_glacier_ice
54,27,167,-8.627450980392158,mixed_snow_ice
54,28,180,-7.352941176470587,mixed_snow_ice
54,29,186,-6.764705882352942,debris_rock
54,30,195,-5.882352941176471,debris_rock
54,31,180,-7.352941176470587,mixed_snow_ice
54,32,134,-11.862745098039214,clean_glacier_ice
54,33,168,-8.529411764705884,mixed_snow_ice
54,34,180,-7.352941176470587,mixed_snow_ice
54,35,199,-5.490196078431371,debris_rock
54,36,168,-8.529411764705884,mixed_snow_ice
54,37,157,-9.607843137254902,clean_glacier_ice
54,38,187,-6.666666666666668,debris_rock
54,39,148,-10.49019607843137,clean_glacier_ice
54,42,165,-8.823529411764707,clean_glacier_ice
54,43,46,-20.490196078431374,deep_glacier_ice
54,44,105,-14.705882352941178,regular_glacier_ice
54,46,128,-12.450980392156863,regular_glacier_ice
54,47,24,-22.647058823529413,very_deep_glacier_ice
54,48,5,-24.50980392156863,very_deep_glacier_ice
54,49,24,-22.647058823529413,very_deep_glacier_ice
54,50,50,-20.098039215686274,deep_glacier_ice
54,51,104,-14.803921568627452,regular_glacier_ice
54,52,214,-4.019607843137255,debris_rock
54,53,208,-4.607843137254903,debris_rock
54,54,206,-4.803921568627452,debris_rock
54,55,235,-1.9607843137254903,debris_rock
54,56,255,0.0,debris_rock
54,57,190,-6.372549019607842,debris_rock
54,58,132,-12.058823529411763,clean_glacier_ice
54,59,225,-2.9411764705882355,debris_rock
54,60,121,-13.137254901960786,regular_glacier_ice
54,61,164,-8.92156862745098,clean_glacier_ice
54,62,180,-7.352941176470587,mixed_snow_ice
54,63,202,-5.196078431372548,debris_rock
54,64,194,-5.980392156862745,debris_rock
54,65,153,-10.0,clean_glacier_ice
54,66,195,-5.882352941176471,debris_rock
54,67,215,-3.9215686274509807,debris_rock
54,68,212,-4.215686274509803,debris_rock
54,69,189,-6.470588235294116,debris_rock
54,70,207,-4.7058823529411775,debris_rock
54,71,210,-4.411764705882355,debris_rock
54,72,210,-4.411764705882355,debris_rock
54,73,200,-5.392156862745097,debris_rock
54,74,191,-6.274509803921568,debris_rock
54,75,186,-6.764705882352942,debris_rock
54,76,181,-7.254901960784313,mixed_snow_ice
54,77,158,-9.509803921568627,clean_glacier_ice
54,78,156,-9.705882352941176,clean_glacier_ice
54,79,140,-11.274509803921568,clean_glacier_ice
54,80,161,-9.215686274509805,clean_glacier_ice
54,81,162,-9.11764705882353,clean_glacier_ice
54,82,190,-6.372549019607842,debris_rock
54,83,192,-6.1764705882352935,debris_rock
54,84,156,-9.705882352941176,clean_glacier_ice
54,85,160,-9.313725490196079,clean_glacier_ice
54,86,180,-7.352941176470587,mixed_snow_ice
54,87,163,-9.019607843137257,clean_glacier_ice
54,88,158,-9.509803921568627,clean_glacier_ice
54,89,190,-6.372549019607842,debris_rock
54,90,178,-7.549019607843139,mixed_snow_ice
54,91,171,-8.235294117647062,mixed_snow_ice
54,92,222,-3.235294117647058,debris_rock
54,93,183,-7.0588235294117645,mixed_snow_ice
54,94,207,-4.7058823529411775,debris_rock
54,95,222,-3.235294117647058,debris_rock
54,96,212,-4.215686274509803,debris_rock
54,97,200,-5.392156862745097,debris_rock
54,98,181,-7.254901960784313,mixed_snow_ice
54,99,198,-5.588235294117645,debris_rock
54,100,170,-8.333333333333336,mixed_snow_ice
54,101,152,-10.098039215686274,clean_glacier_ice
54,102,185,-6.862745098039216,mixed_snow_ice
54,103,196,-5.784313725490193,debris_rock
54,104,178,-7.549019607843139,mixed_snow_ice
54,105,197,-5.686274509803919,debris_rock
54,106,201,-5.2941176470588225,debris_rock
54,107,214,-4.019607843137255,debris_rock
54,108,209,-4.509803921568629,debris_rock
54,109,189,-6.470588235294116,debris_rock
54,110,187,-6.666666666666668,debris_rock
54,111,203,-5.098039215686274,debris_rock
54,112,184,-6.96078431372549,mixed_snow_ice
54,113,194,-5.980392156862745,debris_rock
54,114,189,-6.470588235294116,debris_rock
54,115,172,-8.137254901960784,mixed_snow_ice
54,116,186,-6.764705882352942,debris_rock
54,117,180,-7.352941176470587,mixed_snow_ice
54,118,203,-5.098039215686274,debris_rock
54,119,179,-7.450980392156865,mixed_snow_ice
54,120,178,-7.549019607843139,mixed_snow_ice
54,121,159,-9.411764705882353,clean_glacier_ice
54,122,189,-6.470588235294116,debris_rock
54,123,193,-6.078431372549019,debris_rock
54,124,186,-6.764705882352942,debris_rock
54,125,183,-7.0588235294117645,mixed_snow_ice
54,126,200,-5.392156862745097,debris_rock
54,127,181,-7.254901960784313,mixed_snow_ice
54,128,163,-9.019607843137257,clean_glacier_ice
54,129,187,-6.666666666666668,debris_rock
54,130,175,-7.843137254901961,mixed_snow_ice
54,131,164,-8.92156862745098,clean_glacier_ice
54,132,173,-8.03921568627451,mixed_snow_ice
54,133,182,-7.156862745098039,mixed_snow_ice
54,134,219,-3.529411764705884,debris_rock
54,135,175,-7.843137254901961,mixed_snow_ice
54,136,162,-9.11764705882353,clean_glacier_ice
54,137,157,-9.607843137254902,clean_glacier_ice
54,138,190,-6.372549019607842,debris_rock
54,139,179,-7.450980392156865,mixed_snow_ice
54,140,196,-5.784313725490193,debris_rock
54,141,181,-7.254901960784313,mixed_snow_ice
54,142,190,-6.372549019607842,debris_rock
54,143,188,-6.56862745098039,debris_rock
54,144,172,-8.137254901960784,mixed_snow_ice
54,145,193,-6.078431372549019,debris_rock
54,146,177,-7.647058823529413,mixed_snow_ice
54,147,193,-6.078431372549019,debris_rock
54,148,176,-7.745098039215687,mixed_snow_ice
54,149,176,-7.745098039215687,mixed_snow_ice
54,150,176,-7.745098039215687,mixed_snow_ice
54,151,186,-6.764705882352942,debris_rock
54,152,189,-6.470588235294116,debris_rock
54,153,207,-4.7058823529411775,debris_rock
54,154,191,-6.274509803921568,debris_rock
54,155,159,-9.411764705882353,clean_glacier_ice
54,156,179,-7.450980392156865,mixed_snow_ice
54,157,193,-6.078431372549019,debris_rock
54,158,209,-4.509803921568629,debris_rock
54,159,184,-6.96078431372549,mixed_snow_ice
54,160,180,-7.352941176470587,mixed_snow_ice
54,161,219,-3.529411764705884,debris_rock
54,162,183,-7.0588235294117645,mixed_snow_ice
54,163,159,-9.411764705882353,clean_glacier_ice
54,165,145,-10.784313725490197,clean_glacier_ice
54,166,195,-5.882352941176471,debris_rock
54,167,180,-7.352941176470587,mixed_snow_ice
54,168,174,-7.9411764705882355,mixed_snow_ice
54,169,202,-5.196078431372548,debris_rock
54,170,229,-2.5490196078431353,debris_rock
54,171,200,-5.392156862745097,debris_rock
54,172,175,-7.843137254901961,mixed_snow_ice
54,173,233,-2.1568627450980387,debris_rock
54,174,212,-4.215686274509803,debris_rock
54,175,162,-9.11764705882353,clean_glacier_ice
54,176,207,-4.7058823529411775,debris_rock
54,177,221,-3.333333333333332,debris_rock
54,178,213,-4.117647058823529,debris_rock
54,179,192,-6.1764705882352935,debris_rock
54,180,175,-7.843137254901961,mixed_snow_ice
54,181,144,-10.882352941176471,clean_glacier_ice
54,182,157,-9.607843137254902,clean_glacier_ice
54,183,167,-8.627450980392158,mixed_snow_ice
54,184,139,-11.372549019607844,clean_glacier_ice
54,185,148,-10.49019607843137,clean_glacier_ice
54,186,173,-8.03921568627451,mixed_snow_ice
54,187,149,-10.392156862745097,clean_glacier_ice
54,188,150,-10.294117647058822,clean_glacier_ice
54,189,172,-8.137254901960784,mixed_snow_ice
54,190,181,-7.254901960784313,mixed_snow_ice
54,191,184,-6.96078431372549,mixed_snow_ice
54,192,193,-6.078431372549019,debris_rock
54,193,177,-7.647058823529413,mixed_snow_ice
54,194,169,-8.43137254901961,mixed_snow_ice
54,195,200,-5.392156862745097,debris_rock
54,196,191,-6.274509803921568,debris_rock
54,197,101,-15.098039215686274,regular_glacier_ice
54,198,127,-12.549019607843137,regular_glacier_ice
54,199,142,-11.07843137254902,clean_glacier_ice
54,200,184,-6.96078431372549,mixed_snow_ice
54,201,206,-4.803921568627452,debris_rock
54,202,214,-4.019607843137255,debris_rock
54,203,189,-6.470588235294116,debris_rock
54,206,187,-6.666666666666668,debris_rock
54,207,128,-12.450980392156863,regular_glacier_ice
54,211,208,-4.607843137254903,debris_rock
54,212,130,-12.254901960784315,clean_glacier_ice
54,213,135,-11.76470588235294,clean_glacier_ice
54,214,57,-19.41176470588235,deep_glacier_ice
54,215,15,-23.529411764705884,very_deep_glacier_ice
54,216,125,-12.745098039215687,regular_glacier_ice
54,217,237,-1.764705882352942,debris_rock
54,218,226,-2.8431372549019613,debris_rock
54,219,249,-0.5882352941176485,debris_rock
54,220,255,0.0,debris_rock
54,221,255,0.0,debris_rock
54,222,156,-9.705882352941176,clean_glacier_ice
55,0,172,-8.137254901960784,mixed_snow_ice
55,1,185,-6.862745098039216,mixed_snow_ice
55,2,156,-9.705882352941176,clean_glacier_ice
55,3,161,-9.215686274509805,clean_glacier_ice
55,4,172,-8.137254901960784,mixed_snow_ice
55,5,164,-8.92156862745098,clean_glacier_ice
55,6,154,-9.901960784313726,clean_glacier_ice
55,7,159,-9.411764705882353,clean_glacier_ice
55,8,177,-7.647058823529413,mixed_snow_ice
55,9,220,-3.4313725490196063,debris_rock
55,10,209,-4.509803921568629,debris_rock
55,11,208,-4.607843137254903,debris_rock
55,12,201,-5.2941176470588225,debris_rock
55,13,189,-6.470588235294116,debris_rock
55,14,157,-9.607843137254902,clean_glacier_ice
55,15,183,-7.0588235294117645,mixed_snow_ice
55,16,190,-6.372549019607842,debris_rock
55,17,179,-7.450980392156865,mixed_snow_ice
55,18,201,-5.2941176470588225,debris_rock
55,19,198,-5.588235294117645,debris_rock
55,20,156,-9.705882352941176,clean_glacier_ice
55,21,169,-8.43137254901961,mixed_snow_ice
55,22,179,-7.450980392156865,mixed_snow_ice
55,23,177,-7.647058823529413,mixed_snow_ice
55,24,175,-7.843137254901961,mixed_snow_ice
55,25,209,-4.509803921568629,debris_rock
55,26,163,-9.019607843137257,clean_glacier_ice
55,27,150,-10.294117647058822,clean_glacier_ice
55,28,178,-7.549019607843139,mixed_snow_ice
55,29,151,-10.196078431372548,clean_glacier_ice
55,30,173,-8.03921568627451,mixed_snow_ice
55,31,190,-6.372549019607842,debris_rock
55,32,191,-6.274509803921568,debris_rock
55,33,178,-7.549019607843139,mixed_snow_ice
55,34,206,-4.803921568627452,debris_rock
55,35,207,-4.7058823529411775,debris_rock
55,36,205,-4.901960784313726,debris_rock
55,37,188,-6.56862745098039,debris_rock
55,38,184,-6.96078431372549,mixed_snow_ice
55,39,176,-7.745098039215687,mixed_snow_ice
55,40,181,-7.254901960784313,mixed_snow_ice
55,41,197,-5.686274509803919,debris_rock
55,42,187,-6.666666666666668,debris_rock
55,43,126,-12.647058823529411,regular_glacier_ice
55,44,200,-5.392156862745097,debris_rock
55,45,189,-6.470588235294116,debris_rock
55,46,176,-7.745098039215687,mixed_snow_ice
55,47,203,-5.098039215686274,debris_rock
55,48,227,-2.745098039215687,debris_rock
55,49,198,-5.588235294117645,debris_rock
55,50,216,-3.8235294117647065,debris_rock
55,51,204,-5.0,debris_rock
55,52,208,-4.607843137254903,debris_rock
55,53,202,-5.196078431372548,debris_rock
55,54,200,-5.392156862745097,debris_rock
55,55,205,-4.901960784313726,debris_rock
55,56,173,-8.03921568627451,mixed_snow_ice
55,57,183,-7.0588235294117645,mixed_snow_ice
55,58,185,-6.862745098039216,mixed_snow_ice
55,59,179,-7.450980392156865,mixed_snow_ice
55,60,195,-5.882352941176471,debris_rock
55,61,182,-7.156862745098039,mixed_snow_ice
55,62,195,-5.882352941176471,debris_rock
55,63,180,-7.352941176470587,mixed_snow_ice
55,64,197,-5.686274509803919,debris_rock
55,65,195,-5.882352941176471,debris_rock
55,66,198,-5.588235294117645,debris_rock
55,67,187,-6.666666666666668,debris_rock
55,68,166,-8.725490196078432,mixed_snow_ice
55,69,192,-6.1764705882352935,debris_rock
55,70,196,-5.784313725490193,debris_rock
55,71,190,-6.372549019607842,debris_rock
55,72,188,-6.56862745098039,debris_rock
55,73,194,-5.980392156862745,debris_rock
55,74,195,-5.882352941176471,debris_rock
55,75,205,-4.901960784313726,debris_rock
55,76,189,-6.470588235294116,debris_rock
55,77,160,-9.313725490196079,clean_glacier_ice
55,78,137,-11.568627450980392,clean_glacier_ice
55,79,179,-7.450980392156865,mixed_snow_ice
55,80,180,-7.352941176470587,mixed_snow_ice
55,81,178,-7.549019607843139,mixed_snow_ice
55,82,213,-4.117647058823529,debris_rock
55,83,196,-5.784313725490193,debris_rock
55,84,207,-4.7058823529411775,debris_rock
55,85,187,-6.666666666666668,debris_rock
55,86,134,-11.862745098039214,clean_glacier_ice
55,87,168,-8.529411764705884,mixed_snow_ice
55,88,177,-7.647058823529413,mixed_snow_ice
55,89,201,-5.2941176470588225,debris_rock
55,90,165,-8.823529411764707,clean_glacier_ice
55,91,181,-7.254901960784313,mixed_snow_ice
55,92,206,-4.803921568627452,debris_rock
55,93,197,-5.686274509803919,debris_rock
55,94,178,-7.549019607843139,mixed_snow_ice
55,95,188,-6.56862745098039,debris_rock
55,96,183,-7.0588235294117645,mixed_snow_ice
55,97,189,-6.470588235294116,debris_rock
55,98,193,-6.078431372549019,debris_rock
55,99,174,-7.9411764705882355,mixed_snow_ice
55,100,209,-4.509803921568629,debris_rock
55,101,195,-5.882352941176471,debris_rock
55,102,216,-3.8235294117647065,debris_rock
55,103,178,-7.549019607843139,mixed_snow_ice
55,104,192,-6.1764705882352935,debris_rock
55,105,163,-9.019607843137257,clean_glacier_ice
55,106,188,-6.56862745098039,debris_rock
55,107,205,-4.901960784313726,debris_rock
55,108,172,-8.137254901960784,mixed_snow_ice
55,109,185,-6.862745098039216,mixed_snow_ice
55,110,113,-13.92156862745098,regular_glacier_ice
55,111,166,-8.725490196078432,mixed_snow_ice
55,112,212,-4.215686274509803,debris_rock
55,113,205,-4.901960784313726,debris_rock
55,114,174,-7.9411764705882355,mixed_snow_ice
55,115,223,-3.137254901960784,debris_rock
55,116,187,-6.666666666666668,debris_rock
55,117,199,-5.490196078431371,debris_rock
55,118,194,-5.980392156862745,debris_rock
55,119,188,-6.56862745098039,debris_rock
55,120,158,-9.509803921568627,clean_glacier_ice
55,121,184,-6.96078431372549,mixed_snow_ice
55,122,145,-10.784313725490197,clean_glacier_ice
55,123,139,-11.372549019607844,clean_glacier_ice
55,124,144,-10.882352941176471,clean_glacier_ice
55,125,177,-7.647058823529413,mixed_snow_ice
55,126,168,-8.529411764705884,mixed_snow_ice
55,127,149,-10.392156862745097,clean_glacier_ice
55,128,162,-9.11764705882353,clean_glacier_ice
55,129,155,-9.803921568627452,clean_glacier_ice
55,130,151,-10.196078431372548,clean_glacier_ice
55,131,175,-7.843137254901961,mixed_snow_ice
55,132,175,-7.843137254901961,mixed_snow_ice
55,133,143,-10.980392156862745,clean_glacier_ice
55,134,150,-10.294117647058822,clean_glacier_ice
55,135,136,-11.666666666666666,clean_glacier_ice
55,136,158,-9.509803921568627,clean_glacier_ice
55,137,178,-7.549019607843139,mixed_snow_ice
55,138,146,-10.686274509803923,clean_glacier_ice
55,139,84,-16.764705882352942,deep_glacier_ice
55,140,120,-13.23529411764706,regular_glacier_ice
55,141,119,-13.333333333333334,regular_glacier_ice
55,142,198,-5.588235294117645,debris_rock
55,143,255,0.0,debris_rock
55,144,255,0.0,debris_rock
55,145,174,-7.9411764705882355,mixed_snow_ice
55,147,255,0.0,debris_rock
55,148,143,-10.980392156862745,clean_glacier_ice
55,149,133,-11.960784313725489,clean_glacier_ice
55,153,217,-3.7254901960784323,debris_rock
55,154,213,-4.117647058823529,debris_rock
55,155,185,-6.862745098039216,mixed_snow_ice
55,156,174,-7.9411764705882355,mixed_snow_ice
55,157,170,-8.333333333333336,mixed_snow_ice
55,158,153,-10.0,clean_glacier_ice
55,159,179,-7.450980392156865,mixed_snow_ice
55,160,210,-4.411764705882355,debris_rock
55,161,243,-1.176470588235297,debris_rock
55,162,255,0.0,debris_rock
55,163,225,-2.9411764705882355,debris_rock
55,164,126,-12.647058823529411,regular_glacier_ice
55,165,202,-5.196078431372548,debris_rock
55,166,137,-11.568627450980392,clean_glacier_ice
55,167,129,-12.352941176470589,regular_glacier_ice
55,168,186,-6.764705882352942,debris_rock
55,169,188,-6.56862745098039,debris_rock
55,170,174,-7.9411764705882355,mixed_snow_ice
55,171,159,-9.411764705882353,clean_glacier_ice
55,172,160,-9.313725490196079,clean_glacier_ice
55,173,174,-7.9411764705882355,mixed_snow_ice
55,174,208,-4.607843137254903,debris_rock
55,175,216,-3.8235294117647065,debris_rock
55,176,221,-3.333333333333332,debris_rock
55,177,225,-2.9411764705882355,debris_rock
55,178,190,-6.372549019607842,debris_rock
55,179,202,-5.196078431372548,debris_rock
55,180,200,-5.392156862745097,debris_rock
55,181,203,-5.098039215686274,debris_rock
55,182,178,-7.549019607843139,mixed_snow_ice
55,183,206,-4.803921568627452,debris_rock
55,184,192,-6.1764705882352935,debris_rock
55,185,193,-6.078431372549019,debris_rock
55,186,168,-8.529411764705884,mixed_snow_ice
55,187,185,-6.862745098039216,mixed_snow_ice
55,188,176,-7.745098039215687,mixed_snow_ice
55,189,190,-6.372549019607842,debris_rock
55,190,183,-7.0588235294117645,mixed_snow_ice
55,191,128,-12.450980392156863,regular_glacier_ice
55,192,162,-9.11764705882353,clean_glacier_ice
55,193,170,-8.333333333333336,mixed_snow_ice
55,194,187,-6.666666666666668,debris_rock
55,195,190,-6.372549019607842,debris_rock
55,196,184,-6.96078431372549,mixed_snow_ice
55,197,190,-6.372549019607842,debris_rock
55,198,187,-6.666666666666668,debris_rock
55,199,215,-3.9215686274509807,debris_rock
55,200,199,-5.490196078431371,debris_rock
55,201,177,-7.647058823529413,mixed_snow_ice
55,202,206,-4.803921568627452,debris_rock
55,203,226,-2.8431372549019613,debris_rock
55,204,173,-8.03921568627451,mixed_snow_ice
55,205,202,-5.196078431372548,debris_rock
55,206,172,-8.137254901960784,mixed_snow_ice
55,207,131,-12.15686274509804,clean_glacier_ice
55,208,133,-11.960784313725489,clean_glacier_ice
55,209,159,-9.411764705882353,clean_glacier_ice
55,210,192,-6.1764705882352935,debris_rock
55,211,189,-6.470588235294116,debris_rock
55,212,191,-6.274509803921568,debris_rock
55,213,208,-4.607843137254903,debris_rock
55,214,212,-4.215686274509803,debris_rock
55,215,180,-7.352941176470587,mixed_snow_ice
55,216,178,-7.549019607843139,mixed_snow_ice
55,217,188,-6.56862745098039,debris_rock
55,218,191,-6.274509803921568,debris_rock
55,219,225,-2.9411764705882355,debris_rock
55,220,206,-4.803921568627452,debris_rock
55,221,175,-7.843137254901961,mixed_snow_ice
55,222,226,-2.8431372549019613,debris_rock
56,0,218,-3.627450980392158,debris_rock
56,1,195,-5.882352941176471,debris_rock
56,2,199,-5.490196078431371,debris_rock
56,3,173,-8.03921568627451,mixed_snow_ice
56,4,170,-8.333333333333336,mixed_snow_ice
56,5,169,-8.43137254901961,mixed_snow_ice
56,6,192,-6.1764705882352935,debris_rock
56,7,185,-6.862745098039216,mixed_snow_ice
56,8,186,-6.764705882352942,debris_rock
56,9,189,-6.470588235294116,debris_rock
56,10,184,-6.96078431372549,mixed_snow_ice
56,11,187,-6.666666666666668,debris_rock
56,12,214,-4.019607843137255,debris_rock
56,13,194,-5.980392156862745,debris_rock
56,14,194,-5.980392156862745,debris_rock
56,15,169,-8.43137254901961,mixed_snow_ice
56,16,192,-6.1764705882352935,debris_rock
56,17,211,-4.313725490196081,debris_rock
56,18,190,-6.372549019607842,debris_rock
56,19,170,-8.333333333333336,mixed_snow_ice
56,20,144,-10.882352941176471,clean_glacier_ice
56,21,177,-7.647058823529413,mixed_snow_ice
56,22,168,-8.529411764705884,mixed_snow_ice
56,23,166,-8.725490196078432,mixed_snow_ice
56,24,190,-6.372549019607842,debris_rock
56,25,202,-5.196078431372548,debris_rock
56,26,189,-6.470588235294116,debris_rock
56,27,176,-7.745098039215687,mixed_snow_ice
56,28,183,-7.0588235294117645,mixed_snow_ice
56,29,187,-6.666666666666668,debris_rock
56,30,180,-7.352941176470587,mixed_snow_ice
56,31,180,-7.352941176470587,mixed_snow_ice
56,32,188,-6.56862745098039,debris_rock
56,33,168,-8.529411764705884,mixed_snow_ice
56,34,192,-6.1764705882352935,debris_rock
56,35,201,-5.2941176470588225,debris_rock
56,36,178,-7.549019607843139,mixed_snow_ice
56,37,177,-7.647058823529413,mixed_snow_ice
56,38,181,-7.254901960784313,mixed_snow_ice
56,39,224,-3.0392156862745097,debris_rock
56,40,184,-6.96078431372549,mixed_snow_ice
56,41,162,-9.11764705882353,clean_glacier_ice
56,42,180,-7.352941176470587,mixed_snow_ice
56,43,179,-7.450980392156865,mixed_snow_ice
56,44,182,-7.156862745098039,mixed_snow_ice
56,45,120,-13.23529411764706,regular_glacier_ice
56,46,191,-6.274509803921568,debris_rock
56,47,175,-7.843137254901961,mixed_snow_ice
56,48,186,-6.764705882352942,debris_rock
56,49,215,-3.9215686274509807,debris_rock
56,50,190,-6.372549019607842,debris_rock
56,51,224,-3.0392156862745097,debris_rock
56,52,165,-8.823529411764707,clean_glacier_ice
56,53,171,-8.235294117647062,mixed_snow_ice
56,54,178,-7.549019607843139,mixed_snow_ice
56,55,235,-1.9607843137254903,debris_rock
56,56,172,-8.137254901960784,mixed_snow_ice
56,57,153,-10.0,clean_glacier_ice
56,58,154,-9.901960784313726,clean_glacier_ice
56,59,199,-5.490196078431371,debris_rock
56,60,199,-5.490196078431371,debris_rock
56,61,175,-7.843137254901961,mixed_snow_ice
56,62,184,-6.96078431372549,mixed_snow_ice
56,63,164,-8.92156862745098,clean_glacier_ice
56,64,147,-10.588235294117649,clean_glacier_ice
56,65,182,-7.156862745098039,mixed_snow_ice
56,66,148,-10.49019607843137,clean_glacier_ice
56,67,145,-10.784313725490197,clean_glacier_ice
56,68,168,-8.529411764705884,mixed_snow_ice
56,69,143,-10.980392156862745,clean_glacier_ice
56,70,191,-6.274509803921568,debris_rock
56,71,134,-11.862745098039214,clean_glacier_ice
56,72,128,-12.450980392156863,regular_glacier_ice
56,73,127,-12.549019607843137,regular_glacier_ice
56,74,101,-15.098039215686274,regular_glacier_ice
56,75,106,-14.607843137254902,regular_glacier_ice
56,76,87,-16.470588235294116,deep_glacier_ice
56,77,90,-16.176470588235293,regular_glacier_ice
56,78,100,-15.196078431372548,regular_glacier_ice
56,79,91,-16.07843137254902,regular_glacier_ice
56,80,96,-15.588235294117647,regular_glacier_ice
56,81,86,-16.568627450980394,deep_glacier_ice
56,87,253,-0.19607843137254832,debris_rock
56,90,148,-10.49019607843137,clean_glacier_ice
56,91,112,-14.019607843137255,regular_glacier_ice
56,92,158,-9.509803921568627,clean_glacier_ice
56,93,235,-1.9607843137254903,debris_rock
56,94,157,-9.607843137254902,clean_glacier_ice
56,95,190,-6.372549019607842,debris_rock
56,96,255,0.0,debris_rock
56,97,178,-7.549019607843139,mixed_snow_ice
56,98,192,-6.1764705882352935,debris_rock
56,99,207,-4.7058823529411775,debris_rock
56,100,224,-3.0392156862745097,debris_rock
56,101,216,-3.8235294117647065,debris_rock
56,102,190,-6.372549019607842,debris_rock
56,103,255,0.0,debris_rock
56,104,245,-0.9803921568627452,debris_rock
56,105,231,-2.352941176470587,debris_rock
56,106,123,-12.941176470588236,regular_glacier_ice
56,107,136,-11.666666666666666,clean_glacier_ice
56,108,162,-9.11764705882353,clean_glacier_ice
56,109,152,-10.098039215686274,clean_glacier_ice
56,110,172,-8.137254901960784,mixed_snow_ice
56,111,192,-6.1764705882352935,debris_rock
56,112,175,-7.843137254901961,mixed_snow_ice
56,113,165,-8.823529411764707,clean_glacier_ice
56,114,138,-11.470588235294118,clean_glacier_ice
56,115,186,-6.764705882352942,debris_rock
56,116,198,-5.588235294117645,debris_rock
56,117,203,-5.098039215686274,debris_rock
56,118,207,-4.7058823529411775,debris_rock
56,119,197,-5.686274509803919,debris_rock
56,120,193,-6.078431372549019,debris_rock
56,121,165,-8.823529411764707,clean_glacier_ice
56,122,207,-4.7058823529411775,debris_rock
56,123,187,-6.666666666666668,debris_rock
56,124,169,-8.43137254901961,mixed_snow_ice
56,125,173,-8.03921568627451,mixed_snow_ice
56,126,186,-6.764705882352942,debris_rock
56,127,172,-8.137254901960784,mixed_snow_ice
56,128,195,-5.882352941176471,debris_rock
56,129,201,-5.2941176470588225,debris_rock
56,130,160,-9.313725490196079,clean_glacier_ice
56,131,191,-6.274509803921568,debris_rock
56,132,135,-11.76470588235294,clean_glacier_ice
56,133,159,-9.411764705882353,clean_glacier_ice
56,134,152,-10.098039215686274,clean_glacier_ice
56,135,165,-8.823529411764707,clean_glacier_ice
56,136,188,-6.56862745098039,debris_rock
56,137,187,-6.666666666666668,debris_rock
56,138,178,-7.549019607843139,mixed_snow_ice
56,139,188,-6.56862745098039,debris_rock
56,140,184,-6.96078431372549,mixed_snow_ice
56,141,205,-4.901960784313726,debris_rock
56,142,161,-9.215686274509805,clean_glacier_ice
56,143,191,-6.274509803921568,debris_rock
56,144,206,-4.803921568627452,debris_rock
56,145,199,-5.490196078431371,debris_rock
56,146,177,-7.647058823529413,mixed_snow_ice
56,147,125,-12.745098039215687,regular_glacier_ice
56,148,141,-11.176470588235293,clean_glacier_ice
56,149,128,-12.450980392156863,regular_glacier_ice
56,150,147,-10.588235294117649,clean_glacier_ice
56,151,139,-11.372549019607844,clean_glacier_ice
56,152,174,-7.9411764705882355,mixed_snow_ice
56,153,172,-8.137254901960784,mixed_snow_ice
56,154,200,-5.392156862745097,debris_rock
56,155,182,-7.156862745098039,mixed_snow_ice
56,156,187,-6.666666666666668,debris_rock
56,157,203,-5.098039215686274,debris_rock
56,158,188,-6.56862745098039,debris_rock
56,159,192,-6.1764705882352935,debris_rock
56,160,187,-6.666666666666668,debris_rock
56,161,181,-7.254901960784313,mixed_snow_ice
56,162,193,-6.078431372549019,debris_rock
56,163,216,-3.8235294117647065,debris_rock
56,164,198,-5.588235294117645,debris_rock
56,165,200,-5.392156862745097,debris_rock
56,166,216,-3.8235294117647065,debris_rock
56,167,199,-5.490196078431371,debris_rock
56,168,186,-6.764705882352942,debris_rock
56,169,181,-7.254901960784313,mixed_snow_ice
56,170,173,-8.03921568627451,mixed_snow_ice
56,171,169,-8.43137254901961,mixed_snow_ice
56,172,175,-7.843137254901961,mixed_snow_ice
56,173,194,-5.980392156862745,debris_rock
56,174,179,-7.450980392156865,mixed_snow_ice
56,175,204,-5.0,debris_rock
56,176,180,-7.352941176470587,mixed_snow_ice
56,177,195,-5.882352941176471,debris_rock
56,178,178,-7.549019607843139,mixed_snow_ice
56,179,184,-6.96078431372549,mixed_snow_ice
56,180,202,-5.196078431372548,debris_rock
56,181,199,-5.490196078431371,debris_rock
56,182,183,-7.0588235294117645,mixed_snow_ice
56,183,202,-5.196078431372548,debris_rock
56,184,163,-9.019607843137257,clean_glacier_ice
56,185,170,-8.333333333333336,mixed_snow_ice
56,186,195,-5.882352941176471,debris_rock
56,187,154,-9.901960784313726,clean_glacier_ice
56,188,179,-7.450980392156865,mixed_snow_ice
56,189,197,-5.686274509803919,debris_rock
56,190,175,-7.843137254901961,mixed_snow_ice
56,191,149,-10.392156862745097,clean_glacier_ice
56,192,140,-11.274509803921568,clean_glacier_ice
56,193,182,-7.156862745098039,mixed_snow_ice
56,194,183,-7.0588235294117645,mixed_snow_ice
56,195,190,-6.372549019607842,debris_rock
56,196,202,-5.196078431372548,debris_rock
56,197,183,-7.0588235294117645,mixed_snow_ice
56,198,196,-5.784313725490193,debris_rock
56,199,196,-5.784313725490193,debris_rock
56,200,203,-5.098039215686274,debris_rock
56,201,196,-5.784313725490193,debris_rock
56,202,201,-5.2941176470588225,debris_rock
56,203,200,-5.392156862745097,debris_rock
56,204,188,-6.56862745098039,debris_rock
56,205,166,-8.725490196078432,mixed_snow_ice
56,206,169,-8.43137254901961,mixed_snow_ice
56,207,190,-6.372549019607842,debris_rock
56,208,189,-6.470588235294116,debris_rock
56,209,199,-5.490196078431371,debris_rock
56,210,152,-10.098039215686274,clean_glacier_ice
56,211,163,-9.019607843137257,clean_glacier_ice
56,212,156,-9.705882352941176,clean_glacier_ice
56,213,181,-7.254901960784313,mixed_snow_ice
56,214,202,-5.196078431372548,debris_rock
56,215,197,-5.686274509803919,debris_rock
56,216,209,-4.509803921568629,debris_rock
56,217,188,-6.56862745098039,debris_rock
56,218,189,-6.470588235294116,debris_rock
56,219,138,-11.470588235294118,clean_glacier_ice
56,220,162,-9.11764705882353,clean_glacier_ice
56,221,189,-6.470588235294116,debris_rock
56,222,173,-8.03921568627451,mixed_snow_ice
57,0,142,-11.07843137254902,clean_glacier_ice
57,1,189,-6.470588235294116,debris_rock
57,2,186,-6.764705882352942,debris_rock
57,3,214,-4.019607843137255,debris_rock
57,4,202,-5.196078431372548,debris_rock
57,5,195,-5.882352941176471,debris_rock
57,6,152,-10.098039215686274,clean_glacier_ice
57,7,183,-7.0588235294117645,mixed_snow_ice
57,8,174,-7.9411764705882355,mixed_snow_ice
57,9,146,-10.686274509803923,clean_glacier_ice
57,10,177,-7.647058823529413,mixed_snow_ice
57,11,162,-9.11764705882353,clean_glacier_ice
57,12,150,-10.294117647058822,clean_glacier_ice
57,13,110,-14.215686274509803,regular_glacier_ice
57,14,60,-19.11764705882353,deep_glacier_ice
57,15,90,-16.176470588235293,regular_glacier_ice
57,16,69,-18.235294117647058,deep_glacier_ice
57,17,107,-14.509803921568627,regular_glacier_ice
57,18,87,-16.470588235294116,deep_glacier_ice
57,19,82,-16.96078431372549,deep_glacier_ice
57,20,87,-16.470588235294116,deep_glacier_ice
57,32,132,-12.058823529411763,clean_glacier_ice
57,33,88,-16.372549019607845,regular_glacier_ice
57,34,135,-11.76470588235294,clean_glacier_ice
57,35,144,-10.882352941176471,clean_glacier_ice
57,36,120,-13.23529411764706,regular_glacier_ice
57,37,141,-11.176470588235293,clean_glacier_ice
57,38,179,-7.450980392156865,mixed_snow_ice
57,39,177,-7.647058823529413,mixed_snow_ice
57,40,184,-6.96078431372549,mixed_snow_ice
57,41,183,-7.0588235294117645,mixed_snow_ice
57,42,171,-8.235294117647062,mixed_snow_ice
57,43,184,-6.96078431372549,mixed_snow_ice
57,44,173,-8.03921568627451,mixed_snow_ice
57,45,229,-2.5490196078431353,debris_rock
57,46,255,0.0,debris_rock
57,47,235,-1.9607843137254903,debris_rock
57,48,165,-8.823529411764707,clean_glacier_ice
57,49,155,-9.803921568627452,clean_glacier_ice
57,50,178,-7.549019607843139,mixed_snow_ice
57,51,168,-8.529411764705884,mixed_snow_ice
57,52,163,-9.019607843137257,clean_glacier_ice
57,53,187,-6.666666666666668,debris_rock
57,54,170,-8.333333333333336,mixed_snow_ice
57,55,179,-7.450980392156865,mixed_snow_ice
57,56,161,-9.215686274509805,clean_glacier_ice
57,57,187,-6.666666666666668,debris_rock
57,58,212,-4.215686274509803,debris_rock
57,59,197,-5.686274509803919,debris_rock
57,60,189,-6.470588235294116,debris_rock
57,61,185,-6.862745098039216,mixed_snow_ice
57,62,193,-6.078431372549019,debris_rock
57,63,204,-5.0,debris_rock
57,64,205,-4.901960784313726,debris_rock
57,65,189,-6.470588235294116,debris_rock
57,66,186,-6.764705882352942,debris_rock
57,67,170,-8.333333333333336,mixed_snow_ice
57,68,222,-3.235294117647058,debris_rock
57,69,199,-5.490196078431371,debris_rock
57,70,200,-5.392156862745097,debris_rock
57,71,177,-7.647058823529413,mixed_snow_ice
57,72,187,-6.666666666666668,debris_rock
57,73,187,-6.666666666666668,debris_rock
57,74,173,-8.03921568627451,mixed_snow_ice
57,75,142,-11.07843137254902,clean_glacier_ice
57,76,159,-9.411764705882353,clean_glacier_ice
57,77,183,-7.0588235294117645,mixed_snow_ice
57,78,206,-4.803921568627452,debris_rock
57,79,194,-5.980392156862745,debris_rock
57,80,196,-5.784313725490193,debris_rock
57,81,191,-6.274509803921568,debris_rock
57,82,198,-5.588235294117645,debris_rock
57,83,206,-4.803921568627452,debris_rock
57,84,186,-6.764705882352942,debris_rock
57,85,207,-4.7058823529411775,debris_rock
57,86,203,-5.098039215686274,debris_rock
57,87,177,-7.647058823529413,mixed_snow_ice
57,88,134,-11.862745098039214,clean_glacier_ice
57,89,106,-14.607843137254902,regular_glacier_ice
57,90,123,-12.941176470588236,regular_glacier_ice
57,91,133,-11.960784313725489,clean_glacier_ice
57,92,118,-13.431372549019608,regular_glacier_ice
57,93,147,-10.588235294117649,clean_glacier_ice
57,94,151,-10.196078431372548,clean_glacier_ice
57,95,154,-9.901960784313726,clean_glacier_ice
57,96,195,-5.882352941176471,debris_rock
57,97,179,-7.450980392156865,mixed_snow_ice
57,98,184,-6.96078431372549,mixed_snow_ice
57,99,196,-5.784313725490193,debris_rock
57,100,179,-7.450980392156865,mixed_snow_ice
57,101,214,-4.019607843137255,debris_rock
57,102,182,-7.156862745098039,mixed_snow_ice
57,103,214,-4.019607843137255,debris_rock
57,104,204,-5.0,debris_rock
57,105,208,-4.607843137254903,debris_rock
57,106,199,-5.490196078431371,debris_rock
57,107,232,-2.254901960784313,debris_rock
57,108,200,-5.392156862745097,debris_rock
57,109,195,-5.882352941176471,debris_rock
57,110,207,-4.7058823529411775,debris_rock
57,111,214,-4.019607843137255,debris_rock
57,112,190,-6.372549019607842,debris_rock
57,113,197,-5.686274509803919,debris_rock
57,114,201,-5.2941176470588225,debris_rock
57,115,197,-5.686274509803919,debris_rock
57,116,169,-8.43137254901961,mixed_snow_ice
57,117,178,-7.549019607843139,mixed_snow_ice
57,118,178,-7.549019607843139,mixed_snow_ice
57,119,180,-7.352941176470587,mixed_snow_ice
57,120,172,-8.137254901960784,mixed_snow_ice
57,121,188,-6.56862745098039,debris_rock
57,122,202,-5.196078431372548,debris_rock
57,123,206,-4.803921568627452,debris_rock
57,124,167,-8.627450980392158,mixed_snow_ice
57,125,181,-7.254901960784313,mixed_snow_ice
57,126,175,-7.843137254901961,mixed_snow_ice
57,127,172,-8.137254901960784,mixed_snow_ice
57,128,185,-6.862745098039216,mixed_snow_ice
57,129,167,-8.627450980392158,mixed_snow_ice
57,130,174,-7.9411764705882355,mixed_snow_ice
57,131,179,-7.450980392156865,mixed_snow_ice
57,132,157,-9.607843137254902,clean_glacier_ice
57,133,151,-10.196078431372548,clean_glacier_ice
57,134,142,-11.07843137254902,clean_glacier_ice
57,135,157,-9.607843137254902,clean_glacier_ice
57,136,184,-6.96078431372549,mixed_snow_ice
57,137,186,-6.764705882352942,debris_rock
57,138,213,-4.117647058823529,debris_rock
57,139,183,-7.0588235294117645,mixed_snow_ice
57,140,190,-6.372549019607842,debris_rock
57,141,192,-6.1764705882352935,debris_rock
57,142,197,-5.686274509803919,debris_rock
57,143,195,-5.882352941176471,debris_rock
57,144,175,-7.843137254901961,mixed_snow_ice
57,145,181,-7.254901960784313,mixed_snow_ice
57,146,178,-7.549019607843139,mixed_snow_ice
57,147,172,-8.137254901960784,mixed_snow_ice
57,148,188,-6.56862745098039,debris_rock
57,149,202,-5.196078431372548,debris_rock
57,150,205,-4.901960784313726,debris_rock
57,151,198,-5.588235294117645,debris_rock
57,152,186,-6.764705882352942,debris_rock
57,153,218,-3.627450980392158,debris_rock
57,154,184,-6.96078431372549,mixed_snow_ice
57,155,156,-9.705882352941176,clean_glacier_ice
57,156,153,-10.0,clean_glacier_ice
57,157,168,-8.529411764705884,mixed_snow_ice
57,158,208,-4.607843137254903,debris_rock
57,159,196,-5.784313725490193,debris_rock
57,160,199,-5.490196078431371,debris_rock
57,161,111,-14.117647058823529,regular_glacier_ice
57,162,158,-9.509803921568627,clean_glacier_ice
57,163,169,-8.43137254901961,mixed_snow_ice
57,164,165,-8.823529411764707,clean_glacier_ice
57,165,194,-5.980392156862745,debris_rock
57,166,173,-8.03921568627451,mixed_snow_ice
57,167,190,-6.372549019607842,debris_rock
57,168,206,-4.803921568627452,debris_rock
57,169,194,-5.980392156862745,debris_rock
57,170,169,-8.43137254901961,mixed_snow_ice
57,171,142,-11.07843137254902,clean_glacier_ice
57,172,158,-9.509803921568627,clean_glacier_ice
57,173,153,-10.0,clean_glacier_ice
57,174,156,-9.705882352941176,clean_glacier_ice
57,175,173,-8.03921568627451,mixed_snow_ice
57,176,171,-8.235294117647062,mixed_snow_ice
57,177,152,-10.098039215686274,clean_glacier_ice
57,178,120,-13.23529411764706,regular_glacier_ice
57,179,86,-16.568627450980394,deep_glacier_ice
57,180,102,-15.0,regular_glacier_ice
57,181,92,-15.980392156862745,regular_glacier_ice
57,182,98,-15.392156862745097,regular_glacier_ice
57,183,100,-15.196078431372548,regular_glacier_ice
57,184,104,-14.803921568627452,regular_glacier_ice
57,196,255,0.0,debris_rock
57,197,100,-15.196078431372548,regular_glacier_ice
57,198,124,-12.843137254901961,regular_glacier_ice
57,199,160,-9.313725490196079,clean_glacier_ice
57,200,133,-11.960784313725489,clean_glacier_ice
57,201,102,-15.0,regular_glacier_ice
57,202,119,-13.333333333333334,regular_glacier_ice
57,203,192,-6.1764705882352935,debris_rock
57,204,217,-3.7254901960784323,debris_rock
57,205,131,-12.15686274509804,clean_glacier_ice
57,206,147,-10.588235294117649,clean_glacier_ice
57,207,154,-9.901960784313726,clean_glacier_ice
57,208,169,-8.43137254901961,mixed_snow_ice
57,209,156,-9.705882352941176,clean_glacier_ice
57,210,175,-7.843137254901961,mixed_snow_ice
57,211,237,-1.764705882352942,debris_rock
57,212,233,-2.1568627450980387,debris_rock
57,213,152,-10.098039215686274,clean_glacier_ice
57,214,172,-8.137254901960784,mixed_snow_ice
57,215,157,-9.607843137254902,clean_glacier_ice
57,216,161,-9.215686274509805,clean_glacier_ice
57,217,179,-7.450980392156865,mixed_snow_ice
57,218,192,-6.1764705882352935,debris_rock
57,219,191,-6.274509803921568,debris_rock
57,220,175,-7.843137254901961,mixed_snow_ice
57,221,153,-10.0,clean_glacier_ice
57,222,157,-9.607843137254902,clean_glacier_ice
58,0,225,-2.9411764705882355,debris_rock
58,1,221,-3.333333333333332,debris_rock
58,2,198,-5.588235294117645,debris_rock
58,3,192,-6.1764705882352935,debris_rock
58,4,194,-5.980392156862745,debris_rock
58,5,188,-6.56862745098039,debris_rock
58,6,216,-3.8235294117647065,debris_rock
58,7,213,-4.117647058823529,debris_rock
58,8,183,-7.0588235294117645,mixed_snow_ice
58,9,191,-6.274509803921568,debris_rock
58,10,216,-3.8235294117647065,debris_rock
58,11,211,-4.313725490196081,debris_rock
58,12,187,-6.666666666666668,debris_rock
58,13,180,-7.352941176470587,mixed_snow_ice
58,14,177,-7.647058823529413,mixed_snow_ice
58,15,165,-8.823529411764707,clean_glacier_ice
58,16,140,-11.274509803921568,clean_glacier_ice
58,17,133,-11.960784313725489,clean_glacier_ice
58,18,144,-10.882352941176471,clean_glacier_ice
58,19,212,-4.215686274509803,debris_rock
58,20,193,-6.078431372549019,debris_rock
58,21,159,-9.411764705882353,clean_glacier_ice
58,22,198,-5.588235294117645,debris_rock
58,23,209,-4.509803921568629,debris_rock
58,24,214,-4.019607843137255,debris_rock
58,25,189,-6.470588235294116,debris_rock
58,26,177,-7.647058823529413,mixed_snow_ice
58,27,189,-6.470588235294116,debris_rock
58,28,191,-6.274509803921568,debris_rock
58,29,151,-10.196078431372548,clean_glacier_ice
58,30,178,-7.549019607843139,mixed_snow_ice
58,31,135,-11.76470588235294,clean_glacier_ice
58,32,97,-15.490196078431373,regular_glacier_ice
58,33,143,-10.980392156862745,clean_glacier_ice
58,34,131,-12.15686274509804,clean_glacier_ice
58,35,152,-10.098039215686274,clean_glacier_ice
58,36,141,-11.176470588235293,clean_glacier_ice
58,37,167,-8.627450980392158,mixed_snow_ice
58,38,154,-9.901960784313726,clean_glacier_ice
58,39,159,-9.411764705882353,clean_glacier_ice
58,40,172,-8.137254901960784,mixed_snow_ice
58,41,159,-9.411764705882353,clean_glacier_ice
58,42,165,-8.823529411764707,clean_glacier_ice
58,43,209,-4.509803921568629,debris_rock
58,44,215,-3.9215686274509807,debris_rock
58,45,217,-3.7254901960784323,debris_rock
58,46,209,-4.509803921568629,debris_rock
58,47,197,-5.686274509803919,debris_rock
58,48,227,-2.745098039215687,debris_rock
58,49,217,-3.7254901960784323,debris_rock
58,50,194,-5.980392156862745,debris_rock
58,51,216,-3.8235294117647065,debris_rock
58,52,226,-2.8431372549019613,debris_rock
58,53,200,-5.392156862745097,debris_rock
58,54,189,-6.470588235294116,debris_rock
58,55,208,-4.607843137254903,debris_rock
58,56,227,-2.745098039215687,debris_rock
58,57,206,-4.803921568627452,debris_rock
58,58,199,-5.490196078431371,debris_rock
58,59,160,-9.313725490196079,clean_glacier_ice
58,60,190,-6.372549019607842,debris_rock
58,61,181,-7.254901960784313,mixed_snow_ice
58,62,174,-7.9411764705882355,mixed_snow_ice
58,63,210,-4.411764705882355,debris_rock
58,64,185,-6.862745098039216,mixed_snow_ice
58,65,190,-6.372549019607842,debris_rock
58,66,171,-8.235294117647062,mixed_snow_ice
58,67,196,-5.784313725490193,debris_rock
58,68,186,-6.764705882352942,debris_rock
58,69,200,-5.392156862745097,debris_rock
58,70,182,-7.156862745098039,mixed_snow_ice
58,71,165,-8.823529411764707,clean_glacier_ice
58,72,190,-6.372549019607842,debris_rock
58,73,221,-3.333333333333332,debris_rock
58,74,174,-7.9411764705882355,mixed_snow_ice
58,75,165,-8.823529411764707,clean_glacier_ice
58,76,177,-7.647058823529413,mixed_snow_ice
58,77,168,-8.529411764705884,mixed_snow_ice
58,78,135,-11.76470588235294,clean_glacier_ice
58,79,140,-11.274509803921568,clean_glacier_ice
58,80,155,-9.803921568627452,clean_glacier_ice
58,81,151,-10.196078431372548,clean_glacier_ice
58,82,177,-7.647058823529413,mixed_snow_ice
58,83,208,-4.607843137254903,debris_rock
58,84,205,-4.901960784313726,debris_rock
58,85,177,-7.647058823529413,mixed_snow_ice
58,86,175,-7.843137254901961,mixed_snow_ice
58,87,176,-7.745098039215687,mixed_snow_ice
58,88,186,-6.764705882352942,debris_rock
58,89,190,-6.372549019607842,debris_rock
58,90,172,-8.137254901960784,mixed_snow_ice
58,91,196,-5.784313725490193,debris_rock
58,92,198,-5.588235294117645,debris_rock
58,93,193,-6.078431372549019,debris_rock
58,94,185,-6.862745098039216,mixed_snow_ice
58,95,195,-5.882352941176471,debris_rock
58,96,180,-7.352941176470587,mixed_snow_ice
58,97,206,-4.803921568627452,debris_rock
58,98,126,-12.647058823529411,regular_glacier_ice
58,99,160,-9.313725490196079,clean_glacier_ice
58,100,215,-3.9215686274509807,debris_rock
58,101,195,-5.882352941176471,debris_rock
58,102,166,-8.725490196078432,mixed_snow_ice
58,103,186,-6.764705882352942,debris_rock
58,104,151,-10.196078431372548,clean_glacier_ice
58,105,160,-9.313725490196079,clean_glacier_ice
58,106,168,-8.529411764705884,mixed_snow_ice
58,107,194,-5.980392156862745,debris_rock
58,108,185,-6.862745098039216,mixed_snow_ice
58,109,189,-6.470588235294116,debris_rock
58,110,191,-6.274509803921568,debris_rock
58,111,188,-6.56862745098039,debris_rock
58,112,157,-9.607843137254902,clean_glacier_ice
58,113,166,-8.725490196078432,mixed_snow_ice
58,114,168,-8.529411764705884,mixed_snow_ice
58,115,183,-7.0588235294117645,mixed_snow_ice
58,116,174,-7.9411764705882355,mixed_snow_ice
58,117,171,-8.235294117647062,mixed_snow_ice
58,118,168,-8.529411764705884,mixed_snow_ice
58,119,172,-8.137254901960784,mixed_snow_ice
58,120,158,-9.509803921568627,clean_glacier_ice
58,121,112,-14.019607843137255,regular_glacier_ice
58,122,90,-16.176470588235293,regular_glacier_ice
58,123,99,-15.294117647058822,regular_glacier_ice
58,124,85,-16.666666666666668,deep_glacier_ice
58,125,99,-15.294117647058822,regular_glacier_ice
58,138,255,0.0,debris_rock
58,139,222,-3.235294117647058,debris_rock
58,140,147,-10.588235294117649,clean_glacier_ice
58,141,150,-10.294117647058822,clean_glacier_ice
58,142,153,-10.0,clean_glacier_ice
58,143,129,-12.352941176470589,regular_glacier_ice
58,144,121,-13.137254901960786,regular_glacier_ice
58,145,248,-0.6862745098039227,debris_rock
58,146,212,-4.215686274509803,debris_rock
58,147,95,-15.686274509803921,regular_glacier_ice
58,148,85,-16.666666666666668,deep_glacier_ice
58,149,148,-10.49019607843137,clean_glacier_ice
58,150,186,-6.764705882352942,debris_rock
58,151,147,-10.588235294117649,clean_glacier_ice
58,152,137,-11.568627450980392,clean_glacier_ice
58,153,247,-0.7843137254901968,debris_rock
58,154,247,-0.7843137254901968,debris_rock
58,155,138,-11.470588235294118,clean_glacier_ice
58,156,166,-8.725490196078432,mixed_snow_ice
58,157,156,-9.705882352941176,clean_glacier_ice
58,158,163,-9.019607843137257,clean_glacier_ice
58,159,173,-8.03921568627451,mixed_snow_ice
58,160,190,-6.372549019607842,debris_rock
58,161,221,-3.333333333333332,debris_rock
58,162,186,-6.764705882352942,debris_rock
58,163,174,-7.9411764705882355,mixed_snow_ice
58,164,182,-7.156862745098039,mixed_snow_ice
58,165,195,-5.882352941176471,debris_rock
58,166,210,-4.411764705882355,debris_rock
58,167,200,-5.392156862745097,debris_rock
58,168,159,-9.411764705882353,clean_glacier_ice
58,169,185,-6.862745098039216,mixed_snow_ice
58,170,180,-7.352941176470587,mixed_snow_ice
58,171,198,-5.588235294117645,debris_rock
58,172,197,-5.686274509803919,debris_rock
58,173,190,-6.372549019607842,debris_rock
58,174,183,-7.0588235294117645,mixed_snow_ice
58,175,197,-5.686274509803919,debris_rock
58,176,194,-5.980392156862745,debris_rock
58,177,206,-4.803921568627452,debris_rock
58,178,183,-7.0588235294117645,mixed_snow_ice
58,179,199,-5.490196078431371,debris_rock
58,180,155,-9.803921568627452,clean_glacier_ice
58,181,142,-11.07843137254902,clean_glacier_ice
58,182,139,-11.372549019607844,clean_glacier_ice
58,183,179,-7.450980392156865,mixed_snow_ice
58,184,181,-7.254901960784313,mixed_snow_ice
58,185,162,-9.11764705882353,clean_glacier_ice
58,186,177,-7.647058823529413,mixed_snow_ice
58,187,203,-5.098039215686274,debris_rock
58,188,221,-3.333333333333332,debris_rock
58,189,207,-4.7058823529411775,debris_rock
58,190,181,-7.254901960784313,mixed_snow_ice
58,191,172,-8.137254901960784,mixed_snow_ice
58,192,152,-10.098039215686274,clean_glacier_ice
58,193,127,-12.549019607843137,regular_glacier_ice
58,194,150,-10.294117647058822,clean_glacier_ice
58,195,201,-5.2941176470588225,debris_rock
58,196,211,-4.313725490196081,debris_rock
58,197,156,-9.705882352941176,clean_glacier_ice
58,198,126,-12.647058823529411,regular_glacier_ice
58,199,135,-11.76470588235294,clean_glacier_ice
58,200,145,-10.784313725490197,clean_glacier_ice
58,201,159,-9.411764705882353,clean_glacier_ice
58,202,160,-9.313725490196079,clean_glacier_ice
58,203,161,-9.215686274509805,clean_glacier_ice
58,204,177,-7.647058823529413,mixed_snow_ice
58,205,173,-8.03921568627451,mixed_snow_ice
58,206,150,-10.294117647058822,clean_glacier_ice
58,207,181,-7.254901960784313,mixed_snow_ice
58,208,197,-5.686274509803919,debris_rock
58,209,155,-9.803921568627452,clean_glacier_ice
58,210,175,-7.843137254901961,mixed_snow_ice
58,211,192,-6.1764705882352935,debris_rock
58,212,209,-4.509803921568629,debris_rock
58,213,211,-4.313725490196081,debris_rock
58,214,212,-4.215686274509803,debris_rock
58,215,191,-6.274509803921568,debris_rock
58,216,179,-7.450980392156865,mixed_snow_ice
58,217,197,-5.686274509803919,debris_rock
58,218,224,-3.0392156862745097,debris_rock
58,219,220,-3.4313725490196063,debris_rock
58,220,195,-5.882352941176471,debris_rock
58,221,196,-5.784313725490193,debris_rock
58,222,201,-5.2941176470588225,debris_rock
59,0,211,-4.313725490196081,debris_rock
59,1,171,-8.235294117647062,mixed_snow_ice
59,2,156,-9.705882352941176,clean_glacier_ice
59,3,190,-6.372549019607842,debris_rock
59,4,163,-9.019607843137257,clean_glacier_ice
59,5,178,-7.549019607843139,mixed_snow_ice
59,6,168,-8.529411764705884,mixed_snow_ice
59,7,184,-6.96078431372549,mixed_snow_ice
59,8,170,-8.333333333333336,mixed_snow_ice
59,9,191,-6.274509803921568,debris_rock
59,10,200,-5.392156862745097,debris_rock
59,11,181,-7.254901960784313,mixed_snow_ice
59,12,189,-6.470588235294116,debris_rock
59,13,192,-6.1764705882352935,debris_rock
59,14,192,-6.1764705882352935,debris_rock
59,15,201,-5.2941176470588225,debris_rock
59,16,196,-5.784313725490193,debris_rock
59,17,155,-9.803921568627452,clean_glacier_ice
59,18,182,-7.156862745098039,mixed_snow_ice
59,19,155,-9.803921568627452,clean_glacier_ice
59,20,137,-11.568627450980392,clean_glacier_ice
59,21,123,-12.941176470588236,regular_glacier_ice
59,22,127,-12.549019607843137,regular_glacier_ice
59,23,160,-9.313725490196079,clean_glacier_ice
59,24,149,-10.392156862745097,clean_glacier_ice
59,25,181,-7.254901960784313,mixed_snow_ice
59,26,185,-6.862745098039216,mixed_snow_ice
59,27,209,-4.509803921568629,debris_rock
59,28,196,-5.784313725490193,debris_rock
59,29,207,-4.7058823529411775,debris_rock
59,30,197,-5.686274509803919,debris_rock
59,31,193,-6.078431372549019,debris_rock
59,32,188,-6.56862745098039,debris_rock
59,33,200,-5.392156862745097,debris_rock
59,34,188,-6.56862745098039,debris_rock
59,35,180,-7.352941176470587,mixed_snow_ice
59,36,188,-6.56862745098039,debris_rock
59,37,217,-3.7254901960784323,debris_rock
59,38,195,-5.882352941176471,debris_rock
59,39,210,-4.411764705882355,debris_rock
59,40,170,-8.333333333333336,mixed_snow_ice
59,42,200,-5.392156862745097,debris_rock
59,43,181,-7.254901960784313,mixed_snow_ice
59,44,210,-4.411764705882355,debris_rock
59,45,196,-5.784313725490193,debris_rock
59,46,200,-5.392156862745097,debris_rock
59,47,145,-10.784313725490197,clean_glacier_ice
59,48,139,-11.372549019607844,clean_glacier_ice
59,49,162,-9.11764705882353,clean_glacier_ice
59,50,199,-5.490196078431371,debris_rock
59,51,208,-4.607843137254903,debris_rock
59,52,224,-3.0392156862745097,debris_rock
59,53,184,-6.96078431372549,mixed_snow_ice
59,54,163,-9.019607843137257,clean_glacier_ice
59,55,151,-10.196078431372548,clean_glacier_ice
59,56,184,-6.96078431372549,mixed_snow_ice
59,57,178,-7.549019607843139,mixed_snow_ice
59,58,194,-5.980392156862745,debris_rock
59,59,162,-9.11764705882353,clean_glacier_ice
59,60,174,-7.9411764705882355,mixed_snow_ice
59,61,183,-7.0588235294117645,mixed_snow_ice
59,62,160,-9.313725490196079,clean_glacier_ice
59,63,128,-12.450980392156863,regular_glacier_ice
59,64,104,-14.803921568627452,regular_glacier_ice
59,65,126,-12.647058823529411,regular_glacier_ice
59,66,104,-14.803921568627452,regular_glacier_ice
59,67,96,-15.588235294117647,regular_glacier_ice
59,80,255,0.0,debris_rock
59,81,229,-2.5490196078431353,debris_rock
59,82,191,-6.274509803921568,debris_rock
59,83,163,-9.019607843137257,clean_glacier_ice
59,84,103,-14.901960784313726,regular_glacier_ice
59,85,128,-12.450980392156863,regular_glacier_ice
59,86,126,-12.647058823529411,regular_glacier_ice
59,87,242,-1.2745098039215712,debris_rock
59,88,201,-5.2941176470588225,debris_rock
59,89,81,-17.058823529411764,deep_glacier_ice
59,90,97,-15.490196078431373,regular_glacier_ice
59,91,134,-11.862745098039214,clean_glacier_ice
59,92,134,-11.862745098039214,clean_glacier_ice
59,93,89,-16.274509803921568,regular_glacier_ice
59,94,143,-10.980392156862745,clean_glacier_ice
59,95,215,-3.9215686274509807,debris_rock
59,96,220,-3.4313725490196063,debris_rock
59,97,170,-8.333333333333336,mixed_snow_ice
59,98,155,-9.803921568627452,clean_glacier_ice
59,99,187,-6.666666666666668,debris_rock
59,100,201,-5.2941176470588225,debris_rock
59,101,230,-2.450980392156861,debris_rock
59,102,208,-4.607843137254903,debris_rock
59,103,195,-5.882352941176471,debris_rock
59,104,180,-7.352941176470587,mixed_snow_ice
59,105,179,-7.450980392156865,mixed_snow_ice
59,106,202,-5.196078431372548,debris_rock
59,107,207,-4.7058823529411775,debris_rock
59,108,184,-6.96078431372549,mixed_snow_ice
59,109,189,-6.470588235294116,debris_rock
59,110,180,-7.352941176470587,mixed_snow_ice
59,111,164,-8.92156862745098,clean_glacier_ice
59,112,170,-8.333333333333336,mixed_snow_ice
59,113,209,-4.509803921568629,debris_rock
59,114,203,-5.098039215686274,debris_rock
59,115,186,-6.764705882352942,debris_rock
59,116,177,-7.647058823529413,mixed_snow_ice
59,117,214,-4.019607843137255,debris_rock
59,118,211,-4.313725490196081,debris_rock
59,119,193,-6.078431372549019,debris_rock
59,120,185,-6.862745098039216,mixed_snow_ice
59,121,178,-7.549019607843139,mixed_snow_ice
59,122,173,-8.03921568627451,mixed_snow_ice
59,123,150,-10.294117647058822,clean_glacier_ice
59,124,175,-7.843137254901961,mixed_snow_ice
59,125,211,-4.313725490196081,debris_rock
59,126,193,-6.078431372549019,debris_rock
59,127,186,-6.764705882352942,debris_rock
59,128,216,-3.8235294117647065,debris_rock
59,129,227,-2.745098039215687,debris_rock
59,130,229,-2.5490196078431353,debris_rock
59,131,190,-6.372549019607842,debris_rock
59,132,157,-9.607843137254902,clean_glacier_ice
59,133,173,-8.03921568627451,mixed_snow_ice
59,134,151,-10.196078431372548,clean_glacier_ice
59,135,137,-11.568627450980392,clean_glacier_ice
59,138,238,-1.6666666666666679,debris_rock
59,139,168,-8.529411764705884,mixed_snow_ice
59,140,172,-8.137254901960784,mixed_snow_ice
59,141,143,-10.980392156862745,clean_glacier_ice
59,142,173,-8.03921568627451,mixed_snow_ice
59,143,165,-8.823529411764707,clean_glacier_ice
59,144,165,-8.823529411764707,clean_glacier_ice
59,145,135,-11.76470588235294,clean_glacier_ice
59,146,199,-5.490196078431371,debris_rock
59,147,172,-8.137254901960784,mixed_snow_ice
59,148,144,-10.882352941176471,clean_glacier_ice
59,149,192,-6.1764705882352935,debris_rock
59,150,183,-7.0588235294117645,mixed_snow_ice
59,151,164,-8.92156862745098,clean_glacier_ice
59,152,177,-7.647058823529413,mixed_snow_ice
59,153,216,-3.8235294117647065,debris_rock
59,154,209,-4.509803921568629,debris_rock
59,155,208,-4.607843137254903,debris_rock
59,156,192,-6.1764705882352935,debris_rock
59,157,209,-4.509803921568629,debris_rock
59,158,201,-5.2941176470588225,debris_rock
59,159,225,-2.9411764705882355,debris_rock
59,160,211,-4.313725490196081,debris_rock
59,161,220,-3.4313725490196063,debris_rock
59,162,208,-4.607843137254903,debris_rock
59,163,185,-6.862745098039216,mixed_snow_ice
59,164,210,-4.411764705882355,debris_rock
59,165,200,-5.392156862745097,debris_rock
59,166,184,-6.96078431372549,mixed_snow_ice
59,167,179,-7.450980392156865,mixed_snow_ice
59,168,184,-6.96078431372549,mixed_snow_ice
59,169,181,-7.254901960784313,mixed_snow_ice
59,170,174,-7.9411764705882355,mixed_snow_ice
59,171,170,-8.333333333333336,mixed_snow_ice
59,172,173,-8.03921568627451,mixed_snow_ice
59,173,189,-6.470588235294116,debris_rock
59,174,189,-6.470588235294116,debris_rock
59,175,152,-10.098039215686274,clean_glacier_ice
59,176,208,-4.607843137254903,debris_rock
59,177,166,-8.725490196078432,mixed_snow_ice
59,178,199,-5.490196078431371,debris_rock
59,179,189,-6.470588235294116,debris_rock
59,180,184,-6.96078431372549,mixed_snow_ice
59,181,194,-5.980392156862745,debris_rock
59,182,180,-7.352941176470587,mixed_snow_ice
59,183,183,-7.0588235294117645,mixed_snow_ice
59,184,157,-9.607843137254902,clean_glacier_ice
59,185,201,-5.2941176470588225,debris_rock
59,186,202,-5.196078431372548,debris_rock
59,187,178,-7.549019607843139,mixed_snow_ice
59,188,172,-8.137254901960784,mixed_snow_ice
59,189,159,-9.411764705882353,clean_glacier_ice
59,190,181,-7.254901960784313,mixed_snow_ice
59,191,179,-7.450980392156865,mixed_snow_ice
59,192,201,-5.2941176470588225,debris_rock
59,193,196,-5.784313725490193,debris_rock
59,194,185,-6.862745098039216,mixed_snow_ice
59,195,188,-6.56862745098039,debris_rock
59,196,188,-6.56862745098039,debris_rock
59,197,158,-9.509803921568627,clean_glacier_ice
59,198,205,-4.901960784313726,debris_rock
59,199,169,-8.43137254901961,mixed_snow_ice
59,200,203,-5.098039215686274,debris_rock
59,201,196,-5.784313725490193,debris_rock
59,202,199,-5.490196078431371,debris_rock
59,203,179,-7.450980392156865,mixed_snow_ice
59,204,188,-6.56862745098039,debris_rock
59,205,182,-7.156862745098039,mixed_snow_ice
59,206,174,-7.9411764705882355,mixed_snow_ice
59,207,178,-7.549019607843139,mixed_snow_ice
59,208,192,-6.1764705882352935,debris_rock
59,209,217,-3.7254901960784323,debris_rock
59,210,241,-1.3725490196078454,debris_rock
59,211,227,-2.745098039215687,debris_rock
59,212,177,-7.647058823529413,mixed_snow_ice
59,213,176,-7.745098039215687,mixed_snow_ice
59,214,199,-5.490196078431371,debris_rock
59,215,208,-4.607843137254903,debris_rock
59,216,198,-5.588235294117645,debris_rock
59,217,208,-4.607843137254903,debris_rock
59,218,192,-6.1764705882352935,debris_rock
59,219,203,-5.098039215686274,debris_rock
59,220,181,-7.254901960784313,mixed_snow_ice
59,221,176,-7.745098039215687,mixed_snow_ice
59,222,190,-6.372549019607842,debris_rock
60,0,185,-6.862745098039216,mixed_snow_ice
60,1,167,-8.627450980392158,mixed_snow_ice
60,2,185,-6.862745098039216,mixed_snow_ice
60,3,196,-5.784313725490193,debris_rock
60,4,134,-11.862745098039214,clean_glacier_ice
60,5,88,-16.372549019607845,regular_glacier_ice
60,6,114,-13.823529411764705,regular_glacier_ice
60,7,116,-13.627450980392156,regular_glacier_ice
60,23,193,-6.078431372549019,debris_rock
60,24,233,-2.1568627450980387,debris_rock
60,25,242,-1.2745098039215712,debris_rock
60,26,114,-13.823529411764705,regular_glacier_ice
60,27,106,-14.607843137254902,regular_glacier_ice
60,28,139,-11.372549019607844,clean_glacier_ice
60,29,243,-1.176470588235297,debris_rock
60,30,176,-7.745098039215687,mixed_snow_ice
60,31,102,-15.0,regular_glacier_ice
60,32,101,-15.098039215686274,regular_glacier_ice
60,33,121,-13.137254901960786,regular_glacier_ice
60,34,112,-14.019607843137255,regular_glacier_ice
60,35,116,-13.627450980392156,regular_glacier_ice
60,36,133,-11.960784313725489,clean_glacier_ice
60,37,190,-6.372549019607842,debris_rock
60,38,216,-3.8235294117647065,debris_rock
60,39,160,-9.313725490196079,clean_glacier_ice
60,40,180,-7.352941176470587,mixed_snow_ice
60,41,204,-5.0,debris_rock
60,42,194,-5.980392156862745,debris_rock
60,43,213,-4.117647058823529,debris_rock
60,44,205,-4.901960784313726,debris_rock
60,45,196,-5.784313725490193,debris_rock
60,46,169,-8.43137254901961,mixed_snow_ice
60,47,190,-6.372549019607842,debris_rock
60,48,189,-6.470588235294116,debris_rock
60,49,209,-4.509803921568629,debris_rock
60,50,175,-7.843137254901961,mixed_snow_ice
60,51,175,-7.843137254901961,mixed_snow_ice
60,52,158,-9.509803921568627,clean_glacier_ice
60,53,174,-7.9411764705882355,mixed_snow_ice
60,54,219,-3.529411764705884,debris_rock
60,55,181,-7.254901960784313,mixed_snow_ice
60,56,181,-7.254901960784313,mixed_snow_ice
60,57,189,-6.470588235294116,debris_rock
60,58,176,-7.745098039215687,mixed_snow_ice
60,59,224,-3.0392156862745097,debris_rock
60,60,211,-4.313725490196081,debris_rock
60,61,236,-1.8627450980392162,debris_rock
60,62,215,-3.9215686274509807,debris_rock
60,63,198,-5.588235294117645,debris_rock
60,64,174,-7.9411764705882355,mixed_snow_ice
60,65,130,-12.254901960784315,clean_glacier_ice
60,66,183,-7.0588235294117645,mixed_snow_ice
60,67,208,-4.607843137254903,debris_rock
60,68,192,-6.1764705882352935,debris_rock
60,69,200,-5.392156862745097,debris_rock
60,70,218,-3.627450980392158,debris_rock
60,71,198,-5.588235294117645,debris_rock
60,72,208,-4.607843137254903,debris_rock
60,73,206,-4.803921568627452,debris_rock
60,74,196,-5.784313725490193,debris_rock
60,75,164,-8.92156862745098,clean_glacier_ice
60,76,183,-7.0588235294117645,mixed_snow_ice
60,77,164,-8.92156862745098,clean_glacier_ice
60,80,208,-4.607843137254903,debris_rock
60,81,164,-8.92156862745098,clean_glacier_ice
60,82,182,-7.156862745098039,mixed_snow_ice
60,83,168,-8.529411764705884,mixed_snow_ice
60,84,154,-9.901960784313726,clean_glacier_ice
60,85,125,-12.745098039215687,regular_glacier_ice
60,86,134,-11.862745098039214,clean_glacier_ice
60,87,172,-8.137254901960784,mixed_snow_ice
60,88,192,-6.1764705882352935,debris_rock
60,89,140,-11.274509803921568,clean_glacier_ice
60,90,152,-10.098039215686274,clean_glacier_ice
60,91,168,-8.529411764705884,mixed_snow_ice
60,92,173,-8.03921568627451,mixed_snow_ice
60,93,175,-7.843137254901961,mixed_snow_ice
60,94,187,-6.666666666666668,debris_rock
60,95,179,-7.450980392156865,mixed_snow_ice
60,96,137,-11.568627450980392,clean_glacier_ice
60,97,206,-4.803921568627452,debris_rock
60,98,214,-4.019607843137255,debris_rock
60,99,189,-6.470588235294116,debris_rock
60,100,227,-2.745098039215687,debris_rock
60,101,225,-2.9411764705882355,debris_rock
60,102,202,-5.196078431372548,debris_rock
60,103,213,-4.117647058823529,debris_rock
60,104,214,-4.019607843137255,debris_rock
60,105,182,-7.156862745098039,mixed_snow_ice
60,106,214,-4.019607843137255,debris_rock
60,107,209,-4.509803921568629,debris_rock
60,108,159,-9.411764705882353,clean_glacier_ice
60,109,187,-6.666666666666668,debris_rock
60,110,175,-7.843137254901961,mixed_snow_ice
60,111,193,-6.078431372549019,debris_rock
60,112,206,-4.803921568627452,debris_rock
60,113,186,-6.764705882352942,debris_rock
60,114,163,-9.019607843137257,clean_glacier_ice
60,115,154,-9.901960784313726,clean_glacier_ice
60,116,171,-8.235294117647062,mixed_snow_ice
60,117,181,-7.254901960784313,mixed_snow_ice
60,118,183,-7.0588235294117645,mixed_snow_ice
60,119,164,-8.92156862745098,clean_glacier_ice
60,120,197,-5.686274509803919,debris_rock
60,121,189,-6.470588235294116,debris_rock
60,122,200,-5.392156862745097,debris_rock
60,123,173,-8.03921568627451,mixed_snow_ice
60,124,187,-6.666666666666668,debris_rock
60,125,206,-4.803921568627452,debris_rock
60,126,170,-8.333333333333336,mixed_snow_ice
60,127,174,-7.9411764705882355,mixed_snow_ice
60,128,179,-7.450980392156865,mixed_snow_ice
60,129,169,-8.43137254901961,mixed_snow_ice
60,130,183,-7.0588235294117645,mixed_snow_ice
60,131,183,-7.0588235294117645,mixed_snow_ice
60,132,179,-7.450980392156865,mixed_snow_ice
60,133,151,-10.196078431372548,clean_glacier_ice
60,134,156,-9.705882352941176,clean_glacier_ice
60,135,196,-5.784313725490193,debris_rock
60,136,168,-8.529411764705884,mixed_snow_ice
60,137,183,-7.0588235294117645,mixed_snow_ice
60,138,211,-4.313725490196081,debris_rock
60,139,188,-6.56862745098039,debris_rock
60,140,205,-4.901960784313726,debris_rock
60,141,185,-6.862745098039216,mixed_snow_ice
60,142,199,-5.490196078431371,debris_rock
60,143,212,-4.215686274509803,debris_rock
60,144,183,-7.0588235294117645,mixed_snow_ice
60,145,172,-8.137254901960784,mixed_snow_ice
60,146,179,-7.450980392156865,mixed_snow_ice
60,147,171,-8.235294117647062,mixed_snow_ice
60,148,198,-5.588235294117645,debris_rock
60,149,195,-5.882352941176471,debris_rock
60,150,143,-10.980392156862745,clean_glacier_ice
60,151,147,-10.588235294117649,clean_glacier_ice
60,152,194,-5.980392156862745,debris_rock
60,153,209,-4.509803921568629,debris_rock
60,154,173,-8.03921568627451,mixed_snow_ice
60,155,205,-4.901960784313726,debris_rock
60,156,169,-8.43137254901961,mixed_snow_ice
60,157,180,-7.352941176470587,mixed_snow_ice
60,158,195,-5.882352941176471,debris_rock
60,159,186,-6.764705882352942,debris_rock
60,160,168,-8.529411764705884,mixed_snow_ice
60,161,157,-9.607843137254902,clean_glacier_ice
60,162,170,-8.333333333333336,mixed_snow_ice
60,163,165,-8.823529411764707,clean_glacier_ice
60,164,171,-8.235294117647062,mixed_snow_ice
60,165,169,-8.43137254901961,mixed_snow_ice
60,166,168,-8.529411764705884,mixed_snow_ice
60,167,157,-9.607843137254902,clean_glacier_ice
60,168,158,-9.509803921568627,clean_glacier_ice
60,169,96,-15.588235294117647,regular_glacier_ice
60,170,82,-16.96078431372549,deep_glacier_ice
60,171,118,-13.431372549019608,regular_glacier_ice
60,188,146,-10.686274509803923,clean_glacier_ice
60,189,224,-3.0392156862745097,debris_rock
60,190,248,-0.6862745098039227,debris_rock
60,191,163,-9.019607843137257,clean_glacier_ice
60,192,148,-10.49019607843137,clean_glacier_ice
60,193,190,-6.372549019607842,debris_rock
60,194,255,0.0,debris_rock
60,195,205,-4.901960784313726,debris_rock
60,196,53,-19.80392156862745,deep_glacier_ice
60,197,87,-16.470588235294116,deep_glacier_ice
60,198,70,-18.137254901960784,deep_glacier_ice
60,199,158,-9.509803921568627,clean_glacier_ice
60,200,195,-5.882352941176471,debris_rock
60,201,195,-5.882352941176471,debris_rock
60,202,201,-5.2941176470588225,debris_rock
60,203,191,-6.274509803921568,debris_rock
60,204,187,-6.666666666666668,debris_rock
60,205,213,-4.117647058823529,debris_rock
60,206,202,-5.196078431372548,debris_rock
60,207,185,-6.862745098039216,mixed_snow_ice
60,208,192,-6.1764705882352935,debris_rock
60,209,200,-5.392156862745097,debris_rock
60,210,212,-4.215686274509803,debris_rock
60,211,175,-7.843137254901961,mixed_snow_ice
60,212,185,-6.862745098039216,mixed_snow_ice
60,213,210,-4.411764705882355,debris_rock
60,214,195,-5.882352941176471,debris_rock
60,215,197,-5.686274509803919,debris_rock
60,216,182,-7.156862745098039,mixed_snow_ice
60,217,182,-7.156862745098039,mixed_snow_ice
60,218,174,-7.9411764705882355,mixed_snow_ice
60,219,191,-6.274509803921568,debris_rock
60,220,192,-6.1764705882352935,debris_rock
60,221,181,-7.254901960784313,mixed_snow_ice
60,222,171,-8.235294117647062,mixed_snow_ice
61,0,190,-6.372549019607842,debris_rock
61,1,195,-5.882352941176471,debris_rock
61,2,218,-3.627450980392158,debris_rock
61,3,189,-6.470588235294116,debris_rock
61,4,209,-4.509803921568629,debris_rock
61,5,173,-8.03921568627451,mixed_snow_ice
61,6,171,-8.235294117647062,mixed_snow_ice
61,7,170,-8.333333333333336,mixed_snow_ice
61,8,175,-7.843137254901961,mixed_snow_ice
61,9,157,-9.607843137254902,clean_glacier_ice
61,10,184,-6.96078431372549,mixed_snow_ice
61,11,224,-3.0392156862745097,debris_rock
61,12,172,-8.137254901960784,mixed_snow_ice
61,13,183,-7.0588235294117645,mixed_snow_ice
61,14,185,-6.862745098039216,mixed_snow_ice
61,15,214,-4.019607843137255,debris_rock
61,16,179,-7.450980392156865,mixed_snow_ice
61,17,139,-11.372549019607844,clean_glacier_ice
61,18,169,-8.43137254901961,mixed_snow_ice
61,19,170,-8.333333333333336,mixed_snow_ice
61,20,133,-11.960784313725489,clean_glacier_ice
61,21,153,-10.0,clean_glacier_ice
61,22,156,-9.705882352941176,clean_glacier_ice
61,23,171,-8.235294117647062,mixed_snow_ice
61,24,170,-8.333333333333336,mixed_snow_ice
61,25,210,-4.411764705882355,debris_rock
61,26,179,-7.450980392156865,mixed_snow_ice
61,27,178,-7.549019607843139,mixed_snow_ice
61,28,207,-4.7058823529411775,debris_rock
61,29,163,-9.019607843137257,clean_glacier_ice
61,30,172,-8.137254901960784,mixed_snow_ice
61,31,176,-7.745098039215687,mixed_snow_ice
61,32,196,-5.784313725490193,debris_rock
61,33,190,-6.372549019607842,debris_rock
61,34,179,-7.450980392156865,mixed_snow_ice
61,35,208,-4.607843137254903,debris_rock
61,36,189,-6.470588235294116,debris_rock
61,37,172,-8.137254901960784,mixed_snow_ice
61,38,173,-8.03921568627451,mixed_snow_ice
61,39,221,-3.333333333333332,debris_rock
61,40,213,-4.117647058823529,debris_rock
61,41,216,-3.8235294117647065,debris_rock
61,42,187,-6.666666666666668,debris_rock
61,43,216,-3.8235294117647065,debris_rock
61,44,211,-4.313725490196081,debris_rock
61,45,223,-3.137254901960784,debris_rock
61,46,167,-8.627450980392158,mixed_snow_ice
61,47,198,-5.588235294117645,debris_rock
61,48,196,-5.784313725490193,debris_rock
61,49,193,-6.078431372549019,debris_rock
61,50,166,-8.725490196078432,mixed_snow_ice
61,51,200,-5.392156862745097,debris_rock
61,52,185,-6.862745098039216,mixed_snow_ice
61,53,200,-5.392156862745097,debris_rock
61,54,203,-5.098039215686274,debris_rock
61,55,197,-5.686274509803919,debris_rock
61,56,189,-6.470588235294116,debris_rock
61,57,145,-10.784313725490197,clean_glacier_ice
61,58,131,-12.15686274509804,clean_glacier_ice
61,59,164,-8.92156862745098,clean_glacier_ice
61,60,188,-6.56862745098039,debris_rock
61,61,181,-7.254901960784313,mixed_snow_ice
61,62,206,-4.803921568627452,debris_rock
61,63,210,-4.411764705882355,debris_rock
61,64,187,-6.666666666666668,debris_rock
61,65,205,-4.901960784313726,debris_rock
61,66,202,-5.196078431372548,debris_rock
61,67,181,-7.254901960784313,mixed_snow_ice
61,68,192,-6.1764705882352935,debris_rock
61,69,169,-8.43137254901961,mixed_snow_ice
61,70,175,-7.843137254901961,mixed_snow_ice
61,71,189,-6.470588235294116,debris_rock
61,72,182,-7.156862745098039,mixed_snow_ice
61,73,200,-5.392156862745097,debris_rock
61,74,214,-4.019607843137255,debris_rock
61,75,170,-8.333333333333336,mixed_snow_ice
61,76,146,-10.686274509803923,clean_glacier_ice
61,77,172,-8.137254901960784,mixed_snow_ice
61,78,161,-9.215686274509805,clean_glacier_ice
61,79,182,-7.156862745098039,mixed_snow_ice
61,80,180,-7.352941176470587,mixed_snow_ice
61,81,199,-5.490196078431371,debris_rock
61,82,161,-9.215686274509805,clean_glacier_ice
61,83,184,-6.96078431372549,mixed_snow_ice
61,84,187,-6.666666666666668,debris_rock
61,85,175,-7.843137254901961,mixed_snow_ice
61,86,188,-6.56862745098039,debris_rock
61,87,180,-7.352941176470587,mixed_snow_ice
61,88,175,-7.843137254901961,mixed_snow_ice
61,89,178,-7.549019607843139,mixed_snow_ice
61,90,118,-13.431372549019608,regular_glacier_ice
61,91,145,-10.784313725490197,clean_glacier_ice
61,92,211,-4.313725490196081,debris_rock
61,93,169,-8.43137254901961,mixed_snow_ice
61,94,148,-10.49019607843137,clean_glacier_ice
61,95,167,-8.627450980392158,mixed_snow_ice
61,96,171,-8.235294117647062,mixed_snow_ice
61,97,223,-3.137254901960784,debris_rock
61,98,205,-4.901960784313726,debris_rock
61,99,171,-8.235294117647062,mixed_snow_ice
61,100,189,-6.470588235294116,debris_rock
61,101,156,-9.705882352941176,clean_glacier_ice
61,102,153,-10.0,clean_glacier_ice
61,103,157,-9.607843137254902,clean_glacier_ice
61,104,140,-11.274509803921568,clean_glacier_ice
61,105,156,-9.705882352941176,clean_glacier_ice
61,106,164,-8.92156862745098,clean_glacier_ice
61,107,177,-7.647058823529413,mixed_snow_ice
61,108,165,-8.823529411764707,clean_glacier_ice
61,109,145,-10.784313725490197,clean_glacier_ice
61,110,141,-11.176470588235293,clean_glacier_ice
61,111,105,-14.705882352941178,regular_glacier_ice
61,112,117,-13.529411764705882,regular_glacier_ice
61,130,197,-5.686274509803919,debris_rock
61,131,134,-11.862745098039214,clean_glacier_ice
61,132,192,-6.1764705882352935,debris_rock
61,133,184,-6.96078431372549,mixed_snow_ice
61,134,192,-6.1764705882352935,debris_rock
61,135,215,-3.9215686274509807,debris_rock
61,136,255,0.0,debris_rock
61,137,191,-6.274509803921568,debris_rock
61,138,115,-13.72549019607843,regular_glacier_ice
61,139,152,-10.098039215686274,clean_glacier_ice
61,140,126,-12.647058823529411,regular_glacier_ice
61,141,188,-6.56862745098039,debris_rock
61,142,221,-3.333333333333332,debris_rock
61,143,212,-4.215686274509803,debris_rock
61,144,177,-7.647058823529413,mixed_snow_ice
61,145,149,-10.392156862745097,clean_glacier_ice
61,146,195,-5.882352941176471,debris_rock
61,147,208,-4.607843137254903,debris_rock
61,148,199,-5.490196078431371,debris_rock
61,149,201,-5.2941176470588225,debris_rock
61,150,191,-6.274509803921568,debris_rock
61,151,212,-4.215686274509803,debris_rock
61,152,210,-4.411764705882355,debris_rock
61,153,179,-7.450980392156865,mixed_snow_ice
61,154,181,-7.254901960784313,mixed_snow_ice
61,155,200,-5.392156862745097,debris_rock
61,156,208,-4.607843137254903,debris_rock
61,157,188,-6.56862745098039,debris_rock
61,158,206,-4.803921568627452,debris_rock
61,159,187,-6.666666666666668,debris_rock
61,160,179,-7.450980392156865,mixed_snow_ice
61,161,212,-4.215686274509803,debris_rock
61,162,195,-5.882352941176471,debris_rock
61,163,203,-5.098039215686274,debris_rock
61,164,170,-8.333333333333336,mixed_snow_ice
61,165,199,-5.490196078431371,debris_rock
61,166,205,-4.901960784313726,debris_rock
61,167,192,-6.1764705882352935,debris_rock
61,168,196,-5.784313725490193,debris_rock
61,169,209,-4.509803921568629,debris_rock
61,170,195,-5.882352941176471,debris_rock
61,171,188,-6.56862745098039,debris_rock
61,172,182,-7.156862745098039,mixed_snow_ice
61,173,178,-7.549019607843139,mixed_snow_ice
61,174,186,-6.764705882352942,debris_rock
61,175,182,-7.156862745098039,mixed_snow_ice
61,176,202,-5.196078431372548,debris_rock
61,177,213,-4.117647058823529,debris_rock
61,178,205,-4.901960784313726,debris_rock
61,179,196,-5.784313725490193,debris_rock
61,180,180,-7.352941176470587,mixed_snow_ice
61,181,174,-7.9411764705882355,mixed_snow_ice
61,182,139,-11.372549019607844,clean_glacier_ice
61,183,162,-9.11764705882353,clean_glacier_ice
61,184,136,-11.666666666666666,clean_glacier_ice
61,185,121,-13.137254901960786,regular_glacier_ice
61,186,94,-15.784313725490195,regular_glacier_ice
61,187,145,-10.784313725490197,clean_glacier_ice
61,188,222,-3.235294117647058,debris_rock
61,189,227,-2.745098039215687,debris_rock
61,190,219,-3.529411764705884,debris_rock
61,191,165,-8.823529411764707,clean_glacier_ice
61,192,192,-6.1764705882352935,debris_rock
61,193,192,-6.1764705882352935,debris_rock
61,194,178,-7.549019607843139,mixed_snow_ice
61,195,210,-4.411764705882355,debris_rock
61,196,218,-3.627450980392158,debris_rock
61,197,163,-9.019607843137257,clean_glacier_ice
61,198,156,-9.705882352941176,clean_glacier_ice
61,199,188,-6.56862745098039,debris_rock
61,200,197,-5.686274509803919,debris_rock
61,201,180,-7.352941176470587,mixed_snow_ice
61,202,217,-3.7254901960784323,debris_rock
61,203,165,-8.823529411764707,clean_glacier_ice
61,204,146,-10.686274509803923,clean_glacier_ice
61,205,168,-8.529411764705884,mixed_snow_ice
61,206,212,-4.215686274509803,debris_rock
61,207,190,-6.372549019607842,debris_rock
61,208,205,-4.901960784313726,debris_rock
61,209,229,-2.5490196078431353,debris_rock
61,210,222,-3.235294117647058,debris_rock
61,211,210,-4.411764705882355,debris_rock
61,212,199,-5.490196078431371,debris_rock
61,213,183,-7.0588235294117645,mixed_snow_ice
61,214,210,-4.411764705882355,debris_rock
61,215,183,-7.0588235294117645,mixed_snow_ice
61,216,197,-5.686274509803919,debris_rock
61,217,203,-5.098039215686274,debris_rock
61,218,208,-4.607843137254903,debris_rock
61,219,209,-4.509803921568629,debris_rock
61,220,196,-5.784313725490193,debris_rock
61,221,194,-5.980392156862745,debris_rock
61,222,163,-9.019607843137257,clean_glacier_ice
62,0,165,-8.823529411764707,clean_glacier_ice
62,1,172,-8.137254901960784,mixed_snow_ice
62,2,192,-6.1764705882352935,debris_rock
62,3,165,-8.823529411764707,clean_glacier_ice
62,4,186,-6.764705882352942,debris_rock
62,5,198,-5.588235294117645,debris_rock
62,6,202,-5.196078431372548,debris_rock
62,7,189,-6.470588235294116,debris_rock
62,8,208,-4.607843137254903,debris_rock
62,9,193,-6.078431372549019,debris_rock
62,10,190,-6.372549019607842,debris_rock
62,11,176,-7.745098039215687,mixed_snow_ice
62,12,194,-5.980392156862745,debris_rock
62,13,171,-8.235294117647062,mixed_snow_ice
62,14,163,-9.019607843137257,clean_glacier_ice
62,15,192,-6.1764705882352935,debris_rock
62,16,197,-5.686274509803919,debris_rock
62,17,212,-4.215686274509803,debris_rock
62,18,159,-9.411764705882353,clean_glacier_ice
62,19,175,-7.843137254901961,mixed_snow_ice
62,20,181,-7.254901960784313,mixed_snow_ice
62,21,199,-5.490196078431371,debris_rock
62,22,226,-2.8431372549019613,debris_rock
62,23,180,-7.352941176470587,mixed_snow_ice
62,24,172,-8.137254901960784,mixed_snow_ice
62,25,177,-7.647058823529413,mixed_snow_ice
62,26,175,-7.843137254901961,mixed_snow_ice
62,27,195,-5.882352941176471,debris_rock
62,28,185,-6.862745098039216,mixed_snow_ice
62,29,167,-8.627450980392158,mixed_snow_ice
62,30,195,-5.882352941176471,debris_rock
62,31,143,-10.980392156862745,clean_glacier_ice
62,32,122,-13.03921568627451,regular_glacier_ice
62,33,193,-6.078431372549019,debris_rock
62,34,223,-3.137254901960784,debris_rock
62,35,191,-6.274509803921568,debris_rock
62,36,139,-11.372549019607844,clean_glacier_ice
62,37,172,-8.137254901960784,mixed_snow_ice
62,38,202,-5.196078431372548,debris_rock
62,39,222,-3.235294117647058,debris_rock
62,40,164,-8.92156862745098,clean_glacier_ice
62,41,190,-6.372549019607842,debris_rock
62,42,154,-9.901960784313726,clean_glacier_ice
62,43,170,-8.333333333333336,mixed_snow_ice
62,44,168,-8.529411764705884,mixed_snow_ice
62,45,121,-13.137254901960786,regular_glacier_ice
62,46,128,-12.450980392156863,regular_glacier_ice
62,47,149,-10.392156862745097,clean_glacier_ice
62,48,174,-7.9411764705882355,mixed_snow_ice
62,49,183,-7.0588235294117645,mixed_snow_ice
62,50,181,-7.254901960784313,mixed_snow_ice
62,51,116,-13.627450980392156,regular_glacier_ice
62,52,79,-17.254901960784313,deep_glacier_ice
62,53,95,-15.686274509803921,regular_glacier_ice
62,54,102,-15.0,regular_glacier_ice
62,55,66,-18.52941176470588,deep_glacier_ice
62,73,133,-11.960784313725489,clean_glacier_ice
62,74,103,-14.901960784313726,regular_glacier_ice
62,75,113,-13.92156862745098,regular_glacier_ice
62,76,215,-3.9215686274509807,debris_rock
62,77,220,-3.4313725490196063,debris_rock
62,78,233,-2.1568627450980387,debris_rock
62,79,191,-6.274509803921568,debris_rock
62,80,150,-10.294117647058822,clean_glacier_ice
62,81,157,-9.607843137254902,clean_glacier_ice
62,82,172,-8.137254901960784,mixed_snow_ice
62,83,209,-4.509803921568629,debris_rock
62,84,237,-1.764705882352942,debris_rock
62,85,220,-3.4313725490196063,debris_rock
62,86,186,-6.764705882352942,debris_rock
62,87,171,-8.235294117647062,mixed_snow_ice
62,88,202,-5.196078431372548,debris_rock
62,89,239,-1.5686274509803937,debris_rock
62,90,229,-2.5490196078431353,debris_rock
62,91,221,-3.333333333333332,debris_rock
62,92,195,-5.882352941176471,debris_rock
62,93,189,-6.470588235294116,debris_rock
62,94,198,-5.588235294117645,debris_rock
62,95,187,-6.666666666666668,debris_rock
62,96,155,-9.803921568627452,clean_glacier_ice
62,97,176,-7.745098039215687,mixed_snow_ice
62,98,193,-6.078431372549019,debris_rock
62,99,153,-10.0,clean_glacier_ice
62,100,182,-7.156862745098039,mixed_snow_ice
62,101,197,-5.686274509803919,debris_rock
62,102,186,-6.764705882352942,debris_rock
62,103,179,-7.450980392156865,mixed_snow_ice
62,104,184,-6.96078431372549,mixed_snow_ice
62,105,195,-5.882352941176471,debris_rock
62,106,188,-6.56862745098039,debris_rock
62,107,205,-4.901960784313726,debris_rock
62,108,164,-8.92156862745098,clean_glacier_ice
62,109,199,-5.490196078431371,debris_rock
62,110,224,-3.0392156862745097,debris_rock
62,111,208,-4.607843137254903,debris_rock
62,112,185,-6.862745098039216,mixed_snow_ice
62,113,170,-8.333333333333336,mixed_snow_ice
62,114,211,-4.313725490196081,debris_rock
62,115,179,-7.450980392156865,mixed_snow_ice
62,116,189,-6.470588235294116,debris_rock
62,117,179,-7.450980392156865,mixed_snow_ice
62,118,203,-5.098039215686274,debris_rock
62,119,216,-3.8235294117647065,debris_rock
62,120,179,-7.450980392156865,mixed_snow_ice
62,121,188,-6.56862745098039,debris_rock
62,122,162,-9.11764705882353,clean_glacier_ice
62,123,132,-12.058823529411763,clean_glacier_ice
62,124,132,-12.058823529411763,clean_glacier_ice
62,125,133,-11.960784313725489,clean_glacier_ice
62,126,97,-15.490196078431373,regular_glacier_ice
62,127,124,-12.843137254901961,regular_glacier_ice
62,128,118,-13.431372549019608,regular_glacier_ice
62,131,226,-2.8431372549019613,debris_rock
62,132,172,-8.137254901960784,mixed_snow_ice
62,133,194,-5.980392156862745,debris_rock
62,134,183,-7.0588235294117645,mixed_snow_ice
62,135,158,-9.509803921568627,clean_glacier_ice
62,136,179,-7.450980392156865,mixed_snow_ice
62,137,232,-2.254901960784313,debris_rock
62,138,187,-6.666666666666668,debris_rock
62,139,176,-7.745098039215687,mixed_snow_ice
62,140,238,-1.6666666666666679,debris_rock
62,141,232,-2.254901960784313,debris_rock
62,142,184,-6.96078431372549,mixed_snow_ice
62,143,175,-7.843137254901961,mixed_snow_ice
62,144,164,-8.92156862745098,clean_glacier_ice
62,145,136,-11.666666666666666,clean_glacier_ice
62,146,99,-15.294117647058822,regular_glacier_ice
62,147,136,-11.666666666666666,clean_glacier_ice
62,148,137,-11.568627450980392,clean_glacier_ice
62,149,240,-1.4705882352941195,debris_rock
62,150,228,-2.6470588235294095,debris_rock
62,151,225,-2.9411764705882355,debris_rock
62,152,219,-3.529411764705884,debris_rock
62,153,152,-10.098039215686274,clean_glacier_ice
62,154,205,-4.901960784313726,debris_rock
62,155,212,-4.215686274509803,debris_rock
62,156,217,-3.7254901960784323,debris_rock
62,157,175,-7.843137254901961,mixed_snow_ice
62,158,237,-1.764705882352942,debris_rock
62,159,193,-6.078431372549019,debris_rock
62,160,221,-3.333333333333332,debris_rock
62,161,181,-7.254901960784313,mixed_snow_ice
62,162,171,-8.235294117647062,mixed_snow_ice
62,163,194,-5.980392156862745,debris_rock
62,164,183,-7.0588235294117645,mixed_snow_ice
62,165,160,-9.313725490196079,clean_glacier_ice
62,166,172,-8.137254901960784,mixed_snow_ice
62,167,195,-5.882352941176471,debris_rock
62,168,184,-6.96078431372549,mixed_snow_ice
62,169,152,-10.098039215686274,clean_glacier_ice
62,170,191,-6.274509803921568,debris_rock
62,171,181,-7.254901960784313,mixed_snow_ice
62,172,185,-6.862745098039216,mixed_snow_ice
62,173,197,-5.686274509803919,debris_rock
62,174,209,-4.509803921568629,debris_rock
62,175,215,-3.9215686274509807,debris_rock
62,176,207,-4.7058823529411775,debris_rock
62,177,193,-6.078431372549019,debris_rock
62,178,200,-5.392156862745097,debris_rock
62,179,162,-9.11764705882353,clean_glacier_ice
62,180,202,-5.196078431372548,debris_rock
62,181,171,-8.235294117647062,mixed_snow_ice
62,182,211,-4.313725490196081,debris_rock
62,183,210,-4.411764705882355,debris_rock
62,184,202,-5.196078431372548,debris_rock
62,185,212,-4.215686274509803,debris_rock
62,186,167,-8.627450980392158,mixed_snow_ice
62,187,202,-5.196078431372548,debris_rock
62,188,199,-5.490196078431371,debris_rock
62,189,193,-6.078431372549019,debris_rock
62,190,185,-6.862745098039216,mixed_snow_ice
62,191,185,-6.862745098039216,mixed_snow_ice
62,192,215,-3.9215686274509807,debris_rock
62,193,193,-6.078431372549019,debris_rock
62,194,187,-6.666666666666668,debris_rock
62,195,190,-6.372549019607842,debris_rock
62,196,118,-13.431372549019608,regular_glacier_ice
62,197,142,-11.07843137254902,clean_glacier_ice
62,198,138,-11.470588235294118,clean_glacier_ice
62,199,183,-7.0588235294117645,mixed_snow_ice
62,200,211,-4.313725490196081,debris_rock
62,201,162,-9.11764705882353,clean_glacier_ice
62,202,180,-7.352941176470587,mixed_snow_ice
62,203,179,-7.450980392156865,mixed_snow_ice
62,204,199,-5.490196078431371,debris_rock
62,205,171,-8.235294117647062,mixed_snow_ice
62,206,191,-6.274509803921568,debris_rock
62,207,165,-8.823529411764707,clean_glacier_ice
62,208,151,-10.196078431372548,clean_glacier_ice
62,209,154,-9.901960784313726,clean_glacier_ice
62,210,137,-11.568627450980392,clean_glacier_ice
62,211,164,-8.92156862745098,clean_glacier_ice
62,212,151,-10.196078431372548,clean_glacier_ice
62,213,191,-6.274509803921568,debris_rock
62,214,173,-8.03921568627451,mixed_snow_ice
62,215,168,-8.529411764705884,mixed_snow_ice
62,216,86,-16.568627450980394,deep_glacier_ice
62,217,85,-16.666666666666668,deep_glacier_ice
62,218,76,-17.549019607843135,deep_glacier_ice
62,219,83,-16.862745098039216,deep_glacier_ice
63,15,130,-12.254901960784315,clean_glacier_ice
63,16,74,-17.745098039215684,deep_glacier_ice
63,17,136,-11.666666666666666,clean_glacier_ice
63,18,215,-3.9215686274509807,debris_rock
63,19,239,-1.5686274509803937,debris_rock
63,20,248,-0.6862745098039227,debris_rock
63,21,216,-3.8235294117647065,debris_rock
63,22,158,-9.509803921568627,clean_glacier_ice
63,23,149,-10.392156862745097,clean_glacier_ice
63,24,171,-8.235294117647062,mixed_snow_ice
63,25,229,-2.5490196078431353,debris_rock
63,26,229,-2.5490196078431353,debris_rock
63,27,198,-5.588235294117645,debris_rock
63,28,181,-7.254901960784313,mixed_snow_ice
63,29,188,-6.56862745098039,debris_rock
63,30,212,-4.215686274509803,debris_rock
63,31,209,-4.509803921568629,debris_rock
63,32,173,-8.03921568627451,mixed_snow_ice
63,33,203,-5.098039215686274,debris_rock
63,34,181,-7.254901960784313,mixed_snow_ice
63,35,214,-4.019607843137255,debris_rock
63,36,188,-6.56862745098039,debris_rock
63,37,205,-4.901960784313726,debris_rock
63,38,178,-7.549019607843139,mixed_snow_ice
63,39,190,-6.372549019607842,debris_rock
63,40,197,-5.686274509803919,debris_rock
63,41,185,-6.862745098039216,mixed_snow_ice
63,42,188,-6.56862745098039,debris_rock
63,43,212,-4.215686274509803,debris_rock
63,44,173,-8.03921568627451,mixed_snow_ice
63,45,169,-8.43137254901961,mixed_snow_ice
63,46,191,-6.274509803921568,debris_rock
63,47,182,-7.156862745098039,mixed_snow_ice
63,48,198,-5.588235294117645,debris_rock
63,49,204,-5.0,debris_rock
63,50,187,-6.666666666666668,debris_rock
63,51,204,-5.0,debris_rock
63,52,203,-5.098039215686274,debris_rock
63,53,200,-5.392156862745097,debris_rock
63,54,197,-5.686274509803919,debris_rock
63,55,187,-6.666666666666668,debris_rock
63,56,183,-7.0588235294117645,mixed_snow_ice
63,57,182,-7.156862745098039,mixed_snow_ice
63,58,166,-8.725490196078432,mixed_snow_ice
63,59,164,-8.92156862745098,clean_glacier_ice
63,60,206,-4.803921568627452,debris_rock
63,61,176,-7.745098039215687,mixed_snow_ice
63,62,178,-7.549019607843139,mixed_snow_ice
63,63,178,-7.549019607843139,mixed_snow_ice
63,64,172,-8.137254901960784,mixed_snow_ice
63,65,105,-14.705882352941178,regular_glacier_ice
63,69,172,-8.137254901960784,mixed_snow_ice
63,70,125,-12.745098039215687,regular_glacier_ice
63,73,183,-7.0588235294117645,mixed_snow_ice
63,74,159,-9.411764705882353,clean_glacier_ice
63,75,219,-3.529411764705884,debris_rock
63,76,165,-8.823529411764707,clean_glacier_ice
63,77,173,-8.03921568627451,mixed_snow_ice
63,78,188,-6.56862745098039,debris_rock
63,79,173,-8.03921568627451,mixed_snow_ice
63,80,183,-7.0588235294117645,mixed_snow_ice
63,81,199,-5.490196078431371,debris_rock
63,82,184,-6.96078431372549,mixed_snow_ice
63,83,187,-6.666666666666668,debris_rock
63,84,162,-9.11764705882353,clean_glacier_ice
63,85,156,-9.705882352941176,clean_glacier_ice
63,86,176,-7.745098039215687,mixed_snow_ice
63,87,173,-8.03921568627451,mixed_snow_ice
63,88,158,-9.509803921568627,clean_glacier_ice
63,89,164,-8.92156862745098,clean_glacier_ice
63,90,223,-3.137254901960784,debris_rock
63,91,228,-2.6470588235294095,debris_rock
63,92,210,-4.411764705882355,debris_rock
63,93,223,-3.137254901960784,debris_rock
63,94,197,-5.686274509803919,debris_rock
63,95,176,-7.745098039215687,mixed_snow_ice
63,96,195,-5.882352941176471,debris_rock
63,97,215,-3.9215686274509807,debris_rock
63,98,217,-3.7254901960784323,debris_rock
63,99,172,-8.137254901960784,mixed_snow_ice
63,100,212,-4.215686274509803,debris_rock
63,101,202,-5.196078431372548,debris_rock
63,102,182,-7.156862745098039,mixed_snow_ice
63,103,202,-5.196078431372548,debris_rock
63,104,205,-4.901960784313726,debris_rock
63,105,199,-5.490196078431371,debris_rock
63,106,180,-7.352941176470587,mixed_snow_ice
63,107,178,-7.549019607843139,mixed_snow_ice
63,108,171,-8.235294117647062,mixed_snow_ice
63,109,179,-7.450980392156865,mixed_snow_ice
63,110,177,-7.647058823529413,mixed_snow_ice
63,111,158,-9.509803921568627,clean_glacier_ice
63,112,177,-7.647058823529413,mixed_snow_ice
63,113,182,-7.156862745098039,mixed_snow_ice
63,114,174,-7.9411764705882355,mixed_snow_ice
63,115,169,-8.43137254901961,mixed_snow_ice
63,116,147,-10.588235294117649,clean_glacier_ice
63,117,186,-6.764705882352942,debris_rock
63,118,187,-6.666666666666668,debris_rock
63,119,184,-6.96078431372549,mixed_snow_ice
63,120,169,-8.43137254901961,mixed_snow_ice
63,121,198,-5.588235294117645,debris_rock
63,122,180,-7.352941176470587,mixed_snow_ice
63,123,156,-9.705882352941176,clean_glacier_ice
63,124,198,-5.588235294117645,debris_rock
63,125,185,-6.862745098039216,mixed_snow_ice
63,126,202,-5.196078431372548,debris_rock
63,127,200,-5.392156862745097,debris_rock
63,128,183,-7.0588235294117645,mixed_snow_ice
63,129,187,-6.666666666666668,debris_rock
63,130,180,-7.352941176470587,mixed_snow_ice
63,131,201,-5.2941176470588225,debris_rock
63,132,189,-6.470588235294116,debris_rock
63,133,211,-4.313725490196081,debris_rock
63,134,190,-6.372549019607842,debris_rock
63,135,178,-7.549019607843139,mixed_snow_ice
63,136,197,-5.686274509803919,debris_rock
63,137,182,-7.156862745098039,mixed_snow_ice
63,138,137,-11.568627450980392,clean_glacier_ice
63,139,132,-12.058823529411763,clean_glacier_ice
63,140,170,-8.333333333333336,mixed_snow_ice
63,141,202,-5.196078431372548,debris_rock
63,142,174,-7.9411764705882355,mixed_snow_ice
63,143,197,-5.686274509803919,debris_rock
63,144,207,-4.7058823529411775,debris_rock
63,145,170,-8.333333333333336,mixed_snow_ice
63,146,199,-5.490196078431371,debris_rock
63,147,202,-5.196078431372548,debris_rock
63,148,165,-8.823529411764707,clean_glacier_ice
63,149,167,-8.627450980392158,mixed_snow_ice
63,150,152,-10.098039215686274,clean_glacier_ice
63,151,139,-11.372549019607844,clean_glacier_ice
63,152,158,-9.509803921568627,clean_glacier_ice
63,153,196,-5.784313725490193,debris_rock
63,154,190,-6.372549019607842,debris_rock
63,155,178,-7.549019607843139,mixed_snow_ice
63,156,175,-7.843137254901961,mixed_snow_ice
63,157,189,-6.470588235294116,debris_rock
63,158,105,-14.705882352941178,regular_glacier_ice
63,159,80,-17.15686274509804,deep_glacier_ice
63,160,89,-16.274509803921568,regular_glacier_ice
63,179,192,-6.1764705882352935,debris_rock
63,180,211,-4.313725490196081,debris_rock
63,181,165,-8.823529411764707,clean_glacier_ice
63,182,171,-8.235294117647062,mixed_snow_ice
63,183,240,-1.4705882352941195,debris_rock
63,184,222,-3.235294117647058,debris_rock
63,185,177,-7.647058823529413,mixed_snow_ice
63,186,185,-6.862745098039216,mixed_snow_ice
63,187,147,-10.588235294117649,clean_glacier_ice
63,188,129,-12.352941176470589,regular_glacier_ice
63,189,173,-8.03921568627451,mixed_snow_ice
63,190,215,-3.9215686274509807,debris_rock
63,191,198,-5.588235294117645,debris_rock
63,192,184,-6.96078431372549,mixed_snow_ice
63,193,178,-7.549019607843139,mixed_snow_ice
63,194,171,-8.235294117647062,mixed_snow_ice
63,195,215,-3.9215686274509807,debris_rock
63,196,215,-3.9215686274509807,debris_rock
63,197,176,-7.745098039215687,mixed_snow_ice
63,198,139,-11.372549019607844,clean_glacier_ice
63,199,170,-8.333333333333336,mixed_snow_ice
63,200,181,-7.254901960784313,mixed_snow_ice
63,201,175,-7.843137254901961,mixed_snow_ice
63,202,202,-5.196078431372548,debris_rock
63,203,206,-4.803921568627452,debris_rock
63,204,208,-4.607843137254903,debris_rock
63,205,185,-6.862745098039216,mixed_snow_ice
63,206,181,-7.254901960784313,mixed_snow_ice
63,207,204,-5.0,debris_rock
63,208,188,-6.56862745098039,debris_rock
63,209,171,-8.235294117647062,mixed_snow_ice
63,210,214,-4.019607843137255,debris_rock
63,211,182,-7.156862745098039,mixed_snow_ice
63,212,205,-4.901960784313726,debris_rock
63,213,182,-7.156862745098039,mixed_snow_ice
63,214,213,-4.117647058823529,debris_rock
63,215,216,-3.8235294117647065,debris_rock
63,216,213,-4.117647058823529,debris_rock
63,217,200,-5.392156862745097,debris_rock
63,218,217,-3.7254901960784323,debris_rock
63,219,210,-4.411764705882355,debris_rock
63,220,195,-5.882352941176471,debris_rock
63,221,191,-6.274509803921568,debris_rock
63,222,182,-7.156862745098039,mixed_snow_ice
64,0,196,-5.784313725490193,debris_rock
64,1,168,-8.529411764705884,mixed_snow_ice
64,2,184,-6.96078431372549,mixed_snow_ice
64,3,181,-7.254901960784313,mixed_snow_ice
64,4,201,-5.2941176470588225,debris_rock
64,11,203,-5.098039215686274,debris_rock
64,12,143,-10.980392156862745,clean_glacier_ice
64,17,176,-7.745098039215687,mixed_snow_ice
64,18,202,-5.196078431372548,debris_rock
64,19,195,-5.882352941176471,debris_rock
64,20,162,-9.11764705882353,clean_glacier_ice
64,21,145,-10.784313725490197,clean_glacier_ice
64,22,180,-7.352941176470587,mixed_snow_ice
64,23,172,-8.137254901960784,mixed_snow_ice
64,24,199,-5.490196078431371,debris_rock
64,25,182,-7.156862745098039,mixed_snow_ice
64,26,198,-5.588235294117645,debris_rock
64,27,209,-4.509803921568629,debris_rock
64,28,190,-6.372549019607842,debris_rock
64,29,146,-10.686274509803923,clean_glacier_ice
64,30,141,-11.176470588235293,clean_glacier_ice
64,31,146,-10.686274509803923,clean_glacier_ice
64,32,163,-9.019607843137257,clean_glacier_ice
64,33,169,-8.43137254901961,mixed_snow_ice
64,34,155,-9.803921568627452,clean_glacier_ice
64,35,120,-13.23529411764706,regular_glacier_ice
64,36,125,-12.745098039215687,regular_glacier_ice
64,37,164,-8.92156862745098,clean_glacier_ice
64,38,174,-7.9411764705882355,mixed_snow_ice
64,39,199,-5.490196078431371,debris_rock
64,40,183,-7.0588235294117645,mixed_snow_ice
64,41,176,-7.745098039215687,mixed_snow_ice
64,42,210,-4.411764705882355,debris_rock
64,43,181,-7.254901960784313,mixed_snow_ice
64,44,212,-4.215686274509803,debris_rock
64,45,205,-4.901960784313726,debris_rock
64,46,236,-1.8627450980392162,debris_rock
64,47,213,-4.117647058823529,debris_rock
64,48,191,-6.274509803921568,debris_rock
64,49,175,-7.843137254901961,mixed_snow_ice
64,50,163,-9.019607843137257,clean_glacier_ice
64,51,189,-6.470588235294116,debris_rock
64,52,179,-7.450980392156865,mixed_snow_ice
64,53,199,-5.490196078431371,debris_rock
64,54,163,-9.019607843137257,clean_glacier_ice
64,55,169,-8.43137254901961,mixed_snow_ice
64,56,163,-9.019607843137257,clean_glacier_ice
64,57,181,-7.254901960784313,mixed_snow_ice
64,58,155,-9.803921568627452,clean_glacier_ice
64,59,188,-6.56862745098039,debris_rock
64,60,212,-4.215686274509803,debris_rock
64,61,212,-4.215686274509803,debris_rock
64,62,197,-5.686274509803919,debris_rock
64,63,168,-8.529411764705884,mixed_snow_ice
64,64,184,-6.96078431372549,mixed_snow_ice
64,65,156,-9.705882352941176,clean_glacier_ice
64,66,178,-7.549019607843139,mixed_snow_ice
64,67,199,-5.490196078431371,debris_rock
64,68,184,-6.96078431372549,mixed_snow_ice
64,69,170,-8.333333333333336,mixed_snow_ice
64,70,194,-5.980392156862745,debris_rock
64,71,202,-5.196078431372548,debris_rock
64,72,198,-5.588235294117645,debris_rock
64,73,206,-4.803921568627452,debris_rock
64,74,193,-6.078431372549019,debris_rock
64,75,209,-4.509803921568629,debris_rock
64,76,198,-5.588235294117645,debris_rock
64,77,201,-5.2941176470588225,debris_rock
64,78,198,-5.588235294117645,debris_rock
64,79,171,-8.235294117647062,mixed_snow_ice
64,80,148,-10.49019607843137,clean_glacier_ice
64,82,183,-7.0588235294117645,mixed_snow_ice
64,83,160,-9.313725490196079,clean_glacier_ice
64,84,146,-10.686274509803923,clean_glacier_ice
64,85,192,-6.1764705882352935,debris_rock
64,86,196,-5.784313725490193,debris_rock
64,87,205,-4.901960784313726,debris_rock
64,88,200,-5.392156862745097,debris_rock
64,89,202,-5.196078431372548,debris_rock
64,90,153,-10.0,clean_glacier_ice
64,91,148,-10.49019607843137,clean_glacier_ice
64,92,160,-9.313725490196079,clean_glacier_ice
64,93,171,-8.235294117647062,mixed_snow_ice
64,94,185,-6.862745098039216,mixed_snow_ice
64,95,190,-6.372549019607842,debris_rock
64,96,187,-6.666666666666668,debris_rock
64,97,170,-8.333333333333336,mixed_snow_ice
64,98,166,-8.725490196078432,mixed_snow_ice
64,99,205,-4.901960784313726,debris_rock
64,100,162,-9.11764705882353,clean_glacier_ice
64,101,108,-14.411764705882353,regular_glacier_ice
64,112,132,-12.058823529411763,clean_glacier_ice
64,121,216,-3.8235294117647065,debris_rock
64,122,230,-2.450980392156861,debris_rock
64,123,124,-12.843137254901961,regular_glacier_ice
64,124,120,-13.23529411764706,regular_glacier_ice
64,125,181,-7.254901960784313,mixed_snow_ice
64,126,164,-8.92156862745098,clean_glacier_ice
64,127,220,-3.4313725490196063,debris_rock
64,128,229,-2.5490196078431353,debris_rock
64,129,194,-5.980392156862745,debris_rock
64,130,186,-6.764705882352942,debris_rock
64,131,215,-3.9215686274509807,debris_rock
64,132,221,-3.333333333333332,debris_rock
64,133,219,-3.529411764705884,debris_rock
64,134,161,-9.215686274509805,clean_glacier_ice
64,135,152,-10.098039215686274,clean_glacier_ice
64,136,146,-10.686274509803923,clean_glacier_ice
64,137,173,-8.03921568627451,mixed_snow_ice
64,138,180,-7.352941176470587,mixed_snow_ice
64,139,164,-8.92156862745098,clean_glacier_ice
64,140,165,-8.823529411764707,clean_glacier_ice
64,141,160,-9.313725490196079,clean_glacier_ice
64,142,185,-6.862745098039216,mixed_snow_ice
64,143,217,-3.7254901960784323,debris_rock
64,144,196,-5.784313725490193,debris_rock
64,145,174,-7.9411764705882355,mixed_snow_ice
64,146,190,-6.372549019607842,debris_rock
64,147,209,-4.509803921568629,debris_rock
64,148,207,-4.7058823529411775,debris_rock
64,149,210,-4.411764705882355,debris_rock
64,150,205,-4.901960784313726,debris_rock
64,151,169,-8.43137254901961,mixed_snow_ice
64,152,203,-5.098039215686274,debris_rock
64,153,172,-8.137254901960784,mixed_snow_ice
64,154,216,-3.8235294117647065,debris_rock
64,155,203,-5.098039215686274,debris_rock
64,156,200,-5.392156862745097,debris_rock
64,157,198,-5.588235294117645,debris_rock
64,158,181,-7.254901960784313,mixed_snow_ice
64,159,207,-4.7058823529411775,debris_rock
64,160,210,-4.411764705882355,debris_rock
64,161,207,-4.7058823529411775,debris_rock
64,162,175,-7.843137254901961,mixed_snow_ice
64,163,175,-7.843137254901961,mixed_snow_ice
64,164,175,-7.843137254901961,mixed_snow_ice
64,165,159,-9.411764705882353,clean_glacier_ice
64,166,179,-7.450980392156865,mixed_snow_ice
64,167,184,-6.96078431372549,mixed_snow_ice
64,176,176,-7.745098039215687,mixed_snow_ice
64,177,173,-8.03921568627451,mixed_snow_ice
64,178,165,-8.823529411764707,clean_glacier_ice
64,179,145,-10.784313725490197,clean_glacier_ice
64,181,247,-0.7843137254901968,debris_rock
64,182,89,-16.274509803921568,regular_glacier_ice
64,183,192,-6.1764705882352935,debris_rock
64,184,236,-1.8627450980392162,debris_rock
64,185,193,-6.078431372549019,debris_rock
64,186,184,-6.96078431372549,mixed_snow_ice
64,187,199,-5.490196078431371,debris_rock
64,188,193,-6.078431372549019,debris_rock
64,189,156,-9.705882352941176,clean_glacier_ice
64,190,140,-11.274509803921568,clean_glacier_ice
64,191,168,-8.529411764705884,mixed_snow_ice
64,192,183,-7.0588235294117645,mixed_snow_ice
64,193,191,-6.274509803921568,debris_rock
64,194,163,-9.019607843137257,clean_glacier_ice
64,195,179,-7.450980392156865,mixed_snow_ice
64,196,155,-9.803921568627452,clean_glacier_ice
64,197,138,-11.470588235294118,clean_glacier_ice
64,198,126,-12.647058823529411,regular_glacier_ice
64,199,119,-13.333333333333334,regular_glacier_ice
64,200,124,-12.843137254901961,regular_glacier_ice
64,201,124,-12.843137254901961,regular_glacier_ice
64,202,166,-8.725490196078432,mixed_snow_ice
64,203,235,-1.9607843137254903,debris_rock
64,204,203,-5.098039215686274,debris_rock
64,205,194,-5.980392156862745,debris_rock
64,206,207,-4.7058823529411775,debris_rock
64,207,216,-3.8235294117647065,debris_rock
64,208,195,-5.882352941176471,debris_rock
64,209,196,-5.784313725490193,debris_rock
64,210,183,-7.0588235294117645,mixed_snow_ice
64,211,212,-4.215686274509803,debris_rock
64,212,173,-8.03921568627451,mixed_snow_ice
64,213,217,-3.7254901960784323,debris_rock
64,214,194,-5.980392156862745,debris_rock
64,215,177,-7.647058823529413,mixed_snow_ice
64,216,186,-6.764705882352942,debris_rock
64,217,197,-5.686274509803919,debris_rock
64,218,197,-5.686274509803919,debris_rock
64,219,192,-6.1764705882352935,debris_rock
64,220,174,-7.9411764705882355,mixed_snow_ice
64,221,173,-8.03921568627451,mixed_snow_ice
64,222,194,-5.980392156862745,debris_rock
65,0,187,-6.666666666666668,debris_rock
65,1,170,-8.333333333333336,mixed_snow_ice
65,2,206,-4.803921568627452,debris_rock
65,3,175,-7.843137254901961,mixed_snow_ice
65,4,220,-3.4313725490196063,debris_rock
65,5,177,-7.647058823529413,mixed_snow_ice
65,6,191,-6.274509803921568,debris_rock
65,7,167,-8.627450980392158,mixed_snow_ice
65,8,176,-7.745098039215687,mixed_snow_ice
65,9,193,-6.078431372549019,debris_rock
65,10,193,-6.078431372549019,debris_rock
65,11,183,-7.0588235294117645,mixed_snow_ice
65,12,182,-7.156862745098039,mixed_snow_ice
65,13,194,-5.980392156862745,debris_rock
65,14,179,-7.450980392156865,mixed_snow_ice
65,15,204,-5.0,debris_rock
65,16,155,-9.803921568627452,clean_glacier_ice
65,17,172,-8.137254901960784,mixed_snow_ice
65,18,162,-9.11764705882353,clean_glacier_ice
65,19,185,-6.862745098039216,mixed_snow_ice
65,20,191,-6.274509803921568,debris_rock
65,21,171,-8.235294117647062,mixed_snow_ice
65,22,182,-7.156862745098039,mixed_snow_ice
65,23,175,-7.843137254901961,mixed_snow_ice
65,24,180,-7.352941176470587,mixed_snow_ice
65,25,192,-6.1764705882352935,debris_rock
65,26,154,-9.901960784313726,clean_glacier_ice
65,27,212,-4.215686274509803,debris_rock
65,28,208,-4.607843137254903,debris_rock
65,29,200,-5.392156862745097,debris_rock
65,30,182,-7.156862745098039,mixed_snow_ice
65,31,166,-8.725490196078432,mixed_snow_ice
65,32,144,-10.882352941176471,clean_glacier_ice
65,33,121,-13.137254901960786,regular_glacier_ice
65,34,152,-10.098039215686274,clean_glacier_ice
65,35,190,-6.372549019607842,debris_rock
65,36,184,-6.96078431372549,mixed_snow_ice
65,37,199,-5.490196078431371,debris_rock
65,38,183,-7.0588235294117645,mixed_snow_ice
65,39,186,-6.764705882352942,debris_rock
65,40,167,-8.627450980392158,mixed_snow_ice
65,41,162,-9.11764705882353,clean_glacier_ice
65,42,175,-7.843137254901961,mixed_snow_ice
65,54,135,-11.76470588235294,clean_glacier_ice
65,55,154,-9.901960784313726,clean_glacier_ice
65,56,255,0.0,debris_rock
65,57,200,-5.392156862745097,debris_rock
65,63,231,-2.352941176470587,debris_rock
65,64,159,-9.411764705882353,clean_glacier_ice
65,65,119,-13.333333333333334,regular_glacier_ice
65,66,110,-14.215686274509803,regular_glacier_ice
65,67,133,-11.960784313725489,clean_glacier_ice
65,68,126,-12.647058823529411,regular_glacier_ice
65,69,209,-4.509803921568629,debris_rock
65,70,216,-3.8235294117647065,debris_rock
65,71,140,-11.274509803921568,clean_glacier_ice
65,72,106,-14.607843137254902,regular_glacier_ice
65,73,158,-9.509803921568627,clean_glacier_ice
65,74,235,-1.9607843137254903,debris_rock
65,75,219,-3.529411764705884,debris_rock
65,76,147,-10.588235294117649,clean_glacier_ice
65,77,146,-10.686274509803923,clean_glacier_ice
65,78,158,-9.509803921568627,clean_glacier_ice
65,79,205,-4.901960784313726,debris_rock
65,80,165,-8.823529411764707,clean_glacier_ice
65,81,174,-7.9411764705882355,mixed_snow_ice
65,82,222,-3.235294117647058,debris_rock
65,83,221,-3.333333333333332,debris_rock
65,84,210,-4.411764705882355,debris_rock
65,85,239,-1.5686274509803937,debris_rock
65,86,181,-7.254901960784313,mixed_snow_ice
65,87,170,-8.333333333333336,mixed_snow_ice
65,88,175,-7.843137254901961,mixed_snow_ice
65,89,180,-7.352941176470587,mixed_snow_ice
65,90,168,-8.529411764705884,mixed_snow_ice
65,91,201,-5.2941176470588225,debris_rock
65,92,179,-7.450980392156865,mixed_snow_ice
65,93,173,-8.03921568627451,mixed_snow_ice
65,94,175,-7.843137254901961,mixed_snow_ice
65,95,215,-3.9215686274509807,debris_rock
65,96,171,-8.235294117647062,mixed_snow_ice
65,97,186,-6.764705882352942,debris_rock
65,98,202,-5.196078431372548,debris_rock
65,99,188,-6.56862745098039,debris_rock
65,100,204,-5.0,debris_rock
65,101,200,-5.392156862745097,debris_rock
65,102,226,-2.8431372549019613,debris_rock
65,103,174,-7.9411764705882355,mixed_snow_ice
65,104,182,-7.156862745098039,mixed_snow_ice
65,105,156,-9.705882352941176,clean_glacier_ice
65,106,170,-8.333333333333336,mixed_snow_ice
65,107,159,-9.411764705882353,clean_glacier_ice
65,108,183,-7.0588235294117645,mixed_snow_ice
65,109,165,-8.823529411764707,clean_glacier_ice
65,118,159,-9.411764705882353,clean_glacier_ice
65,119,158,-9.509803921568627,clean_glacier_ice
65,120,116,-13.627450980392156,regular_glacier_ice
65,121,69,-18.235294117647058,deep_glacier_ice
65,122,111,-14.117647058823529,regular_glacier_ice
65,123,148,-10.49019607843137,clean_glacier_ice
65,124,133,-11.960784313725489,clean_glacier_ice
65,125,179,-7.450980392156865,mixed_snow_ice
65,126,218,-3.627450980392158,debris_rock
65,127,201,-5.2941176470588225,debris_rock
65,128,163,-9.019607843137257,clean_glacier_ice
65,129,171,-8.235294117647062,mixed_snow_ice
65,130,167,-8.627450980392158,mixed_snow_ice
65,131,189,-6.470588235294116,debris_rock
65,132,189,-6.470588235294116,debris_rock
65,133,178,-7.549019607843139,mixed_snow_ice
65,134,171,-8.235294117647062,mixed_snow_ice
65,135,179,-7.450980392156865,mixed_snow_ice
65,136,201,-5.2941176470588225,debris_rock
65,137,254,-0.09803921568627416,debris_rock
65,138,204,-5.0,debris_rock
65,139,154,-9.901960784313726,clean_glacier_ice
65,140,118,-13.431372549019608,regular_glacier_ice
65,141,124,-12.843137254901961,regular_glacier_ice
65,142,123,-12.941176470588236,regular_glacier_ice
65,143,131,-12.15686274509804,clean_glacier_ice
65,144,164,-8.92156862745098,clean_glacier_ice
65,145,205,-4.901960784313726,debris_rock
65,146,197,-5.686274509803919,debris_rock
65,147,182,-7.156862745098039,mixed_snow_ice
65,148,207,-4.7058823529411775,debris_rock
65,149,204,-5.0,debris_rock
65,150,201,-5.2941176470588225,debris_rock
65,151,204,-5.0,debris_rock
65,152,197,-5.686274509803919,debris_rock
65,153,189,-6.470588235294116,debris_rock
65,154,196,-5.784313725490193,debris_rock
65,155,194,-5.980392156862745,debris_rock
65,156,197,-5.686274509803919,debris_rock
65,157,184,-6.96078431372549,mixed_snow_ice
65,158,188,-6.56862745098039,debris_rock
65,159,194,-5.980392156862745,debris_rock
65,160,192,-6.1764705882352935,debris_rock
65,161,189,-6.470588235294116,debris_rock
65,162,169,-8.43137254901961,mixed_snow_ice
65,163,206,-4.803921568627452,debris_rock
65,164,169,-8.43137254901961,mixed_snow_ice
65,165,172,-8.137254901960784,mixed_snow_ice
65,166,177,-7.647058823529413,mixed_snow_ice
65,167,188,-6.56862745098039,debris_rock
65,168,198,-5.588235294117645,debris_rock
65,169,186,-6.764705882352942,debris_rock
65,170,166,-8.725490196078432,mixed_snow_ice
65,171,166,-8.725490196078432,mixed_snow_ice
65,172,196,-5.784313725490193,debris_rock
65,173,208,-4.607843137254903,debris_rock
65,174,173,-8.03921568627451,mixed_snow_ice
65,175,192,-6.1764705882352935,debris_rock
65,176,189,-6.470588235294116,debris_rock
65,177,190,-6.372549019607842,debris_rock
65,178,170,-8.333333333333336,mixed_snow_ice
65,179,173,-8.03921568627451,mixed_snow_ice
65,180,199,-5.490196078431371,debris_rock
65,181,190,-6.372549019607842,debris_rock
65,182,190,-6.372549019607842,debris_rock
65,183,174,-7.9411764705882355,mixed_snow_ice
65,184,171,-8.235294117647062,mixed_snow_ice
65,185,188,-6.56862745098039,debris_rock
65,186,199,-5.490196078431371,debris_rock
65,187,179,-7.450980392156865,mixed_snow_ice
65,188,195,-5.882352941176471,debris_rock
65,189,180,-7.352941176470587,mixed_snow_ice
65,190,154,-9.901960784313726,clean_glacier_ice
65,191,130,-12.254901960784315,clean_glacier_ice
65,192,142,-11.07843137254902,clean_glacier_ice
65,193,194,-5.980392156862745,debris_rock
65,194,202,-5.196078431372548,debris_rock
65,195,191,-6.274509803921568,debris_rock
65,196,188,-6.56862745098039,debris_rock
65,197,147,-10.588235294117649,clean_glacier_ice
65,198,132,-12.058823529411763,clean_glacier_ice
65,199,149,-10.392156862745097,clean_glacier_ice
65,200,172,-8.137254901960784,mixed_snow_ice
65,201,181,-7.254901960784313,mixed_snow_ice
65,202,183,-7.0588235294117645,mixed_snow_ice
65,203,188,-6.56862745098039,debris_rock
65,204,153,-10.0,clean_glacier_ice
65,205,179,-7.450980392156865,mixed_snow_ice
65,206,161,-9.215686274509805,clean_glacier_ice
65,207,93,-15.882352941176471,regular_glacier_ice
65,219,126,-12.647058823529411,regular_glacier_ice
65,220,136,-11.666666666666666,clean_glacier_ice
65,221,250,-0.49019607843137436,debris_rock
65,222,161,-9.215686274509805,clean_glacier_ice
66,0,151,-10.196078431372548,clean_glacier_ice
66,1,85,-16.666666666666668,deep_glacier_ice
66,5,201,-5.2941176470588225,debris_rock
66,7,140,-11.274509803921568,clean_glacier_ice
66,8,121,-13.137254901960786,regular_glacier_ice
66,9,130,-12.254901960784315,clean_glacier_ice
66,10,140,-11.274509803921568,clean_glacier_ice
66,11,120,-13.23529411764706,regular_glacier_ice
66,12,181,-7.254901960784313,mixed_snow_ice
66,13,190,-6.372549019607842,debris_rock
66,14,207,-4.7058823529411775,debris_rock
66,15,254,-0.09803921568627416,debris_rock
66,16,255,0.0,debris_rock
66,17,194,-5.980392156862745,debris_rock
66,18,156,-9.705882352941176,clean_glacier_ice
66,19,138,-11.470588235294118,clean_glacier_ice
66,20,222,-3.235294117647058,debris_rock
66,21,217,-3.7254901960784323,debris_rock
66,22,206,-4.803921568627452,debris_rock
66,23,193,-6.078431372549019,debris_rock
66,24,208,-4.607843137254903,debris_rock
66,25,196,-5.784313725490193,debris_rock
66,26,193,-6.078431372549019,debris_rock
66,27,215,-3.9215686274509807,debris_rock
66,28,231,-2.352941176470587,debris_rock
66,29,198,-5.588235294117645,debris_rock
66,30,197,-5.686274509803919,debris_rock
66,31,188,-6.56862745098039,debris_rock
66,32,197,-5.686274509803919,debris_rock
66,33,182,-7.156862745098039,mixed_snow_ice
66,34,179,-7.450980392156865,mixed_snow_ice
66,35,185,-6.862745098039216,mixed_snow_ice
66,36,174,-7.9411764705882355,mixed_snow_ice
66,37,216,-3.8235294117647065,debris_rock
66,38,201,-5.2941176470588225,debris_rock
66,39,197,-5.686274509803919,debris_rock
66,40,179,-7.450980392156865,mixed_snow_ice
66,41,190,-6.372549019607842,debris_rock
66,42,199,-5.490196078431371,debris_rock
66,43,204,-5.0,debris_rock
66,44,220,-3.4313725490196063,debris_rock
66,45,163,-9.019607843137257,clean_glacier_ice
66,46,124,-12.843137254901961,regular_glacier_ice
66,47,137,-11.568627450980392,clean_glacier_ice
66,48,115,-13.72549019607843,regular_glacier_ice
66,60,181,-7.254901960784313,mixed_snow_ice
66,61,242,-1.2745098039215712,debris_rock
66,62,149,-10.392156862745097,clean_glacier_ice
66,63,76,-17.549019607843135,deep_glacier_ice
66,64,84,-16.764705882352942,deep_glacier_ice
66,65,133,-11.960784313725489,clean_glacier_ice
66,66,122,-13.03921568627451,regular_glacier_ice
66,67,121,-13.137254901960786,regular_glacier_ice
66,68,165,-8.823529411764707,clean_glacier_ice
66,69,185,-6.862745098039216,mixed_snow_ice
66,70,135,-11.76470588235294,clean_glacier_ice
66,71,136,-11.666666666666666,clean_glacier_ice
66,72,132,-12.058823529411763,clean_glacier_ice
66,73,161,-9.215686274509805,clean_glacier_ice
66,74,176,-7.745098039215687,mixed_snow_ice
66,75,166,-8.725490196078432,mixed_snow_ice
66,76,161,-9.215686274509805,clean_glacier_ice
66,77,169,-8.43137254901961,mixed_snow_ice
66,78,233,-2.1568627450980387,debris_rock
66,79,197,-5.686274509803919,debris_rock
66,80,174,-7.9411764705882355,mixed_snow_ice
66,81,182,-7.156862745098039,mixed_snow_ice
66,82,153,-10.0,clean_glacier_ice
66,83,101,-15.098039215686274,regular_glacier_ice
66,84,84,-16.764705882352942,deep_glacier_ice
66,85,77,-17.450980392156865,deep_glacier_ice
66,86,84,-16.764705882352942,deep_glacier_ice
66,87,105,-14.705882352941178,regular_glacier_ice
66,88,170,-8.333333333333336,mixed_snow_ice
66,89,216,-3.8235294117647065,debris_rock
66,90,229,-2.5490196078431353,debris_rock
66,91,197,-5.686274509803919,debris_rock
66,92,217,-3.7254901960784323,debris_rock
66,93,199,-5.490196078431371,debris_rock
66,94,209,-4.509803921568629,debris_rock
66,95,205,-4.901960784313726,debris_rock
66,96,226,-2.8431372549019613,debris_rock
66,97,181,-7.254901960784313,mixed_snow_ice
66,98,172,-8.137254901960784,mixed_snow_ice
66,99,192,-6.1764705882352935,debris_rock
66,100,194,-5.980392156862745,debris_rock
66,101,199,-5.490196078431371,debris_rock
66,102,204,-5.0,debris_rock
66,103,188,-6.56862745098039,debris_rock
66,104,177,-7.647058823529413,mixed_snow_ice
66,105,187,-6.666666666666668,debris_rock
66,106,157,-9.607843137254902,clean_glacier_ice
66,107,184,-6.96078431372549,mixed_snow_ice
66,108,177,-7.647058823529413,mixed_snow_ice
66,109,165,-8.823529411764707,clean_glacier_ice
66,110,192,-6.1764705882352935,debris_rock
66,111,184,-6.96078431372549,mixed_snow_ice
66,112,175,-7.843137254901961,mixed_snow_ice
66,113,164,-8.92156862745098,clean_glacier_ice
66,114,192,-6.1764705882352935,debris_rock
66,115,193,-6.078431372549019,debris_rock
66,116,187,-6.666666666666668,debris_rock
66,117,178,-7.549019607843139,mixed_snow_ice
66,118,205,-4.901960784313726,debris_rock
66,119,194,-5.980392156862745,debris_rock
66,120,179,-7.450980392156865,mixed_snow_ice
66,121,182,-7.156862745098039,mixed_snow_ice
66,122,175,-7.843137254901961,mixed_snow_ice
66,123,206,-4.803921568627452,debris_rock
66,124,189,-6.470588235294116,debris_rock
66,125,201,-5.2941176470588225,debris_rock
66,126,168,-8.529411764705884,mixed_snow_ice
66,127,190,-6.372549019607842,debris_rock
66,128,211,-4.313725490196081,debris_rock
66,129,170,-8.333333333333336,mixed_snow_ice
66,130,185,-6.862745098039216,mixed_snow_ice
66,131,161,-9.215686274509805,clean_glacier_ice
66,132,154,-9.901960784313726,clean_glacier_ice
66,133,152,-10.098039215686274,clean_glacier_ice
66,134,153,-10.0,clean_glacier_ice
66,135,208,-4.607843137254903,debris_rock
66,136,219,-3.529411764705884,debris_rock
66,137,162,-9.11764705882353,clean_glacier_ice
66,138,195,-5.882352941176471,debris_rock
66,139,150,-10.294117647058822,clean_glacier_ice
66,140,140,-11.274509803921568,clean_glacier_ice
66,141,166,-8.725490196078432,mixed_snow_ice
66,142,180,-7.352941176470587,mixed_snow_ice
66,143,201,-5.2941176470588225,debris_rock
66,144,204,-5.0,debris_rock
66,145,191,-6.274509803921568,debris_rock
66,146,207,-4.7058823529411775,debris_rock
66,147,176,-7.745098039215687,mixed_snow_ice
66,148,157,-9.607843137254902,clean_glacier_ice
66,149,96,-15.588235294117647,regular_glacier_ice
66,160,172,-8.137254901960784,mixed_snow_ice
66,162,161,-9.215686274509805,clean_glacier_ice
66,163,215,-3.9215686274509807,debris_rock
66,164,128,-12.450980392156863,regular_glacier_ice
66,165,113,-13.92156862745098,regular_glacier_ice
66,166,90,-16.176470588235293,regular_glacier_ice
66,172,180,-7.352941176470587,mixed_snow_ice
66,173,106,-14.607843137254902,regular_glacier_ice
66,174,168,-8.529411764705884,mixed_snow_ice
66,175,128,-12.450980392156863,regular_glacier_ice
66,176,149,-10.392156862745097,clean_glacier_ice
66,177,192,-6.1764705882352935,debris_rock
66,178,221,-3.333333333333332,debris_rock
66,179,209,-4.509803921568629,debris_rock
66,180,188,-6.56862745098039,debris_rock
66,181,189,-6.470588235294116,debris_rock
66,182,190,-6.372549019607842,debris_rock
66,183,117,-13.529411764705882,regular_glacier_ice
66,184,207,-4.7058823529411775,debris_rock
66,185,217,-3.7254901960784323,debris_rock
66,186,201,-5.2941176470588225,debris_rock
66,187,212,-4.215686274509803,debris_rock
66,188,181,-7.254901960784313,mixed_snow_ice
66,189,202,-5.196078431372548,debris_rock
66,190,215,-3.9215686274509807,debris_rock
66,191,173,-8.03921568627451,mixed_snow_ice
66,192,251,-0.3921568627451002,debris_rock
66,193,222,-3.235294117647058,debris_rock
66,194,181,-7.254901960784313,mixed_snow_ice
66,195,201,-5.2941176470588225,debris_rock
66,196,193,-6.078431372549019,debris_rock
66,197,201,-5.2941176470588225,debris_rock
66,198,184,-6.96078431372549,mixed_snow_ice
66,199,191,-6.274509803921568,debris_rock
66,200,187,-6.666666666666668,debris_rock
66,201,174,-7.9411764705882355,mixed_snow_ice
66,202,156,-9.705882352941176,clean_glacier_ice
66,203,197,-5.686274509803919,debris_rock
66,204,192,-6.1764705882352935,debris_rock
66,205,186,-6.764705882352942,debris_rock
66,206,177,-7.647058823529413,mixed_snow_ice
66,207,207,-4.7058823529411775,debris_rock
66,208,216,-3.8235294117647065,debris_rock
66,209,214,-4.019607843137255,debris_rock
66,210,80,-17.15686274509804,deep_glacier_ice
67,5,92,-15.980392156862745,regular_glacier_ice
67,6,53,-19.80392156862745,deep_glacier_ice
67,7,62,-18.92156862745098,deep_glacier_ice
67,8,76,-17.549019607843135,deep_glacier_ice
67,9,101,-15.098039215686274,regular_glacier_ice
67,10,133,-11.960784313725489,clean_glacier_ice
67,11,217,-3.7254901960784323,debris_rock
67,12,170,-8.333333333333336,mixed_snow_ice
67,13,157,-9.607843137254902,clean_glacier_ice
67,14,160,-9.313725490196079,clean_glacier_ice
67,15,183,-7.0588235294117645,mixed_snow_ice
67,16,145,-10.784313725490197,clean_glacier_ice
67,17,150,-10.294117647058822,clean_glacier_ice
67,18,160,-9.313725490196079,clean_glacier_ice
67,19,187,-6.666666666666668,debris_rock
67,20,196,-5.784313725490193,debris_rock
67,21,177,-7.647058823529413,mixed_snow_ice
67,22,180,-7.352941176470587,mixed_snow_ice
67,23,192,-6.1764705882352935,debris_rock
67,24,180,-7.352941176470587,mixed_snow_ice
67,25,107,-14.509803921568627,regular_glacier_ice
67,26,95,-15.686274509803921,regular_glacier_ice
67,27,96,-15.588235294117647,regular_glacier_ice
67,28,143,-10.980392156862745,clean_glacier_ice
67,29,185,-6.862745098039216,mixed_snow_ice
67,30,214,-4.019607843137255,debris_rock
67,31,245,-0.9803921568627452,debris_rock
67,32,203,-5.098039215686274,debris_rock
67,33,225,-2.9411764705882355,debris_rock
67,34,223,-3.137254901960784,debris_rock
67,35,180,-7.352941176470587,mixed_snow_ice
67,36,208,-4.607843137254903,debris_rock
67,37,210,-4.411764705882355,debris_rock
67,38,222,-3.235294117647058,debris_rock
67,39,174,-7.9411764705882355,mixed_snow_ice
67,40,199,-5.490196078431371,debris_rock
67,41,198,-5.588235294117645,debris_rock
67,42,188,-6.56862745098039,debris_rock
67,43,213,-4.117647058823529,debris_rock
67,44,191,-6.274509803921568,debris_rock
67,45,201,-5.2941176470588225,debris_rock
67,46,186,-6.764705882352942,debris_rock
67,47,174,-7.9411764705882355,mixed_snow_ice
67,48,182,-7.156862745098039,mixed_snow_ice
67,49,185,-6.862745098039216,mixed_snow_ice
67,50,163,-9.019607843137257,clean_glacier_ice
67,51,164,-8.92156862745098,clean_glacier_ice
67,52,185,-6.862745098039216,mixed_snow_ice
67,53,193,-6.078431372549019,debris_rock
67,54,169,-8.43137254901961,mixed_snow_ice
67,55,177,-7.647058823529413,mixed_snow_ice
67,56,180,-7.352941176470587,mixed_snow_ice
67,57,185,-6.862745098039216,mixed_snow_ice
67,58,177,-7.647058823529413,mixed_snow_ice
67,59,180,-7.352941176470587,mixed_snow_ice
67,60,202,-5.196078431372548,debris_rock
67,61,176,-7.745098039215687,mixed_snow_ice
67,62,192,-6.1764705882352935,debris_rock
67,63,171,-8.235294117647062,mixed_snow_ice
67,64,173,-8.03921568627451,mixed_snow_ice
67,65,190,-6.372549019607842,debris_rock
67,66,177,-7.647058823529413,mixed_snow_ice
67,67,150,-10.294117647058822,clean_glacier_ice
67,68,192,-6.1764705882352935,debris_rock
67,69,196,-5.784313725490193,debris_rock
67,70,176,-7.745098039215687,mixed_snow_ice
67,71,212,-4.215686274509803,debris_rock
67,72,198,-5.588235294117645,debris_rock
67,73,156,-9.705882352941176,clean_glacier_ice
67,74,164,-8.92156862745098,clean_glacier_ice
67,75,163,-9.019607843137257,clean_glacier_ice
67,76,189,-6.470588235294116,debris_rock
67,77,191,-6.274509803921568,debris_rock
67,78,198,-5.588235294117645,debris_rock
67,79,166,-8.725490196078432,mixed_snow_ice
67,80,175,-7.843137254901961,mixed_snow_ice
67,81,161,-9.215686274509805,clean_glacier_ice
67,82,171,-8.235294117647062,mixed_snow_ice
67,83,137,-11.568627450980392,clean_glacier_ice
67,84,154,-9.901960784313726,clean_glacier_ice
67,85,194,-5.980392156862745,debris_rock
67,86,196,-5.784313725490193,debris_rock
67,87,196,-5.784313725490193,debris_rock
67,88,172,-8.137254901960784,mixed_snow_ice
67,89,120,-13.23529411764706,regular_glacier_ice
67,90,81,-17.058823529411764,deep_glacier_ice
67,104,135,-11.76470588235294,clean_glacier_ice
67,105,181,-7.254901960784313,mixed_snow_ice
67,106,224,-3.0392156862745097,debris_rock
67,107,194,-5.980392156862745,debris_rock
67,108,104,-14.803921568627452,regular_glacier_ice
67,114,145,-10.784313725490197,clean_glacier_ice
67,115,150,-10.294117647058822,clean_glacier_ice
67,116,188,-6.56862745098039,debris_rock
67,117,122,-13.03921568627451,regular_glacier_ice
67,118,130,-12.254901960784315,clean_glacier_ice
67,119,114,-13.823529411764705,regular_glacier_ice
67,120,149,-10.392156862745097,clean_glacier_ice
67,121,171,-8.235294117647062,mixed_snow_ice
67,122,226,-2.8431372549019613,debris_rock
67,123,201,-5.2941176470588225,debris_rock
67,124,155,-9.803921568627452,clean_glacier_ice
67,125,136,-11.666666666666666,clean_glacier_ice
67,126,228,-2.6470588235294095,debris_rock
67,127,232,-2.254901960784313,debris_rock
67,128,195,-5.882352941176471,debris_rock
67,129,199,-5.490196078431371,debris_rock
67,130,213,-4.117647058823529,debris_rock
67,131,211,-4.313725490196081,debris_rock
67,132,200,-5.392156862745097,debris_rock
67,133,206,-4.803921568627452,debris_rock
67,134,243,-1.176470588235297,debris_rock
67,135,220,-3.4313725490196063,debris_rock
67,136,224,-3.0392156862745097,debris_rock
67,137,190,-6.372549019607842,debris_rock
67,138,198,-5.588235294117645,debris_rock
67,139,196,-5.784313725490193,debris_rock
67,140,212,-4.215686274509803,debris_rock
67,141,175,-7.843137254901961,mixed_snow_ice
67,142,154,-9.901960784313726,clean_glacier_ice
67,143,151,-10.196078431372548,clean_glacier_ice
67,144,172,-8.137254901960784,mixed_snow_ice
67,145,194,-5.980392156862745,debris_rock
67,146,207,-4.7058823529411775,debris_rock
67,147,200,-5.392156862745097,debris_rock
67,148,175,-7.843137254901961,mixed_snow_ice
67,149,187,-6.666666666666668,debris_rock
67,150,186,-6.764705882352942,debris_rock
67,151,199,-5.490196078431371,debris_rock
67,162,151,-10.196078431372548,clean_glacier_ice
67,170,130,-12.254901960784315,clean_glacier_ice
67,171,80,-17.15686274509804,deep_glacier_ice
67,172,65,-18.627450980392158,deep_glacier_ice
67,173,44,-20.686274509803923,deep_glacier_ice
67,174,62,-18.92156862745098,deep_glacier_ice
67,175,134,-11.862745098039214,clean_glacier_ice
67,176,235,-1.9607843137254903,debris_rock
67,177,164,-8.92156862745098,clean_glacier_ice
67,178,179,-7.450980392156865,mixed_snow_ice
67,179,205,-4.901960784313726,debris_rock
67,180,191,-6.274509803921568,debris_rock
67,181,179,-7.450980392156865,mixed_snow_ice
67,182,180,-7.352941176470587,mixed_snow_ice
67,183,175,-7.843137254901961,mixed_snow_ice
67,184,185,-6.862745098039216,mixed_snow_ice
67,185,183,-7.0588235294117645,mixed_snow_ice
67,186,193,-6.078431372549019,debris_rock
67,187,171,-8.235294117647062,mixed_snow_ice
67,188,152,-10.098039215686274,clean_glacier_ice
67,189,179,-7.450980392156865,mixed_snow_ice
67,190,150,-10.294117647058822,clean_glacier_ice
67,191,200,-5.392156862745097,debris_rock
67,192,213,-4.117647058823529,debris_rock
67,193,222,-3.235294117647058,debris_rock
67,194,235,-1.9607843137254903,debris_rock
67,195,224,-3.0392156862745097,debris_rock
67,196,220,-3.4313725490196063,debris_rock
67,197,219,-3.529411764705884,debris_rock
67,198,193,-6.078431372549019,debris_rock
67,199,203,-5.098039215686274,debris_rock
67,200,212,-4.215686274509803,debris_rock
67,201,211,-4.313725490196081,debris_rock
67,202,204,-5.0,debris_rock
67,203,198,-5.588235294117645,debris_rock
67,204,183,-7.0588235294117645,mixed_snow_ice
67,205,207,-4.7058823529411775,debris_rock
67,206,210,-4.411764705882355,debris_rock
67,207,194,-5.980392156862745,debris_rock
67,208,208,-4.607843137254903,debris_rock
67,209,210,-4.411764705882355,debris_rock
67,210,206,-4.803921568627452,debris_rock
67,211,203,-5.098039215686274,debris_rock
67,212,209,-4.509803921568629,debris_rock
67,213,181,-7.254901960784313,mixed_snow_ice
67,214,205,-4.901960784313726,debris_rock
67,215,170,-8.333333333333336,mixed_snow_ice
67,216,218,-3.627450980392158,debris_rock
67,217,190,-6.372549019607842,debris_rock
67,218,199,-5.490196078431371,debris_rock
67,219,152,-10.098039215686274,clean_glacier_ice
67,220,179,-7.450980392156865,mixed_snow_ice
67,221,186,-6.764705882352942,debris_rock
67,222,184,-6.96078431372549,mixed_snow_ice
68,0,195,-5.882352941176471,debris_rock
68,1,199,-5.490196078431371,debris_rock
68,2,194,-5.980392156862745,debris_rock
68,3,190,-6.372549019607842,debris_rock
68,4,188,-6.56862745098039,debris_rock
68,5,172,-8.137254901960784,mixed_snow_ice
68,6,188,-6.56862745098039,debris_rock
68,7,207,-4.7058823529411775,debris_rock
68,8,185,-6.862745098039216,mixed_snow_ice
68,9,164,-8.92156862745098,clean_glacier_ice
68,10,164,-8.92156862745098,clean_glacier_ice
68,11,207,-4.7058823529411775,debris_rock
68,12,217,-3.7254901960784323,debris_rock
68,13,169,-8.43137254901961,mixed_snow_ice
68,14,196,-5.784313725490193,debris_rock
68,15,160,-9.313725490196079,clean_glacier_ice
68,16,140,-11.274509803921568,clean_glacier_ice
68,17,173,-8.03921568627451,mixed_snow_ice
68,18,197,-5.686274509803919,debris_rock
68,19,229,-2.5490196078431353,debris_rock
68,20,188,-6.56862745098039,debris_rock
68,21,204,-5.0,debris_rock
68,22,186,-6.764705882352942,debris_rock
68,23,196,-5.784313725490193,debris_rock
68,24,153,-10.0,clean_glacier_ice
68,25,178,-7.549019607843139,mixed_snow_ice
68,26,179,-7.450980392156865,mixed_snow_ice
68,27,154,-9.901960784313726,clean_glacier_ice
68,28,149,-10.392156862745097,clean_glacier_ice
68,29,119,-13.333333333333334,regular_glacier_ice
68,30,74,-17.745098039215684,deep_glacier_ice
68,31,67,-18.431372549019606,deep_glacier_ice
68,32,73,-17.84313725490196,deep_glacier_ice
68,45,244,-1.0784313725490193,debris_rock
68,46,84,-16.764705882352942,deep_glacier_ice
68,47,116,-13.627450980392156,regular_glacier_ice
68,48,226,-2.8431372549019613,debris_rock
68,49,255,0.0,debris_rock
68,50,135,-11.76470588235294,clean_glacier_ice
68,56,147,-10.588235294117649,clean_glacier_ice
68,57,161,-9.215686274509805,clean_glacier_ice
68,58,255,0.0,debris_rock
68,59,180,-7.352941176470587,mixed_snow_ice
68,60,133,-11.960784313725489,clean_glacier_ice
68,61,145,-10.784313725490197,clean_glacier_ice
68,62,185,-6.862745098039216,mixed_snow_ice
68,63,194,-5.980392156862745,debris_rock
68,64,185,-6.862745098039216,mixed_snow_ice
68,65,142,-11.07843137254902,clean_glacier_ice
68,66,140,-11.274509803921568,clean_glacier_ice
68,67,141,-11.176470588235293,clean_glacier_ice
68,68,207,-4.7058823529411775,debris_rock
68,69,245,-0.9803921568627452,debris_rock
68,70,185,-6.862745098039216,mixed_snow_ice
68,71,195,-5.882352941176471,debris_rock
68,72,236,-1.8627450980392162,debris_rock
68,73,215,-3.9215686274509807,debris_rock
68,74,222,-3.235294117647058,debris_rock
68,75,209,-4.509803921568629,debris_rock
68,76,238,-1.6666666666666679,debris_rock
68,77,205,-4.901960784313726,debris_rock
68,78,205,-4.901960784313726,debris_rock
68,79,206,-4.803921568627452,debris_rock
68,80,200,-5.392156862745097,debris_rock
68,81,201,-5.2941176470588225,debris_rock
68,82,173,-8.03921568627451,mixed_snow_ice
68,83,186,-6.764705882352942,debris_rock
68,84,183,-7.0588235294117645,mixed_snow_ice
68,85,194,-5.980392156862745,debris_rock
68,86,170,-8.333333333333336,mixed_snow_ice
68,87,194,-5.980392156862745,debris_rock
68,88,197,-5.686274509803919,debris_rock
68,89,168,-8.529411764705884,mixed_snow_ice
68,90,185,-6.862745098039216,mixed_snow_ice
68,91,159,-9.411764705882353,clean_glacier_ice
68,92,186,-6.764705882352942,debris_rock
68,93,200,-5.392156862745097,debris_rock
68,103,255,0.0,debris_rock
68,104,171,-8.235294117647062,mixed_snow_ice
68,105,123,-12.941176470588236,regular_glacier_ice
68,112,125,-12.745098039215687,regular_glacier_ice
68,113,161,-9.215686274509805,clean_glacier_ice
68,114,95,-15.686274509803921,regular_glacier_ice
68,115,87,-16.470588235294116,deep_glacier_ice
68,116,62,-18.92156862745098,deep_glacier_ice
68,117,89,-16.274509803921568,regular_glacier_ice
68,118,84,-16.764705882352942,deep_glacier_ice
68,119,93,-15.882352941176471,regular_glacier_ice
68,120,213,-4.117647058823529,debris_rock
68,121,195,-5.882352941176471,debris_rock
68,122,179,-7.450980392156865,mixed_snow_ice
68,123,185,-6.862745098039216,mixed_snow_ice
68,124,159,-9.411764705882353,clean_glacier_ice
68,125,155,-9.803921568627452,clean_glacier_ice
68,126,194,-5.980392156862745,debris_rock
68,127,209,-4.509803921568629,debris_rock
68,128,195,-5.882352941176471,debris_rock
68,129,174,-7.9411764705882355,mixed_snow_ice
68,130,157,-9.607843137254902,clean_glacier_ice
68,131,174,-7.9411764705882355,mixed_snow_ice
68,132,203,-5.098039215686274,debris_rock
68,133,255,0.0,debris_rock
68,134,203,-5.098039215686274,debris_rock
68,135,205,-4.901960784313726,debris_rock
68,136,218,-3.627450980392158,debris_rock
68,137,206,-4.803921568627452,debris_rock
68,138,196,-5.784313725490193,debris_rock
68,139,205,-4.901960784313726,debris_rock
68,140,155,-9.803921568627452,clean_glacier_ice
68,141,202,-5.196078431372548,debris_rock
68,142,197,-5.686274509803919,debris_rock
68,143,222,-3.235294117647058,debris_rock
68,144,205,-4.901960784313726,debris_rock
68,145,206,-4.803921568627452,debris_rock
68,146,199,-5.490196078431371,debris_rock
68,147,196,-5.784313725490193,debris_rock
68,148,228,-2.6470588235294095,debris_rock
68,149,191,-6.274509803921568,debris_rock
68,150,187,-6.666666666666668,debris_rock
68,151,198,-5.588235294117645,debris_rock
68,152,204,-5.0,debris_rock
68,153,193,-6.078431372549019,debris_rock
68,154,209,-4.509803921568629,debris_rock
68,155,193,-6.078431372549019,debris_rock
68,156,173,-8.03921568627451,mixed_snow_ice
68,157,191,-6.274509803921568,debris_rock
68,158,203,-5.098039215686274,debris_rock
68,159,214,-4.019607843137255,debris_rock
68,160,178,-7.549019607843139,mixed_snow_ice
68,161,193,-6.078431372549019,debris_rock
68,162,194,-5.980392156862745,debris_rock
68,163,163,-9.019607843137257,clean_glacier_ice
68,164,195,-5.882352941176471,debris_rock
68,165,167,-8.627450980392158,mixed_snow_ice
68,166,208,-4.607843137254903,debris_rock
68,167,185,-6.862745098039216,mixed_snow_ice
68,168,182,-7.156862745098039,mixed_snow_ice
68,169,181,-7.254901960784313,mixed_snow_ice
68,170,186,-6.764705882352942,debris_rock
68,171,206,-4.803921568627452,debris_rock
68,172,191,-6.274509803921568,debris_rock
68,173,154,-9.901960784313726,clean_glacier_ice
68,174,181,-7.254901960784313,mixed_snow_ice
68,175,176,-7.745098039215687,mixed_snow_ice
68,176,173,-8.03921568627451,mixed_snow_ice
68,177,218,-3.627450980392158,debris_rock
68,178,192,-6.1764705882352935,debris_rock
68,179,214,-4.019607843137255,debris_rock
68,180,198,-5.588235294117645,debris_rock
68,181,175,-7.843137254901961,mixed_snow_ice
68,182,185,-6.862745098039216,mixed_snow_ice
68,183,171,-8.235294117647062,mixed_snow_ice
68,184,206,-4.803921568627452,debris_rock
68,185,160,-9.313725490196079,clean_glacier_ice
68,186,207,-4.7058823529411775,debris_rock
68,187,175,-7.843137254901961,mixed_snow_ice
68,188,143,-10.980392156862745,clean_glacier_ice
68,189,191,-6.274509803921568,debris_rock
68,190,173,-8.03921568627451,mixed_snow_ice
68,191,168,-8.529411764705884,mixed_snow_ice
68,192,146,-10.686274509803923,clean_glacier_ice
68,193,122,-13.03921568627451,regular_glacier_ice
68,194,89,-16.274509803921568,regular_glacier_ice
68,195,75,-17.647058823529413,deep_glacier_ice
68,196,81,-17.058823529411764,deep_glacier_ice
68,197,103,-14.901960784313726,regular_glacier_ice
68,208,201,-5.2941176470588225,debris_rock
68,209,210,-4.411764705882355,debris_rock
68,210,178,-7.549019607843139,mixed_snow_ice
68,211,87,-16.470588235294116,deep_glacier_ice
68,212,97,-15.490196078431373,regular_glacier_ice
68,213,193,-6.078431372549019,debris_rock
68,214,253,-0.19607843137254832,debris_rock
68,215,197,-5.686274509803919,debris_rock
68,217,177,-7.647058823529413,mixed_snow_ice
68,221,140,-11.274509803921568,clean_glacier_ice
68,222,114,-13.823529411764705,regular_glacier_ice
69,0,216,-3.8235294117647065,debris_rock
69,1,175,-7.843137254901961,mixed_snow_ice
69,2,136,-11.666666666666666,clean_glacier_ice
69,3,168,-8.529411764705884,mixed_snow_ice
69,4,178,-7.549019607843139,mixed_snow_ice
69,5,167,-8.627450980392158,mixed_snow_ice
69,6,160,-9.313725490196079,clean_glacier_ice
69,7,118,-13.431372549019608,regular_glacier_ice
69,8,106,-14.607843137254902,regular_glacier_ice
69,9,95,-15.686274509803921,regular_glacier_ice
69,10,205,-4.901960784313726,debris_rock
69,11,247,-0.7843137254901968,debris_rock
69,12,162,-9.11764705882353,clean_glacier_ice
69,13,203,-5.098039215686274,debris_rock
69,14,217,-3.7254901960784323,debris_rock
69,15,209,-4.509803921568629,debris_rock
69,16,192,-6.1764705882352935,debris_rock
69,17,197,-5.686274509803919,debris_rock
69,18,187,-6.666666666666668,debris_rock
69,19,210,-4.411764705882355,debris_rock
69,20,180,-7.352941176470587,mixed_snow_ice
69,21,193,-6.078431372549019,debris_rock
69,22,207,-4.7058823529411775,debris_rock
69,23,188,-6.56862745098039,debris_rock
69,24,149,-10.392156862745097,clean_glacier_ice
69,25,152,-10.098039215686274,clean_glacier_ice
69,26,169,-8.43137254901961,mixed_snow_ice
69,27,176,-7.745098039215687,mixed_snow_ice
69,28,177,-7.647058823529413,mixed_snow_ice
69,29,189,-6.470588235294116,debris_rock
69,30,180,-7.352941176470587,mixed_snow_ice
69,31,177,-7.647058823529413,mixed_snow_ice
69,32,180,-7.352941176470587,mixed_snow_ice
69,33,163,-9.019607843137257,clean_glacier_ice
69,34,203,-5.098039215686274,debris_rock
69,35,202,-5.196078431372548,debris_rock
69,36,135,-11.76470588235294,clean_glacier_ice
69,43,205,-4.901960784313726,debris_rock
69,44,230,-2.450980392156861,debris_rock
69,45,136,-11.666666666666666,clean_glacier_ice
69,46,130,-12.254901960784315,clean_glacier_ice
69,47,144,-10.882352941176471,clean_glacier_ice
69,48,185,-6.862745098039216,mixed_snow_ice
69,49,177,-7.647058823529413,mixed_snow_ice
69,50,179,-7.450980392156865,mixed_snow_ice
69,53,174,-7.9411764705882355,mixed_snow_ice
69,54,151,-10.196078431372548,clean_glacier_ice
69,55,164,-8.92156862745098,clean_glacier_ice
69,56,195,-5.882352941176471,debris_rock
69,57,172,-8.137254901960784,mixed_snow_ice
69,58,176,-7.745098039215687,mixed_snow_ice
69,59,77,-17.450980392156865,deep_glacier_ice
69,60,56,-19.509803921568626,deep_glacier_ice
69,61,95,-15.686274509803921,regular_glacier_ice
69,62,181,-7.254901960784313,mixed_snow_ice
69,63,179,-7.450980392156865,mixed_snow_ice
69,64,191,-6.274509803921568,debris_rock
69,65,167,-8.627450980392158,mixed_snow_ice
69,66,137,-11.568627450980392,clean_glacier_ice
69,67,166,-8.725490196078432,mixed_snow_ice
69,68,197,-5.686274509803919,debris_rock
69,69,213,-4.117647058823529,debris_rock
69,70,203,-5.098039215686274,debris_rock
69,71,248,-0.6862745098039227,debris_rock
69,72,229,-2.5490196078431353,debris_rock
69,73,181,-7.254901960784313,mixed_snow_ice
69,74,235,-1.9607843137254903,debris_rock
69,75,223,-3.137254901960784,debris_rock
69,76,179,-7.450980392156865,mixed_snow_ice
69,77,133,-11.960784313725489,clean_glacier_ice
69,78,108,-14.411764705882353,regular_glacier_ice
69,79,107,-14.509803921568627,regular_glacier_ice
69,80,197,-5.686274509803919,debris_rock
69,81,223,-3.137254901960784,debris_rock
69,82,243,-1.176470588235297,debris_rock
69,83,192,-6.1764705882352935,debris_rock
69,84,184,-6.96078431372549,mixed_snow_ice
69,85,221,-3.333333333333332,debris_rock
69,86,192,-6.1764705882352935,debris_rock
69,87,203,-5.098039215686274,debris_rock
69,88,193,-6.078431372549019,debris_rock
69,89,203,-5.098039215686274,debris_rock
69,90,212,-4.215686274509803,debris_rock
69,91,221,-3.333333333333332,debris_rock
69,92,186,-6.764705882352942,debris_rock
69,93,224,-3.0392156862745097,debris_rock
69,94,190,-6.372549019607842,debris_rock
69,95,168,-8.529411764705884,mixed_snow_ice
69,96,173,-8.03921568627451,mixed_snow_ice
69,97,185,-6.862745098039216,mixed_snow_ice
69,98,220,-3.4313725490196063,debris_rock
69,99,213,-4.117647058823529,debris_rock
69,100,214,-4.019607843137255,debris_rock
69,101,169,-8.43137254901961,mixed_snow_ice
69,102,176,-7.745098039215687,mixed_snow_ice
69,103,184,-6.96078431372549,mixed_snow_ice
69,104,197,-5.686274509803919,debris_rock
69,105,200,-5.392156862745097,debris_rock
69,106,172,-8.137254901960784,mixed_snow_ice
69,107,201,-5.2941176470588225,debris_rock
69,108,190,-6.372549019607842,debris_rock
69,109,192,-6.1764705882352935,debris_rock
69,110,184,-6.96078431372549,mixed_snow_ice
69,111,189,-6.470588235294116,debris_rock
69,112,217,-3.7254901960784323,debris_rock
69,113,211,-4.313725490196081,debris_rock
69,114,179,-7.450980392156865,mixed_snow_ice
69,115,185,-6.862745098039216,mixed_snow_ice
69,116,173,-8.03921568627451,mixed_snow_ice
69,117,176,-7.745098039215687,mixed_snow_ice
69,118,166,-8.725490196078432,mixed_snow_ice
69,119,192,-6.1764705882352935,debris_rock
69,120,188,-6.56862745098039,debris_rock
69,121,209,-4.509803921568629,debris_rock
69,122,210,-4.411764705882355,debris_rock
69,123,175,-7.843137254901961,mixed_snow_ice
69,124,171,-8.235294117647062,mixed_snow_ice
69,125,199,-5.490196078431371,debris_rock
69,126,180,-7.352941176470587,mixed_snow_ice
69,127,169,-8.43137254901961,mixed_snow_ice
69,128,183,-7.0588235294117645,mixed_snow_ice
69,129,196,-5.784313725490193,debris_rock
69,130,174,-7.9411764705882355,mixed_snow_ice
69,131,207,-4.7058823529411775,debris_rock
69,132,161,-9.215686274509805,clean_glacier_ice
69,133,142,-11.07843137254902,clean_glacier_ice
69,134,92,-15.980392156862745,regular_glacier_ice
69,135,108,-14.411764705882353,regular_glacier_ice
69,136,81,-17.058823529411764,deep_glacier_ice
69,137,66,-18.52941176470588,deep_glacier_ice
69,138,62,-18.92156862745098,deep_glacier_ice
69,150,149,-10.392156862745097,clean_glacier_ice
69,151,161,-9.215686274509805,clean_glacier_ice
69,152,175,-7.843137254901961,mixed_snow_ice
69,153,113,-13.92156862745098,regular_glacier_ice
69,154,101,-15.098039215686274,regular_glacier_ice
69,155,120,-13.23529411764706,regular_glacier_ice
69,156,166,-8.725490196078432,mixed_snow_ice
69,157,210,-4.411764705882355,debris_rock
69,158,248,-0.6862745098039227,debris_rock
69,159,135,-11.76470588235294,clean_glacier_ice
69,160,129,-12.352941176470589,regular_glacier_ice
69,161,207,-4.7058823529411775,debris_rock
69,162,246,-0.882352941176471,debris_rock
69,163,125,-12.745098039215687,regular_glacier_ice
69,164,118,-13.431372549019608,regular_glacier_ice
69,165,119,-13.333333333333334,regular_glacier_ice
69,166,165,-8.823529411764707,clean_glacier_ice
69,167,184,-6.96078431372549,mixed_snow_ice
69,168,165,-8.823529411764707,clean_glacier_ice
69,169,184,-6.96078431372549,mixed_snow_ice
69,170,206,-4.803921568627452,debris_rock
69,171,186,-6.764705882352942,debris_rock
69,172,183,-7.0588235294117645,mixed_snow_ice
69,173,177,-7.647058823529413,mixed_snow_ice
69,174,172,-8.137254901960784,mixed_snow_ice
69,175,218,-3.627450980392158,debris_rock
69,176,241,-1.3725490196078454,debris_rock
69,177,178,-7.549019607843139,mixed_snow_ice
69,178,212,-4.215686274509803,debris_rock
69,179,221,-3.333333333333332,debris_rock
69,180,213,-4.117647058823529,debris_rock
69,181,222,-3.235294117647058,debris_rock
69,182,238,-1.6666666666666679,debris_rock
69,183,238,-1.6666666666666679,debris_rock
69,184,219,-3.529411764705884,debris_rock
69,185,195,-5.882352941176471,debris_rock
69,186,174,-7.9411764705882355,mixed_snow_ice
69,187,223,-3.137254901960784,debris_rock
69,188,185,-6.862745098039216,mixed_snow_ice
69,189,174,-7.9411764705882355,mixed_snow_ice
69,190,162,-9.11764705882353,clean_glacier_ice
69,191,128,-12.450980392156863,regular_glacier_ice
69,192,148,-10.49019607843137,clean_glacier_ice
69,193,159,-9.411764705882353,clean_glacier_ice
69,194,195,-5.882352941176471,debris_rock
69,195,167,-8.627450980392158,mixed_snow_ice
69,196,153,-10.0,clean_glacier_ice
69,197,176,-7.745098039215687,mixed_snow_ice
69,198,190,-6.372549019607842,debris_rock
69,199,176,-7.745098039215687,mixed_snow_ice
69,200,198,-5.588235294117645,debris_rock
69,201,183,-7.0588235294117645,mixed_snow_ice
69,208,240,-1.4705882352941195,debris_rock
69,209,166,-8.725490196078432,mixed_snow_ice
69,210,127,-12.549019607843137,regular_glacier_ice
69,211,186,-6.764705882352942,debris_rock
69,212,192,-6.1764705882352935,debris_rock
69,213,145,-10.784313725490197,clean_glacier_ice
69,214,135,-11.76470588235294,clean_glacier_ice
69,215,171,-8.235294117647062,mixed_snow_ice
69,216,208,-4.607843137254903,debris_rock
69,217,194,-5.980392156862745,debris_rock
69,218,201,-5.2941176470588225,debris_rock
69,219,166,-8.725490196078432,mixed_snow_ice
69,220,143,-10.980392156862745,clean_glacier_ice
69,221,110,-14.215686274509803,regular_glacier_ice
69,222,226,-2.8431372549019613,debris_rock
70,0,215,-3.9215686274509807,debris_rock
70,1,177,-7.647058823529413,mixed_snow_ice
70,2,132,-12.058823529411763,clean_glacier_ice
70,3,94,-15.784313725490195,regular_glacier_ice
70,4,146,-10.686274509803923,clean_glacier_ice
70,5,178,-7.549019607843139,mixed_snow_ice
70,6,144,-10.882352941176471,clean_glacier_ice
70,7,172,-8.137254901960784,mixed_snow_ice
70,8,194,-5.980392156862745,debris_rock
70,9,235,-1.9607843137254903,debris_rock
70,10,209,-4.509803921568629,debris_rock
70,11,198,-5.588235294117645,debris_rock
70,12,255,0.0,debris_rock
70,13,255,0.0,debris_rock
70,14,255,0.0,debris_rock
70,15,216,-3.8235294117647065,debris_rock
70,16,213,-4.117647058823529,debris_rock
70,17,197,-5.686274509803919,debris_rock
70,18,173,-8.03921568627451,mixed_snow_ice
70,19,157,-9.607843137254902,clean_glacier_ice
70,20,168,-8.529411764705884,mixed_snow_ice
70,21,124,-12.843137254901961,regular_glacier_ice
70,22,189,-6.470588235294116,debris_rock
70,23,213,-4.117647058823529,debris_rock
70,24,199,-5.490196078431371,debris_rock
70,25,201,-5.2941176470588225,debris_rock
70,26,187,-6.666666666666668,debris_rock
70,27,187,-6.666666666666668,debris_rock
70,28,201,-5.2941176470588225,debris_rock
70,29,191,-6.274509803921568,debris_rock
70,30,202,-5.196078431372548,debris_rock
70,31,205,-4.901960784313726,debris_rock
70,32,198,-5.588235294117645,debris_rock
70,33,234,-2.0588235294117645,debris_rock
70,34,226,-2.8431372549019613,debris_rock
70,35,226,-2.8431372549019613,debris_rock
70,36,202,-5.196078431372548,debris_rock
70,37,192,-6.1764705882352935,debris_rock
70,38,176,-7.745098039215687,mixed_snow_ice
70,39,179,-7.450980392156865,mixed_snow_ice
70,40,195,-5.882352941176471,debris_rock
70,41,212,-4.215686274509803,debris_rock
70,42,216,-3.8235294117647065,debris_rock
70,43,181,-7.254901960784313,mixed_snow_ice
70,44,194,-5.980392156862745,debris_rock
70,45,177,-7.647058823529413,mixed_snow_ice
70,46,193,-6.078431372549019,debris_rock
70,47,190,-6.372549019607842,debris_rock
70,48,163,-9.019607843137257,clean_glacier_ice
70,49,174,-7.9411764705882355,mixed_snow_ice
70,50,184,-6.96078431372549,mixed_snow_ice
70,51,187,-6.666666666666668,debris_rock
70,52,162,-9.11764705882353,clean_glacier_ice
70,53,204,-5.0,debris_rock
70,54,205,-4.901960784313726,debris_rock
70,55,184,-6.96078431372549,mixed_snow_ice
70,56,183,-7.0588235294117645,mixed_snow_ice
70,57,212,-4.215686274509803,debris_rock
70,58,171,-8.235294117647062,mixed_snow_ice
70,59,199,-5.490196078431371,debris_rock
70,60,179,-7.450980392156865,mixed_snow_ice
70,61,187,-6.666666666666668,debris_rock
70,62,171,-8.235294117647062,mixed_snow_ice
70,63,197,-5.686274509803919,debris_rock
70,64,211,-4.313725490196081,debris_rock
70,65,167,-8.627450980392158,mixed_snow_ice
70,66,217,-3.7254901960784323,debris_rock
70,67,199,-5.490196078431371,debris_rock
70,68,172,-8.137254901960784,mixed_snow_ice
70,69,169,-8.43137254901961,mixed_snow_ice
70,70,207,-4.7058823529411775,debris_rock
70,71,208,-4.607843137254903,debris_rock
70,72,169,-8.43137254901961,mixed_snow_ice
70,73,179,-7.450980392156865,mixed_snow_ice
70,74,157,-9.607843137254902,clean_glacier_ice
70,75,155,-9.803921568627452,clean_glacier_ice
70,76,106,-14.607843137254902,regular_glacier_ice
70,77,87,-16.470588235294116,deep_glacier_ice
70,78,100,-15.196078431372548,regular_glacier_ice
70,79,57,-19.41176470588235,deep_glacier_ice
70,95,164,-8.92156862745098,clean_glacier_ice
70,96,70,-18.137254901960784,deep_glacier_ice
70,97,67,-18.431372549019606,deep_glacier_ice
70,98,102,-15.0,regular_glacier_ice
70,99,205,-4.901960784313726,debris_rock
70,100,185,-6.862745098039216,mixed_snow_ice
70,101,185,-6.862745098039216,mixed_snow_ice
70,102,196,-5.784313725490193,debris_rock
70,103,174,-7.9411764705882355,mixed_snow_ice
70,105,154,-9.901960784313726,clean_glacier_ice
70,106,153,-10.0,clean_glacier_ice
70,107,158,-9.509803921568627,clean_glacier_ice
70,108,246,-0.882352941176471,debris_rock
70,109,238,-1.6666666666666679,debris_rock
70,110,208,-4.607843137254903,debris_rock
70,111,164,-8.92156862745098,clean_glacier_ice
70,112,145,-10.784313725490197,clean_glacier_ice
70,113,123,-12.941176470588236,regular_glacier_ice
70,114,102,-15.0,regular_glacier_ice
70,115,88,-16.372549019607845,regular_glacier_ice
70,116,75,-17.647058823529413,deep_glacier_ice
70,117,184,-6.96078431372549,mixed_snow_ice
70,118,244,-1.0784313725490193,debris_rock
70,119,191,-6.274509803921568,debris_rock
70,120,239,-1.5686274509803937,debris_rock
70,121,188,-6.56862745098039,debris_rock
70,122,238,-1.6666666666666679,debris_rock
70,123,221,-3.333333333333332,debris_rock
70,124,203,-5.098039215686274,debris_rock
70,125,198,-5.588235294117645,debris_rock
70,126,199,-5.490196078431371,debris_rock
70,127,237,-1.764705882352942,debris_rock
70,128,185,-6.862745098039216,mixed_snow_ice
70,129,223,-3.137254901960784,debris_rock
70,130,230,-2.450980392156861,debris_rock
70,131,185,-6.862745098039216,mixed_snow_ice
70,132,166,-8.725490196078432,mixed_snow_ice
70,133,116,-13.627450980392156,regular_glacier_ice
70,134,120,-13.23529411764706,regular_glacier_ice
70,135,140,-11.274509803921568,clean_glacier_ice
70,136,159,-9.411764705882353,clean_glacier_ice
70,137,129,-12.352941176470589,regular_glacier_ice
70,138,144,-10.882352941176471,clean_glacier_ice
70,139,167,-8.627450980392158,mixed_snow_ice
70,140,188,-6.56862745098039,debris_rock
70,141,155,-9.803921568627452,clean_glacier_ice
70,142,187,-6.666666666666668,debris_rock
70,143,187,-6.666666666666668,debris_rock
70,144,192,-6.1764705882352935,debris_rock
70,150,219,-3.529411764705884,debris_rock
70,151,108,-14.411764705882353,regular_glacier_ice
70,152,155,-9.803921568627452,clean_glacier_ice
70,153,215,-3.9215686274509807,debris_rock
70,154,163,-9.019607843137257,clean_glacier_ice
70,155,119,-13.333333333333334,regular_glacier_ice
70,156,140,-11.274509803921568,clean_glacier_ice
70,157,233,-2.1568627450980387,debris_rock
70,158,182,-7.156862745098039,mixed_snow_ice
70,159,170,-8.333333333333336,mixed_snow_ice
70,160,215,-3.9215686274509807,debris_rock
70,161,189,-6.470588235294116,debris_rock
70,162,195,-5.882352941176471,debris_rock
70,163,173,-8.03921568627451,mixed_snow_ice
70,164,172,-8.137254901960784,mixed_snow_ice
70,165,211,-4.313725490196081,debris_rock
70,166,207,-4.7058823529411775,debris_rock
70,167,171,-8.235294117647062,mixed_snow_ice
70,168,133,-11.960784313725489,clean_glacier_ice
70,169,122,-13.03921568627451,regular_glacier_ice
70,170,152,-10.098039215686274,clean_glacier_ice
70,171,147,-10.588235294117649,clean_glacier_ice
70,172,146,-10.686274509803923,clean_glacier_ice
70,173,209,-4.509803921568629,debris_rock
70,174,198,-5.588235294117645,debris_rock
70,175,187,-6.666666666666668,debris_rock
70,176,207,-4.7058823529411775,debris_rock
70,177,240,-1.4705882352941195,debris_rock
70,178,255,0.0,debris_rock
70,179,238,-1.6666666666666679,debris_rock
70,180,197,-5.686274509803919,debris_rock
70,181,186,-6.764705882352942,debris_rock
70,182,176,-7.745098039215687,mixed_snow_ice
70,183,200,-5.392156862745097,debris_rock
70,184,203,-5.098039215686274,debris_rock
70,185,166,-8.725490196078432,mixed_snow_ice
70,186,198,-5.588235294117645,debris_rock
70,187,193,-6.078431372549019,debris_rock
70,188,182,-7.156862745098039,mixed_snow_ice
70,189,189,-6.470588235294116,debris_rock
70,190,178,-7.549019607843139,mixed_snow_ice
70,191,207,-4.7058823529411775,debris_rock
70,192,226,-2.8431372549019613,debris_rock
70,193,211,-4.313725490196081,debris_rock
70,194,197,-5.686274509803919,debris_rock
70,195,232,-2.254901960784313,debris_rock
70,196,209,-4.509803921568629,debris_rock
70,197,202,-5.196078431372548,debris_rock
70,198,225,-2.9411764705882355,debris_rock
70,199,209,-4.509803921568629,debris_rock
70,200,226,-2.8431372549019613,debris_rock
70,201,201,-5.2941176470588225,debris_rock
70,202,205,-4.901960784313726,debris_rock
70,203,175,-7.843137254901961,mixed_snow_ice
70,204,209,-4.509803921568629,debris_rock
70,205,198,-5.588235294117645,debris_rock
70,206,203,-5.098039215686274,debris_rock
70,207,177,-7.647058823529413,mixed_snow_ice
70,208,180,-7.352941176470587,mixed_snow_ice
70,209,212,-4.215686274509803,debris_rock
70,210,184,-6.96078431372549,mixed_snow_ice
70,211,179,-7.450980392156865,mixed_snow_ice
70,212,155,-9.803921568627452,clean_glacier_ice
70,213,183,-7.0588235294117645,mixed_snow_ice
70,214,199,-5.490196078431371,debris_rock
70,215,195,-5.882352941176471,debris_rock
70,216,184,-6.96078431372549,mixed_snow_ice
70,217,173,-8.03921568627451,mixed_snow_ice
70,218,168,-8.529411764705884,mixed_snow_ice
70,219,199,-5.490196078431371,debris_rock
70,220,185,-6.862745098039216,mixed_snow_ice
70,221,184,-6.96078431372549,mixed_snow_ice
70,222,195,-5.882352941176471,debris_rock
71,0,193,-6.078431372549019,debris_rock
71,1,206,-4.803921568627452,debris_rock
71,2,215,-3.9215686274509807,debris_rock
71,3,188,-6.56862745098039,debris_rock
71,4,187,-6.666666666666668,debris_rock
71,5,176,-7.745098039215687,mixed_snow_ice
71,6,200,-5.392156862745097,debris_rock
71,7,171,-8.235294117647062,mixed_snow_ice
71,8,199,-5.490196078431371,debris_rock
71,9,213,-4.117647058823529,debris_rock
71,10,171,-8.235294117647062,mixed_snow_ice
71,11,158,-9.509803921568627,clean_glacier_ice
71,12,202,-5.196078431372548,debris_rock
71,13,220,-3.4313725490196063,debris_rock
71,14,188,-6.56862745098039,debris_rock
71,15,182,-7.156862745098039,mixed_snow_ice
71,16,183,-7.0588235294117645,mixed_snow_ice
71,17,141,-11.176470588235293,clean_glacier_ice
71,18,91,-16.07843137254902,regular_glacier_ice
71,19,66,-18.52941176470588,deep_glacier_ice
71,38,129,-12.352941176470589,regular_glacier_ice
71,39,46,-20.490196078431374,deep_glacier_ice
71,40,90,-16.176470588235293,regular_glacier_ice
71,41,130,-12.254901960784315,clean_glacier_ice
71,42,93,-15.882352941176471,regular_glacier_ice
71,43,202,-5.196078431372548,debris_rock
71,48,186,-6.764705882352942,debris_rock
71,49,223,-3.137254901960784,debris_rock
71,50,232,-2.254901960784313,debris_rock
71,51,131,-12.15686274509804,clean_glacier_ice
71,52,167,-8.627450980392158,mixed_snow_ice
71,53,169,-8.43137254901961,mixed_snow_ice
71,54,164,-8.92156862745098,clean_glacier_ice
71,55,158,-9.509803921568627,clean_glacier_ice
71,56,155,-9.803921568627452,clean_glacier_ice
71,57,173,-8.03921568627451,mixed_snow_ice
71,58,159,-9.411764705882353,clean_glacier_ice
71,59,214,-4.019607843137255,debris_rock
71,60,222,-3.235294117647058,debris_rock
71,61,208,-4.607843137254903,debris_rock
71,62,245,-0.9803921568627452,debris_rock
71,63,179,-7.450980392156865,mixed_snow_ice
71,64,231,-2.352941176470587,debris_rock
71,65,233,-2.1568627450980387,debris_rock
71,66,199,-5.490196078431371,debris_rock
71,67,204,-5.0,debris_rock
71,68,213,-4.117647058823529,debris_rock
71,69,242,-1.2745098039215712,debris_rock
71,70,180,-7.352941176470587,mixed_snow_ice
71,71,164,-8.92156862745098,clean_glacier_ice
71,72,207,-4.7058823529411775,debris_rock
71,73,173,-8.03921568627451,mixed_snow_ice
71,74,193,-6.078431372549019,debris_rock
71,75,128,-12.450980392156863,regular_glacier_ice
71,76,139,-11.372549019607844,clean_glacier_ice
71,77,134,-11.862745098039214,clean_glacier_ice
71,78,147,-10.588235294117649,clean_glacier_ice
71,79,95,-15.686274509803921,regular_glacier_ice
71,80,140,-11.274509803921568,clean_glacier_ice
71,81,138,-11.470588235294118,clean_glacier_ice
71,82,160,-9.313725490196079,clean_glacier_ice
71,83,157,-9.607843137254902,clean_glacier_ice
71,84,206,-4.803921568627452,debris_rock
71,85,173,-8.03921568627451,mixed_snow_ice
71,86,193,-6.078431372549019,debris_rock
71,87,159,-9.411764705882353,clean_glacier_ice
71,92,177,-7.647058823529413,mixed_snow_ice
71,93,76,-17.549019607843135,deep_glacier_ice
71,94,192,-6.1764705882352935,debris_rock
71,95,236,-1.8627450980392162,debris_rock
71,96,157,-9.607843137254902,clean_glacier_ice
71,97,134,-11.862745098039214,clean_glacier_ice
71,98,237,-1.764705882352942,debris_rock
71,99,234,-2.0588235294117645,debris_rock
71,100,145,-10.784313725490197,clean_glacier_ice
71,101,170,-8.333333333333336,mixed_snow_ice
71,102,227,-2.745098039215687,debris_rock
71,103,201,-5.2941176470588225,debris_rock
71,104,172,-8.137254901960784,mixed_snow_ice
71,105,158,-9.509803921568627,clean_glacier_ice
71,106,152,-10.098039215686274,clean_glacier_ice
71,107,197,-5.686274509803919,debris_rock
71,108,204,-5.0,debris_rock
71,109,178,-7.549019607843139,mixed_snow_ice
71,110,118,-13.431372549019608,regular_glacier_ice
71,111,113,-13.92156862745098,regular_glacier_ice
71,112,121,-13.137254901960786,regular_glacier_ice
71,113,113,-13.92156862745098,regular_glacier_ice
71,114,125,-12.745098039215687,regular_glacier_ice
71,115,163,-9.019607843137257,clean_glacier_ice
71,116,216,-3.8235294117647065,debris_rock
71,117,207,-4.7058823529411775,debris_rock
71,118,201,-5.2941176470588225,debris_rock
71,119,251,-0.3921568627451002,debris_rock
71,120,255,0.0,debris_rock
71,121,243,-1.176470588235297,debris_rock
71,122,212,-4.215686274509803,debris_rock
71,123,183,-7.0588235294117645,mixed_snow_ice
71,124,160,-9.313725490196079,clean_glacier_ice
71,125,139,-11.372549019607844,clean_glacier_ice
71,126,141,-11.176470588235293,clean_glacier_ice
71,127,184,-6.96078431372549,mixed_snow_ice
71,128,196,-5.784313725490193,debris_rock
71,129,190,-6.372549019607842,debris_rock
71,130,208,-4.607843137254903,debris_rock
71,131,185,-6.862745098039216,mixed_snow_ice
71,132,198,-5.588235294117645,debris_rock
71,133,194,-5.980392156862745,debris_rock
71,134,195,-5.882352941176471,debris_rock
71,135,200,-5.392156862745097,debris_rock
71,136,198,-5.588235294117645,debris_rock
71,137,218,-3.627450980392158,debris_rock
71,138,222,-3.235294117647058,debris_rock
71,139,207,-4.7058823529411775,debris_rock
71,140,204,-5.0,debris_rock
71,141,206,-4.803921568627452,debris_rock
71,142,221,-3.333333333333332,debris_rock
71,143,226,-2.8431372549019613,debris_rock
71,144,197,-5.686274509803919,debris_rock
71,145,187,-6.666666666666668,debris_rock
71,146,198,-5.588235294117645,debris_rock
71,147,199,-5.490196078431371,debris_rock
71,148,223,-3.137254901960784,debris_rock
71,149,225,-2.9411764705882355,debris_rock
71,150,197,-5.686274509803919,debris_rock
71,151,178,-7.549019607843139,mixed_snow_ice
71,152,171,-8.235294117647062,mixed_snow_ice
71,153,158,-9.509803921568627,clean_glacier_ice
71,154,149,-10.392156862745097,clean_glacier_ice
71,155,186,-6.764705882352942,debris_rock
71,156,167,-8.627450980392158,mixed_snow_ice
71,157,175,-7.843137254901961,mixed_snow_ice
71,158,199,-5.490196078431371,debris_rock
71,159,194,-5.980392156862745,debris_rock
71,160,166,-8.725490196078432,mixed_snow_ice
71,161,173,-8.03921568627451,mixed_snow_ice
71,162,197,-5.686274509803919,debris_rock
71,163,172,-8.137254901960784,mixed_snow_ice
71,164,191,-6.274509803921568,debris_rock
71,165,211,-4.313725490196081,debris_rock
71,166,202,-5.196078431372548,debris_rock
71,167,216,-3.8235294117647065,debris_rock
71,168,192,-6.1764705882352935,debris_rock
71,169,184,-6.96078431372549,mixed_snow_ice
71,170,191,-6.274509803921568,debris_rock
71,171,164,-8.92156862745098,clean_glacier_ice
71,172,176,-7.745098039215687,mixed_snow_ice
71,173,185,-6.862745098039216,mixed_snow_ice
71,174,203,-5.098039215686274,debris_rock
71,175,157,-9.607843137254902,clean_glacier_ice
71,176,145,-10.784313725490197,clean_glacier_ice
71,177,186,-6.764705882352942,debris_rock
71,178,176,-7.745098039215687,mixed_snow_ice
71,179,168,-8.529411764705884,mixed_snow_ice
71,180,176,-7.745098039215687,mixed_snow_ice
71,181,193,-6.078431372549019,debris_rock
71,182,130,-12.254901960784315,clean_glacier_ice
71,183,90,-16.176470588235293,regular_glacier_ice
71,203,127,-12.549019607843137,regular_glacier_ice
71,204,83,-16.862745098039216,deep_glacier_ice
71,205,59,-19.215686274509803,deep_glacier_ice
71,206,42,-20.88235294117647,very_deep_glacier_ice
71,207,123,-12.941176470588236,regular_glacier_ice
71,210,255,0.0,debris_rock
71,212,236,-1.8627450980392162,debris_rock
71,213,147,-10.588235294117649,clean_glacier_ice
71,214,205,-4.901960784313726,debris_rock
71,215,220,-3.4313725490196063,debris_rock
71,216,168,-8.529411764705884,mixed_snow_ice
71,217,165,-8.823529411764707,clean_glacier_ice
71,218,173,-8.03921568627451,mixed_snow_ice
71,219,166,-8.725490196078432,mixed_snow_ice
71,220,166,-8.725490196078432,mixed_snow_ice
71,221,177,-7.647058823529413,mixed_snow_ice
71,222,159,-9.411764705882353,clean_glacier_ice
72,0,152,-10.098039215686274,clean_glacier_ice
72,1,171,-8.235294117647062,mixed_snow_ice
72,2,211,-4.313725490196081,debris_rock
72,3,199,-5.490196078431371,debris_rock
72,4,212,-4.215686274509803,debris_rock
72,5,167,-8.627450980392158,mixed_snow_ice
72,6,217,-3.7254901960784323,debris_rock
72,7,248,-0.6862745098039227,debris_rock
72,8,180,-7.352941176470587,mixed_snow_ice
72,9,218,-3.627450980392158,debris_rock
72,10,206,-4.803921568627452,debris_rock
72,11,200,-5.392156862745097,debris_rock
72,12,185,-6.862745098039216,mixed_snow_ice
72,13,156,-9.705882352941176,clean_glacier_ice
72,14,228,-2.6470588235294095,debris_rock
72,15,214,-4.019607843137255,debris_rock
72,16,171,-8.235294117647062,mixed_snow_ice
72,17,150,-10.294117647058822,clean_glacier_ice
72,18,149,-10.392156862745097,clean_glacier_ice
72,19,146,-10.686274509803923,clean_glacier_ice
72,20,121,-13.137254901960786,regular_glacier_ice
72,21,133,-11.960784313725489,clean_glacier_ice
72,22,162,-9.11764705882353,clean_glacier_ice
72,23,111,-14.117647058823529,regular_glacier_ice
72,24,146,-10.686274509803923,clean_glacier_ice
72,25,132,-12.058823529411763,clean_glacier_ice
72,26,192,-6.1764705882352935,debris_rock
72,27,166,-8.725490196078432,mixed_snow_ice
72,28,203,-5.098039215686274,debris_rock
72,29,182,-7.156862745098039,mixed_snow_ice
72,30,181,-7.254901960784313,mixed_snow_ice
72,35,83,-16.862745098039216,deep_glacier_ice
72,36,171,-8.235294117647062,mixed_snow_ice
72,37,208,-4.607843137254903,debris_rock
72,38,206,-4.803921568627452,debris_rock
72,39,207,-4.7058823529411775,debris_rock
72,40,202,-5.196078431372548,debris_rock
72,41,193,-6.078431372549019,debris_rock
72,42,188,-6.56862745098039,debris_rock
72,43,229,-2.5490196078431353,debris_rock
72,44,185,-6.862745098039216,mixed_snow_ice
72,45,195,-5.882352941176471,debris_rock
72,46,166,-8.725490196078432,mixed_snow_ice
72,47,179,-7.450980392156865,mixed_snow_ice
72,48,173,-8.03921568627451,mixed_snow_ice
72,49,169,-8.43137254901961,mixed_snow_ice
72,50,154,-9.901960784313726,clean_glacier_ice
72,51,171,-8.235294117647062,mixed_snow_ice
72,52,120,-13.23529411764706,regular_glacier_ice
72,53,107,-14.509803921568627,regular_glacier_ice
72,54,142,-11.07843137254902,clean_glacier_ice
72,55,148,-10.49019607843137,clean_glacier_ice
72,56,165,-8.823529411764707,clean_glacier_ice
72,57,205,-4.901960784313726,debris_rock
72,58,217,-3.7254901960784323,debris_rock
72,59,199,-5.490196078431371,debris_rock
72,60,213,-4.117647058823529,debris_rock
72,61,205,-4.901960784313726,debris_rock
72,62,212,-4.215686274509803,debris_rock
72,63,210,-4.411764705882355,debris_rock
72,64,198,-5.588235294117645,debris_rock
72,65,185,-6.862745098039216,mixed_snow_ice
72,66,161,-9.215686274509805,clean_glacier_ice
72,67,139,-11.372549019607844,clean_glacier_ice
72,68,146,-10.686274509803923,clean_glacier_ice
72,69,192,-6.1764705882352935,debris_rock
72,70,211,-4.313725490196081,debris_rock
72,71,213,-4.117647058823529,debris_rock
72,72,191,-6.274509803921568,debris_rock
72,73,162,-9.11764705882353,clean_glacier_ice
72,74,177,-7.647058823529413,mixed_snow_ice
72,75,194,-5.980392156862745,debris_rock
72,76,167,-8.627450980392158,mixed_snow_ice
72,77,211,-4.313725490196081,debris_rock
72,78,201,-5.2941176470588225,debris_rock
72,79,198,-5.588235294117645,debris_rock
72,80,185,-6.862745098039216,mixed_snow_ice
72,81,200,-5.392156862745097,debris_rock
72,82,216,-3.8235294117647065,debris_rock
72,83,238,-1.6666666666666679,debris_rock
72,84,203,-5.098039215686274,debris_rock
72,85,215,-3.9215686274509807,debris_rock
72,86,211,-4.313725490196081,debris_rock
72,87,217,-3.7254901960784323,debris_rock
72,88,198,-5.588235294117645,debris_rock
72,89,203,-5.098039215686274,debris_rock
72,90,221,-3.333333333333332,debris_rock
72,91,182,-7.156862745098039,mixed_snow_ice
72,92,211,-4.313725490196081,debris_rock
72,93,208,-4.607843137254903,debris_rock
72,94,194,-5.980392156862745,debris_rock
72,95,162,-9.11764705882353,clean_glacier_ice
72,96,177,-7.647058823529413,mixed_snow_ice
72,97,185,-6.862745098039216,mixed_snow_ice
72,98,173,-8.03921568627451,mixed_snow_ice
72,99,197,-5.686274509803919,debris_rock
72,100,153,-10.0,clean_glacier_ice
72,101,176,-7.745098039215687,mixed_snow_ice
72,102,133,-11.960784313725489,clean_glacier_ice
72,103,182,-7.156862745098039,mixed_snow_ice
72,104,200,-5.392156862745097,debris_rock
72,105,199,-5.490196078431371,debris_rock
72,106,204,-5.0,debris_rock
72,107,217,-3.7254901960784323,debris_rock
72,108,188,-6.56862745098039,debris_rock
72,109,210,-4.411764705882355,debris_rock
72,110,189,-6.470588235294116,debris_rock
72,111,194,-5.980392156862745,debris_rock
72,112,193,-6.078431372549019,debris_rock
72,113,191,-6.274509803921568,debris_rock
72,114,201,-5.2941176470588225,debris_rock
72,115,191,-6.274509803921568,debris_rock
72,116,174,-7.9411764705882355,mixed_snow_ice
72,117,148,-10.49019607843137,clean_glacier_ice
72,118,158,-9.509803921568627,clean_glacier_ice
72,119,187,-6.666666666666668,debris_rock
72,120,155,-9.803921568627452,clean_glacier_ice
72,121,158,-9.509803921568627,clean_glacier_ice
72,122,188,-6.56862745098039,debris_rock
72,123,155,-9.803921568627452,clean_glacier_ice
72,124,113,-13.92156862745098,regular_glacier_ice
72,125,112,-14.019607843137255,regular_glacier_ice
72,146,175,-7.843137254901961,mixed_snow_ice
72,147,128,-12.450980392156863,regular_glacier_ice
72,148,59,-19.215686274509803,deep_glacier_ice
72,149,102,-15.0,regular_glacier_ice
72,150,243,-1.176470588235297,debris_rock
72,151,255,0.0,debris_rock
72,152,217,-3.7254901960784323,debris_rock
72,153,181,-7.254901960784313,mixed_snow_ice
72,154,198,-5.588235294117645,debris_rock
72,155,204,-5.0,debris_rock
72,156,213,-4.117647058823529,debris_rock
72,157,176,-7.745098039215687,mixed_snow_ice
72,158,173,-8.03921568627451,mixed_snow_ice
72,159,178,-7.549019607843139,mixed_snow_ice
72,160,171,-8.235294117647062,mixed_snow_ice
72,161,132,-12.058823529411763,clean_glacier_ice
72,162,152,-10.098039215686274,clean_glacier_ice
72,163,174,-7.9411764705882355,mixed_snow_ice
72,164,163,-9.019607843137257,clean_glacier_ice
72,165,168,-8.529411764705884,mixed_snow_ice
72,166,176,-7.745098039215687,mixed_snow_ice
72,167,190,-6.372549019607842,debris_rock
72,168,188,-6.56862745098039,debris_rock
72,169,182,-7.156862745098039,mixed_snow_ice
72,170,193,-6.078431372549019,debris_rock
72,171,212,-4.215686274509803,debris_rock
72,172,188,-6.56862745098039,debris_rock
72,173,196,-5.784313725490193,debris_rock
72,174,231,-2.352941176470587,debris_rock
72,175,210,-4.411764705882355,debris_rock
72,176,228,-2.6470588235294095,debris_rock
72,177,181,-7.254901960784313,mixed_snow_ice
72,178,192,-6.1764705882352935,debris_rock
72,179,189,-6.470588235294116,debris_rock
72,180,223,-3.137254901960784,debris_rock
72,181,167,-8.627450980392158,mixed_snow_ice
72,182,159,-9.411764705882353,clean_glacier_ice
72,183,144,-10.882352941176471,clean_glacier_ice
72,184,151,-10.196078431372548,clean_glacier_ice
72,185,155,-9.803921568627452,clean_glacier_ice
72,186,131,-12.15686274509804,clean_glacier_ice
72,187,151,-10.196078431372548,clean_glacier_ice
72,188,102,-15.0,regular_glacier_ice
72,189,123,-12.941176470588236,regular_glacier_ice
72,190,119,-13.333333333333334,regular_glacier_ice
72,191,188,-6.56862745098039,debris_rock
72,192,167,-8.627450980392158,mixed_snow_ice
72,193,180,-7.352941176470587,mixed_snow_ice
72,194,198,-5.588235294117645,debris_rock
72,195,176,-7.745098039215687,mixed_snow_ice
72,196,200,-5.392156862745097,debris_rock
72,200,144,-10.882352941176471,clean_glacier_ice
72,201,134,-11.862745098039214,clean_glacier_ice
72,202,244,-1.0784313725490193,debris_rock
72,203,251,-0.3921568627451002,debris_rock
72,204,221,-3.333333333333332,debris_rock
72,205,145,-10.784313725490197,clean_glacier_ice
72,206,146,-10.686274509803923,clean_glacier_ice
72,207,211,-4.313725490196081,debris_rock
72,208,197,-5.686274509803919,debris_rock
72,209,182,-7.156862745098039,mixed_snow_ice
72,210,197,-5.686274509803919,debris_rock
72,211,137,-11.568627450980392,clean_glacier_ice
72,212,196,-5.784313725490193,debris_rock
72,213,169,-8.43137254901961,mixed_snow_ice
72,214,156,-9.705882352941176,clean_glacier_ice
72,215,165,-8.823529411764707,clean_glacier_ice
72,216,139,-11.372549019607844,clean_glacier_ice
72,217,121,-13.137254901960786,regular_glacier_ice
72,218,124,-12.843137254901961,regular_glacier_ice
72,219,165,-8.823529411764707,clean_glacier_ice
72,220,154,-9.901960784313726,clean_glacier_ice
72,221,133,-11.960784313725489,clean_glacier_ice
72,222,145,-10.784313725490197,clean_glacier_ice
73,0,161,-9.215686274509805,clean_glacier_ice
73,1,232,-2.254901960784313,debris_rock
73,2,187,-6.666666666666668,debris_rock
73,3,165,-8.823529411764707,clean_glacier_ice
73,4,178,-7.549019607843139,mixed_snow_ice
73,5,210,-4.411764705882355,debris_rock
73,6,183,-7.0588235294117645,mixed_snow_ice
73,7,167,-8.627450980392158,mixed_snow_ice
73,8,126,-12.647058823529411,regular_glacier_ice
73,9,110,-14.215686274509803,regular_glacier_ice
73,10,177,-7.647058823529413,mixed_snow_ice
73,11,237,-1.764705882352942,debris_rock
73,12,244,-1.0784313725490193,debris_rock
73,13,192,-6.1764705882352935,debris_rock
73,14,188,-6.56862745098039,debris_rock
73,15,211,-4.313725490196081,debris_rock
73,16,179,-7.450980392156865,mixed_snow_ice
73,17,159,-9.411764705882353,clean_glacier_ice
73,18,196,-5.784313725490193,debris_rock
73,19,212,-4.215686274509803,debris_rock
73,20,238,-1.6666666666666679,debris_rock
73,21,219,-3.529411764705884,debris_rock
73,22,178,-7.549019607843139,mixed_snow_ice
73,23,200,-5.392156862745097,debris_rock
73,24,229,-2.5490196078431353,debris_rock
73,25,211,-4.313725490196081,debris_rock
73,26,217,-3.7254901960784323,debris_rock
73,27,235,-1.9607843137254903,debris_rock
73,28,196,-5.784313725490193,debris_rock
73,29,209,-4.509803921568629,debris_rock
73,30,218,-3.627450980392158,debris_rock
73,31,184,-6.96078431372549,mixed_snow_ice
73,32,208,-4.607843137254903,debris_rock
73,33,190,-6.372549019607842,debris_rock
73,34,203,-5.098039215686274,debris_rock
73,35,209,-4.509803921568629,debris_rock
73,36,205,-4.901960784313726,debris_rock
73,37,181,-7.254901960784313,mixed_snow_ice
73,38,177,-7.647058823529413,mixed_snow_ice
73,39,163,-9.019607843137257,clean_glacier_ice
73,40,167,-8.627450980392158,mixed_snow_ice
73,41,168,-8.529411764705884,mixed_snow_ice
73,42,175,-7.843137254901961,mixed_snow_ice
73,43,172,-8.137254901960784,mixed_snow_ice
73,44,145,-10.784313725490197,clean_glacier_ice
73,45,158,-9.509803921568627,clean_glacier_ice
73,46,202,-5.196078431372548,debris_rock
73,47,184,-6.96078431372549,mixed_snow_ice
73,48,166,-8.725490196078432,mixed_snow_ice
73,49,194,-5.980392156862745,debris_rock
73,50,183,-7.0588235294117645,mixed_snow_ice
73,51,181,-7.254901960784313,mixed_snow_ice
73,52,211,-4.313725490196081,debris_rock
73,53,214,-4.019607843137255,debris_rock
73,54,180,-7.352941176470587,mixed_snow_ice
73,55,187,-6.666666666666668,debris_rock
73,56,217,-3.7254901960784323,debris_rock
73,57,185,-6.862745098039216,mixed_snow_ice
73,58,181,-7.254901960784313,mixed_snow_ice
73,59,178,-7.549019607843139,mixed_snow_ice
73,60,154,-9.901960784313726,clean_glacier_ice
73,61,161,-9.215686274509805,clean_glacier_ice
73,62,180,-7.352941176470587,mixed_snow_ice
73,63,194,-5.980392156862745,debris_rock
73,64,147,-10.588235294117649,clean_glacier_ice
73,65,102,-15.0,regular_glacier_ice
73,66,88,-16.372549019607845,regular_glacier_ice
73,89,129,-12.352941176470589,regular_glacier_ice
73,90,79,-17.254901960784313,deep_glacier_ice
73,91,132,-12.058823529411763,clean_glacier_ice
73,92,219,-3.529411764705884,debris_rock
73,93,253,-0.19607843137254832,debris_rock
73,94,224,-3.0392156862745097,debris_rock
73,95,156,-9.705882352941176,clean_glacier_ice
73,96,212,-4.215686274509803,debris_rock
73,97,251,-0.3921568627451002,debris_rock
73,98,197,-5.686274509803919,debris_rock
73,99,163,-9.019607843137257,clean_glacier_ice
73,100,171,-8.235294117647062,mixed_snow_ice
73,101,149,-10.392156862745097,clean_glacier_ice
73,102,179,-7.450980392156865,mixed_snow_ice
73,103,177,-7.647058823529413,mixed_snow_ice
73,104,158,-9.509803921568627,clean_glacier_ice
73,105,165,-8.823529411764707,clean_glacier_ice
73,106,188,-6.56862745098039,debris_rock
73,107,176,-7.745098039215687,mixed_snow_ice
73,108,183,-7.0588235294117645,mixed_snow_ice
73,109,169,-8.43137254901961,mixed_snow_ice
73,110,165,-8.823529411764707,clean_glacier_ice
73,111,184,-6.96078431372549,mixed_snow_ice
73,112,184,-6.96078431372549,mixed_snow_ice
73,113,206,-4.803921568627452,debris_rock
73,114,215,-3.9215686274509807,debris_rock
73,115,162,-9.11764705882353,clean_glacier_ice
73,116,197,-5.686274509803919,debris_rock
73,117,193,-6.078431372549019,debris_rock
73,118,222,-3.235294117647058,debris_rock
73,119,218,-3.627450980392158,debris_rock
73,120,196,-5.784313725490193,debris_rock
73,121,182,-7.156862745098039,mixed_snow_ice
73,122,223,-3.137254901960784,debris_rock
73,123,202,-5.196078431372548,debris_rock
73,124,149,-10.392156862745097,clean_glacier_ice
73,125,118,-13.431372549019608,regular_glacier_ice
73,126,128,-12.450980392156863,regular_glacier_ice
73,127,169,-8.43137254901961,mixed_snow_ice
73,128,129,-12.352941176470589,regular_glacier_ice
73,129,143,-10.980392156862745,clean_glacier_ice
73,130,116,-13.627450980392156,regular_glacier_ice
73,131,103,-14.901960784313726,regular_glacier_ice
73,132,127,-12.549019607843137,regular_glacier_ice
73,133,159,-9.411764705882353,clean_glacier_ice
73,134,161,-9.215686274509805,clean_glacier_ice
73,135,180,-7.352941176470587,mixed_snow_ice
73,136,183,-7.0588235294117645,mixed_snow_ice
73,137,170,-8.333333333333336,mixed_snow_ice
73,138,181,-7.254901960784313,mixed_snow_ice
73,143,123,-12.941176470588236,regular_glacier_ice
73,144,255,0.0,debris_rock
73,145,238,-1.6666666666666679,debris_rock
73,146,202,-5.196078431372548,debris_rock
73,147,139,-11.372549019607844,clean_glacier_ice
73,148,203,-5.098039215686274,debris_rock
73,149,177,-7.647058823529413,mixed_snow_ice
73,150,187,-6.666666666666668,debris_rock
73,151,160,-9.313725490196079,clean_glacier_ice
73,152,120,-13.23529411764706,regular_glacier_ice
73,153,130,-12.254901960784315,clean_glacier_ice
73,154,130,-12.254901960784315,clean_glacier_ice
73,155,131,-12.15686274509804,clean_glacier_ice
73,156,128,-12.450980392156863,regular_glacier_ice
73,157,143,-10.980392156862745,clean_glacier_ice
73,158,133,-11.960784313725489,clean_glacier_ice
73,159,152,-10.098039215686274,clean_glacier_ice
73,160,161,-9.215686274509805,clean_glacier_ice
73,161,202,-5.196078431372548,debris_rock
73,162,140,-11.274509803921568,clean_glacier_ice
73,163,100,-15.196078431372548,regular_glacier_ice
73,164,117,-13.529411764705882,regular_glacier_ice
73,165,114,-13.823529411764705,regular_glacier_ice
73,166,185,-6.862745098039216,mixed_snow_ice
73,167,198,-5.588235294117645,debris_rock
73,168,188,-6.56862745098039,debris_rock
73,169,210,-4.411764705882355,debris_rock
73,170,224,-3.0392156862745097,debris_rock
73,171,145,-10.784313725490197,clean_glacier_ice
73,172,136,-11.666666666666666,clean_glacier_ice
73,173,112,-14.019607843137255,regular_glacier_ice
73,174,151,-10.196078431372548,clean_glacier_ice
73,175,242,-1.2745098039215712,debris_rock
73,176,248,-0.6862745098039227,debris_rock
73,177,178,-7.549019607843139,mixed_snow_ice
73,178,161,-9.215686274509805,clean_glacier_ice
73,179,192,-6.1764705882352935,debris_rock
73,180,182,-7.156862745098039,mixed_snow_ice
73,181,147,-10.588235294117649,clean_glacier_ice
73,182,163,-9.019607843137257,clean_glacier_ice
73,183,169,-8.43137254901961,mixed_snow_ice
73,184,243,-1.176470588235297,debris_rock
73,185,225,-2.9411764705882355,debris_rock
73,186,193,-6.078431372549019,debris_rock
73,187,179,-7.450980392156865,mixed_snow_ice
73,188,219,-3.529411764705884,debris_rock
73,189,197,-5.686274509803919,debris_rock
73,190,202,-5.196078431372548,debris_rock
73,191,249,-0.5882352941176485,debris_rock
73,192,232,-2.254901960784313,debris_rock
73,193,212,-4.215686274509803,debris_rock
73,194,184,-6.96078431372549,mixed_snow_ice
73,195,198,-5.588235294117645,debris_rock
73,196,196,-5.784313725490193,debris_rock
73,197,224,-3.0392156862745097,debris_rock
73,198,222,-3.235294117647058,debris_rock
73,199,204,-5.0,debris_rock
73,200,199,-5.490196078431371,debris_rock
73,201,230,-2.450980392156861,debris_rock
73,202,201,-5.2941176470588225,debris_rock
73,203,194,-5.980392156862745,debris_rock
73,204,173,-8.03921568627451,mixed_snow_ice
73,205,192,-6.1764705882352935,debris_rock
73,206,170,-8.333333333333336,mixed_snow_ice
73,207,144,-10.882352941176471,clean_glacier_ice
73,208,171,-8.235294117647062,mixed_snow_ice
73,209,147,-10.588235294117649,clean_glacier_ice
73,210,155,-9.803921568627452,clean_glacier_ice
73,211,182,-7.156862745098039,mixed_snow_ice
73,212,179,-7.450980392156865,mixed_snow_ice
73,213,156,-9.705882352941176,clean_glacier_ice
73,214,171,-8.235294117647062,mixed_snow_ice
73,215,224,-3.0392156862745097,debris_rock
73,216,183,-7.0588235294117645,mixed_snow_ice
73,217,197,-5.686274509803919,debris_rock
73,218,160,-9.313725490196079,clean_glacier_ice
73,219,196,-5.784313725490193,debris_rock
73,220,166,-8.725490196078432,mixed_snow_ice
73,221,191,-6.274509803921568,debris_rock
73,222,165,-8.823529411764707,clean_glacier_ice
74,0,168,-8.529411764705884,mixed_snow_ice
74,1,166,-8.725490196078432,mixed_snow_ice
74,2,197,-5.686274509803919,debris_rock
74,3,170,-8.333333333333336,mixed_snow_ice
74,4,172,-8.137254901960784,mixed_snow_ice
74,5,190,-6.372549019607842,debris_rock
74,6,134,-11.862745098039214,clean_glacier_ice
74,30,177,-7.647058823529413,mixed_snow_ice
74,31,107,-14.509803921568627,regular_glacier_ice
74,32,163,-9.019607843137257,clean_glacier_ice
74,35,255,0.0,debris_rock
74,36,207,-4.7058823529411775,debris_rock
74,37,160,-9.313725490196079,clean_glacier_ice
74,38,236,-1.8627450980392162,debris_rock
74,39,233,-2.1568627450980387,debris_rock
74,40,161,-9.215686274509805,clean_glacier_ice
74,41,160,-9.313725490196079,clean_glacier_ice
74,42,189,-6.470588235294116,debris_rock
74,43,186,-6.764705882352942,debris_rock
74,44,186,-6.764705882352942,debris_rock
74,45,176,-7.745098039215687,mixed_snow_ice
74,46,182,-7.156862745098039,mixed_snow_ice
74,47,188,-6.56862745098039,debris_rock
74,48,157,-9.607843137254902,clean_glacier_ice
74,49,186,-6.764705882352942,debris_rock
74,50,167,-8.627450980392158,mixed_snow_ice
74,51,159,-9.411764705882353,clean_glacier_ice
74,52,182,-7.156862745098039,mixed_snow_ice
74,53,174,-7.9411764705882355,mixed_snow_ice
74,54,181,-7.254901960784313,mixed_snow_ice
74,55,173,-8.03921568627451,mixed_snow_ice
74,56,203,-5.098039215686274,debris_rock
74,57,198,-5.588235294117645,debris_rock
74,58,199,-5.490196078431371,debris_rock
74,59,201,-5.2941176470588225,debris_rock
74,60,222,-3.235294117647058,debris_rock
74,61,199,-5.490196078431371,debris_rock
74,62,183,-7.0588235294117645,mixed_snow_ice
74,63,178,-7.549019607843139,mixed_snow_ice
74,64,185,-6.862745098039216,mixed_snow_ice
74,65,193,-6.078431372549019,debris_rock
74,66,167,-8.627450980392158,mixed_snow_ice
74,67,139,-11.372549019607844,clean_glacier_ice
74,68,151,-10.196078431372548,clean_glacier_ice
74,69,132,-12.058823529411763,clean_glacier_ice
74,70,143,-10.980392156862745,clean_glacier_ice
74,71,141,-11.176470588235293,clean_glacier_ice
74,72,114,-13.823529411764705,regular_glacier_ice
74,73,105,-14.705882352941178,regular_glacier_ice
74,74,119,-13.333333333333334,regular_glacier_ice
74,75,136,-11.666666666666666,clean_glacier_ice
74,76,184,-6.96078431372549,mixed_snow_ice
74,77,166,-8.725490196078432,mixed_snow_ice
74,78,180,-7.352941176470587,mixed_snow_ice
74,79,177,-7.647058823529413,mixed_snow_ice
74,80,185,-6.862745098039216,mixed_snow_ice
74,81,236,-1.8627450980392162,debris_rock
74,85,190,-6.372549019607842,debris_rock
74,86,255,0.0,debris_rock
74,87,246,-0.882352941176471,debris_rock
74,88,196,-5.784313725490193,debris_rock
74,89,114,-13.823529411764705,regular_glacier_ice
74,90,161,-9.215686274509805,clean_glacier_ice
74,91,238,-1.6666666666666679,debris_rock
74,92,189,-6.470588235294116,debris_rock
74,93,149,-10.392156862745097,clean_glacier_ice
74,94,104,-14.803921568627452,regular_glacier_ice
74,95,163,-9.019607843137257,clean_glacier_ice
74,96,151,-10.196078431372548,clean_glacier_ice
74,97,133,-11.960784313725489,clean_glacier_ice
74,98,189,-6.470588235294116,debris_rock
74,99,187,-6.666666666666668,debris_rock
74,100,178,-7.549019607843139,mixed_snow_ice
74,101,226,-2.8431372549019613,debris_rock
74,102,196,-5.784313725490193,debris_rock
74,103,171,-8.235294117647062,mixed_snow_ice
74,104,104,-14.803921568627452,regular_glacier_ice
74,105,103,-14.901960784313726,regular_glacier_ice
74,106,87,-16.470588235294116,deep_glacier_ice
74,107,92,-15.980392156862745,regular_glacier_ice
74,108,193,-6.078431372549019,debris_rock
74,109,255,0.0,debris_rock
74,110,250,-0.49019607843137436,debris_rock
74,111,242,-1.2745098039215712,debris_rock
74,112,232,-2.254901960784313,debris_rock
74,113,175,-7.843137254901961,mixed_snow_ice
74,114,183,-7.0588235294117645,mixed_snow_ice
74,115,214,-4.019607843137255,debris_rock
74,116,182,-7.156862745098039,mixed_snow_ice
74,117,210,-4.411764705882355,debris_rock
74,118,187,-6.666666666666668,debris_rock
74,119,196,-5.784313725490193,debris_rock
74,120,197,-5.686274509803919,debris_rock
74,121,205,-4.901960784313726,debris_rock
74,122,185,-6.862745098039216,mixed_snow_ice
74,123,195,-5.882352941176471,debris_rock
74,124,202,-5.196078431372548,debris_rock
74,125,223,-3.137254901960784,debris_rock
74,126,216,-3.8235294117647065,debris_rock
74,127,183,-7.0588235294117645,mixed_snow_ice
74,128,179,-7.450980392156865,mixed_snow_ice
74,129,202,-5.196078431372548,debris_rock
74,130,163,-9.019607843137257,clean_glacier_ice
74,131,178,-7.549019607843139,mixed_snow_ice
74,132,217,-3.7254901960784323,debris_rock
74,133,199,-5.490196078431371,debris_rock
74,134,212,-4.215686274509803,debris_rock
74,135,215,-3.9215686274509807,debris_rock
74,136,172,-8.137254901960784,mixed_snow_ice
74,137,205,-4.901960784313726,debris_rock
74,138,215,-3.9215686274509807,debris_rock
74,139,181,-7.254901960784313,mixed_snow_ice
74,140,189,-6.470588235294116,debris_rock
74,141,182,-7.156862745098039,mixed_snow_ice
74,142,191,-6.274509803921568,debris_rock
74,143,184,-6.96078431372549,mixed_snow_ice
74,144,173,-8.03921568627451,mixed_snow_ice
74,145,179,-7.450980392156865,mixed_snow_ice
74,146,141,-11.176470588235293,clean_glacier_ice
74,147,162,-9.11764705882353,clean_glacier_ice
74,148,140,-11.274509803921568,clean_glacier_ice
74,149,149,-10.392156862745097,clean_glacier_ice
74,150,146,-10.686274509803923,clean_glacier_ice
74,151,117,-13.529411764705882,regular_glacier_ice
74,152,159,-9.411764705882353,clean_glacier_ice
74,153,205,-4.901960784313726,debris_rock
74,154,197,-5.686274509803919,debris_rock
74,155,158,-9.509803921568627,clean_glacier_ice
74,156,207,-4.7058823529411775,debris_rock
74,157,195,-5.882352941176471,debris_rock
74,158,203,-5.098039215686274,debris_rock
74,159,173,-8.03921568627451,mixed_snow_ice
74,160,176,-7.745098039215687,mixed_snow_ice
74,161,229,-2.5490196078431353,debris_rock
74,162,175,-7.843137254901961,mixed_snow_ice
74,163,168,-8.529411764705884,mixed_snow_ice
74,164,143,-10.980392156862745,clean_glacier_ice
74,165,175,-7.843137254901961,mixed_snow_ice
74,166,147,-10.588235294117649,clean_glacier_ice
74,167,171,-8.235294117647062,mixed_snow_ice
74,168,176,-7.745098039215687,mixed_snow_ice
74,169,158,-9.509803921568627,clean_glacier_ice
74,170,154,-9.901960784313726,clean_glacier_ice
74,178,138,-11.470588235294118,clean_glacier_ice
74,179,168,-8.529411764705884,mixed_snow_ice
74,180,157,-9.607843137254902,clean_glacier_ice
74,198,211,-4.313725490196081,debris_rock
74,200,204,-5.0,debris_rock
74,201,166,-8.725490196078432,mixed_snow_ice
74,202,217,-3.7254901960784323,debris_rock
74,203,255,0.0,debris_rock
74,204,192,-6.1764705882352935,debris_rock
74,205,172,-8.137254901960784,mixed_snow_ice
74,206,172,-8.137254901960784,mixed_snow_ice
74,207,141,-11.176470588235293,clean_glacier_ice
74,208,117,-13.529411764705882,regular_glacier_ice
74,209,156,-9.705882352941176,clean_glacier_ice
74,210,138,-11.470588235294118,clean_glacier_ice
74,211,124,-12.843137254901961,regular_glacier_ice
74,212,206,-4.803921568627452,debris_rock
74,213,227,-2.745098039215687,debris_rock
74,214,187,-6.666666666666668,debris_rock
74,215,190,-6.372549019607842,debris_rock
74,216,202,-5.196078431372548,debris_rock
74,217,255,0.0,debris_rock
74,218,200,-5.392156862745097,debris_rock
74,219,186,-6.764705882352942,debris_rock
74,220,193,-6.078431372549019,debris_rock
74,221,198,-5.588235294117645,debris_rock
74,222,234,-2.0588235294117645,debris_rock
75,0,190,-6.372549019607842,debris_rock
75,1,176,-7.745098039215687,mixed_snow_ice
75,2,216,-3.8235294117647065,debris_rock
75,3,192,-6.1764705882352935,debris_rock
75,4,171,-8.235294117647062,mixed_snow_ice
75,5,199,-5.490196078431371,debris_rock
75,6,186,-6.764705882352942,debris_rock
75,7,165,-8.823529411764707,clean_glacier_ice
75,8,150,-10.294117647058822,clean_glacier_ice
75,9,137,-11.568627450980392,clean_glacier_ice
75,10,151,-10.196078431372548,clean_glacier_ice
75,11,118,-13.431372549019608,regular_glacier_ice
75,12,116,-13.627450980392156,regular_glacier_ice
75,13,118,-13.431372549019608,regular_glacier_ice
75,14,150,-10.294117647058822,clean_glacier_ice
75,15,113,-13.92156862745098,regular_glacier_ice
75,16,130,-12.254901960784315,clean_glacier_ice
75,17,160,-9.313725490196079,clean_glacier_ice
75,18,153,-10.0,clean_glacier_ice
75,19,171,-8.235294117647062,mixed_snow_ice
75,20,163,-9.019607843137257,clean_glacier_ice
75,21,192,-6.1764705882352935,debris_rock
75,22,212,-4.215686274509803,debris_rock
75,23,206,-4.803921568627452,debris_rock
75,24,195,-5.882352941176471,debris_rock
75,25,231,-2.352941176470587,debris_rock
75,28,255,0.0,debris_rock
75,29,177,-7.647058823529413,mixed_snow_ice
75,30,170,-8.333333333333336,mixed_snow_ice
75,31,199,-5.490196078431371,debris_rock
75,35,182,-7.156862745098039,mixed_snow_ice
75,36,180,-7.352941176470587,mixed_snow_ice
75,37,204,-5.0,debris_rock
75,38,194,-5.980392156862745,debris_rock
75,39,162,-9.11764705882353,clean_glacier_ice
75,40,252,-0.2941176470588225,debris_rock
75,41,222,-3.235294117647058,debris_rock
75,42,207,-4.7058823529411775,debris_rock
75,43,223,-3.137254901960784,debris_rock
75,44,179,-7.450980392156865,mixed_snow_ice
75,45,151,-10.196078431372548,clean_glacier_ice
75,46,160,-9.313725490196079,clean_glacier_ice
75,47,211,-4.313725490196081,debris_rock
75,48,199,-5.490196078431371,debris_rock
75,49,210,-4.411764705882355,debris_rock
75,50,255,0.0,debris_rock
75,51,255,0.0,debris_rock
75,52,251,-0.3921568627451002,debris_rock
75,53,208,-4.607843137254903,debris_rock
75,54,196,-5.784313725490193,debris_rock
75,55,163,-9.019607843137257,clean_glacier_ice
75,56,161,-9.215686274509805,clean_glacier_ice
75,57,178,-7.549019607843139,mixed_snow_ice
75,58,175,-7.843137254901961,mixed_snow_ice
75,59,227,-2.745098039215687,debris_rock
75,60,253,-0.19607843137254832,debris_rock
75,61,209,-4.509803921568629,debris_rock
75,62,195,-5.882352941176471,debris_rock
75,63,229,-2.5490196078431353,debris_rock
75,64,217,-3.7254901960784323,debris_rock
75,65,196,-5.784313725490193,debris_rock
75,66,246,-0.882352941176471,debris_rock
75,67,245,-0.9803921568627452,debris_rock
75,68,179,-7.450980392156865,mixed_snow_ice
75,69,183,-7.0588235294117645,mixed_snow_ice
75,70,199,-5.490196078431371,debris_rock
75,71,182,-7.156862745098039,mixed_snow_ice
75,72,201,-5.2941176470588225,debris_rock
75,73,189,-6.470588235294116,debris_rock
75,74,174,-7.9411764705882355,mixed_snow_ice
75,75,194,-5.980392156862745,debris_rock
75,76,204,-5.0,debris_rock
75,77,224,-3.0392156862745097,debris_rock
75,78,201,-5.2941176470588225,debris_rock
75,79,201,-5.2941176470588225,debris_rock
75,80,210,-4.411764705882355,debris_rock
75,81,205,-4.901960784313726,debris_rock
75,82,188,-6.56862745098039,debris_rock
75,83,191,-6.274509803921568,debris_rock
75,84,139,-11.372549019607844,clean_glacier_ice
75,85,109,-14.313725490196079,regular_glacier_ice
75,86,126,-12.647058823529411,regular_glacier_ice
75,87,149,-10.392156862745097,clean_glacier_ice
75,88,153,-10.0,clean_glacier_ice
75,89,104,-14.803921568627452,regular_glacier_ice
75,90,142,-11.07843137254902,clean_glacier_ice
75,91,134,-11.862745098039214,clean_glacier_ice
75,92,107,-14.509803921568627,regular_glacier_ice
75,93,113,-13.92156862745098,regular_glacier_ice
75,94,179,-7.450980392156865,mixed_snow_ice
75,95,222,-3.235294117647058,debris_rock
75,96,179,-7.450980392156865,mixed_snow_ice
75,97,188,-6.56862745098039,debris_rock
75,98,204,-5.0,debris_rock
75,99,194,-5.980392156862745,debris_rock
75,100,218,-3.627450980392158,debris_rock
75,101,179,-7.450980392156865,mixed_snow_ice
75,102,215,-3.9215686274509807,debris_rock
75,103,185,-6.862745098039216,mixed_snow_ice
75,104,148,-10.49019607843137,clean_glacier_ice
75,105,171,-8.235294117647062,mixed_snow_ice
75,106,166,-8.725490196078432,mixed_snow_ice
75,107,165,-8.823529411764707,clean_glacier_ice
75,108,177,-7.647058823529413,mixed_snow_ice
75,109,177,-7.647058823529413,mixed_snow_ice
75,110,168,-8.529411764705884,mixed_snow_ice
75,111,111,-14.117647058823529,regular_glacier_ice
75,112,84,-16.764705882352942,deep_glacier_ice
75,119,227,-2.745098039215687,debris_rock
75,120,124,-12.843137254901961,regular_glacier_ice
75,121,76,-17.549019607843135,deep_glacier_ice
75,134,151,-10.196078431372548,clean_glacier_ice
75,140,173,-8.03921568627451,mixed_snow_ice
75,141,162,-9.11764705882353,clean_glacier_ice
75,142,162,-9.11764705882353,clean_glacier_ice
75,143,189,-6.470588235294116,debris_rock
75,144,255,0.0,debris_rock
75,145,255,0.0,debris_rock
75,146,169,-8.43137254901961,mixed_snow_ice
75,147,149,-10.392156862745097,clean_glacier_ice
75,148,113,-13.92156862745098,regular_glacier_ice
75,149,153,-10.0,clean_glacier_ice
75,150,146,-10.686274509803923,clean_glacier_ice
75,151,147,-10.588235294117649,clean_glacier_ice
75,152,150,-10.294117647058822,clean_glacier_ice
75,153,143,-10.980392156862745,clean_glacier_ice
75,154,195,-5.882352941176471,debris_rock
75,155,238,-1.6666666666666679,debris_rock
75,156,236,-1.8627450980392162,debris_rock
75,157,250,-0.49019607843137436,debris_rock
75,158,202,-5.196078431372548,debris_rock
75,159,255,0.0,debris_rock
75,160,246,-0.882352941176471,debris_rock
75,161,197,-5.686274509803919,debris_rock
75,162,203,-5.098039215686274,debris_rock
75,163,229,-2.5490196078431353,debris_rock
75,164,180,-7.352941176470587,mixed_snow_ice
75,165,198,-5.588235294117645,debris_rock
75,166,172,-8.137254901960784,mixed_snow_ice
75,167,207,-4.7058823529411775,debris_rock
75,168,197,-5.686274509803919,debris_rock
75,169,205,-4.901960784313726,debris_rock
75,170,158,-9.509803921568627,clean_glacier_ice
75,171,190,-6.372549019607842,debris_rock
75,172,179,-7.450980392156865,mixed_snow_ice
75,173,174,-7.9411764705882355,mixed_snow_ice
75,174,158,-9.509803921568627,clean_glacier_ice
75,175,148,-10.49019607843137,clean_glacier_ice
75,176,159,-9.411764705882353,clean_glacier_ice
75,177,113,-13.92156862745098,regular_glacier_ice
75,178,126,-12.647058823529411,regular_glacier_ice
75,179,154,-9.901960784313726,clean_glacier_ice
75,180,148,-10.49019607843137,clean_glacier_ice
75,181,96,-15.588235294117647,regular_glacier_ice
75,182,129,-12.352941176470589,regular_glacier_ice
75,183,125,-12.745098039215687,regular_glacier_ice
75,184,189,-6.470588235294116,debris_rock
75,185,200,-5.392156862745097,debris_rock
75,186,183,-7.0588235294117645,mixed_snow_ice
75,187,196,-5.784313725490193,debris_rock
75,188,193,-6.078431372549019,debris_rock
75,189,169,-8.43137254901961,mixed_snow_ice
75,190,208,-4.607843137254903,debris_rock
75,194,237,-1.764705882352942,debris_rock
75,195,199,-5.490196078431371,debris_rock
75,196,183,-7.0588235294117645,mixed_snow_ice
75,200,164,-8.92156862745098,clean_glacier_ice
75,201,205,-4.901960784313726,debris_rock
75,202,249,-0.5882352941176485,debris_rock
75,203,221,-3.333333333333332,debris_rock
75,204,189,-6.470588235294116,debris_rock
75,205,223,-3.137254901960784,debris_rock
75,206,204,-5.0,debris_rock
75,207,199,-5.490196078431371,debris_rock
75,208,176,-7.745098039215687,mixed_snow_ice
75,209,145,-10.784313725490197,clean_glacier_ice
75,210,163,-9.019607843137257,clean_glacier_ice
75,211,156,-9.705882352941176,clean_glacier_ice
75,212,121,-13.137254901960786,regular_glacier_ice
75,213,96,-15.588235294117647,regular_glacier_ice
75,214,140,-11.274509803921568,clean_glacier_ice
75,215,250,-0.49019607843137436,debris_rock
75,216,255,0.0,debris_rock
75,217,226,-2.8431372549019613,debris_rock
75,218,194,-5.980392156862745,debris_rock
75,219,163,-9.019607843137257,clean_glacier_ice
75,220,167,-8.627450980392158,mixed_snow_ice
75,221,161,-9.215686274509805,clean_glacier_ice
75,222,164,-8.92156862745098,clean_glacier_ice
76,0,177,-7.647058823529413,mixed_snow_ice
76,1,233,-2.1568627450980387,debris_rock
76,2,235,-1.9607843137254903,debris_rock
76,3,174,-7.9411764705882355,mixed_snow_ice
76,4,214,-4.019607843137255,debris_rock
76,5,255,0.0,debris_rock
76,6,232,-2.254901960784313,debris_rock
76,7,220,-3.4313725490196063,debris_rock
76,8,213,-4.117647058823529,debris_rock
76,9,194,-5.980392156862745,debris_rock
76,10,164,-8.92156862745098,clean_glacier_ice
76,11,187,-6.666666666666668,debris_rock
76,12,186,-6.764705882352942,debris_rock
76,13,196,-5.784313725490193,debris_rock
76,14,212,-4.215686274509803,debris_rock
76,15,206,-4.803921568627452,debris_rock
76,16,183,-7.0588235294117645,mixed_snow_ice
76,17,166,-8.725490196078432,mixed_snow_ice
76,18,213,-4.117647058823529,debris_rock
76,19,186,-6.764705882352942,debris_rock
76,20,206,-4.803921568627452,debris_rock
76,21,197,-5.686274509803919,debris_rock
76,22,253,-0.19607843137254832,debris_rock
76,23,177,-7.647058823529413,mixed_snow_ice
76,24,163,-9.019607843137257,clean_glacier_ice
76,25,217,-3.7254901960784323,debris_rock
76,26,180,-7.352941176470587,mixed_snow_ice
76,27,151,-10.196078431372548,clean_glacier_ice
76,28,142,-11.07843137254902,clean_glacier_ice
76,29,142,-11.07843137254902,clean_glacier_ice
76,30,161,-9.215686274509805,clean_glacier_ice
76,31,123,-12.941176470588236,regular_glacier_ice
76,32,157,-9.607843137254902,clean_glacier_ice
76,33,120,-13.23529411764706,regular_glacier_ice
76,34,101,-15.098039215686274,regular_glacier_ice
76,35,135,-11.76470588235294,clean_glacier_ice
76,36,194,-5.980392156862745,debris_rock
76,37,201,-5.2941176470588225,debris_rock
76,38,119,-13.333333333333334,regular_glacier_ice
76,39,129,-12.352941176470589,regular_glacier_ice
76,40,160,-9.313725490196079,clean_glacier_ice
76,41,196,-5.784313725490193,debris_rock
76,42,170,-8.333333333333336,mixed_snow_ice
76,43,190,-6.372549019607842,debris_rock
76,44,186,-6.764705882352942,debris_rock
76,45,179,-7.450980392156865,mixed_snow_ice
76,46,169,-8.43137254901961,mixed_snow_ice
76,47,169,-8.43137254901961,mixed_snow_ice
76,48,166,-8.725490196078432,mixed_snow_ice
76,49,172,-8.137254901960784,mixed_snow_ice
76,50,186,-6.764705882352942,debris_rock
76,51,181,-7.254901960784313,mixed_snow_ice
76,52,142,-11.07843137254902,clean_glacier_ice
76,53,146,-10.686274509803923,clean_glacier_ice
76,54,93,-15.882352941176471,regular_glacier_ice
76,61,207,-4.7058823529411775,debris_rock
76,62,141,-11.176470588235293,clean_glacier_ice
76,63,102,-15.0,regular_glacier_ice
76,75,255,0.0,debris_rock
76,76,125,-12.745098039215687,regular_glacier_ice
76,80,229,-2.5490196078431353,debris_rock
76,81,177,-7.647058823529413,mixed_snow_ice
76,82,179,-7.450980392156865,mixed_snow_ice
76,83,170,-8.333333333333336,mixed_snow_ice
76,84,188,-6.56862745098039,debris_rock
76,85,190,-6.372549019607842,debris_rock
76,86,255,0.0,debris_rock
76,87,255,0.0,debris_rock
76,88,193,-6.078431372549019,debris_rock
76,89,123,-12.941176470588236,regular_glacier_ice
76,90,119,-13.333333333333334,regular_glacier_ice
76,91,89,-16.274509803921568,regular_glacier_ice
76,92,135,-11.76470588235294,clean_glacier_ice
76,93,139,-11.372549019607844,clean_glacier_ice
76,94,142,-11.07843137254902,clean_glacier_ice
76,95,153,-10.0,clean_glacier_ice
76,96,188,-6.56862745098039,debris_rock
76,97,231,-2.352941176470587,debris_rock
76,98,232,-2.254901960784313,debris_rock
76,99,219,-3.529411764705884,debris_rock
76,100,166,-8.725490196078432,mixed_snow_ice
76,101,196,-5.784313725490193,debris_rock
76,102,255,0.0,debris_rock
76,103,220,-3.4313725490196063,debris_rock
76,104,199,-5.490196078431371,debris_rock
76,105,219,-3.529411764705884,debris_rock
76,106,185,-6.862745098039216,mixed_snow_ice
76,107,209,-4.509803921568629,debris_rock
76,108,188,-6.56862745098039,debris_rock
76,109,214,-4.019607843137255,debris_rock
76,110,214,-4.019607843137255,debris_rock
76,111,209,-4.509803921568629,debris_rock
76,112,202,-5.196078431372548,debris_rock
76,113,162,-9.11764705882353,clean_glacier_ice
76,114,172,-8.137254901960784,mixed_snow_ice
76,115,150,-10.294117647058822,clean_glacier_ice
76,116,177,-7.647058823529413,mixed_snow_ice
76,117,165,-8.823529411764707,clean_glacier_ice
76,118,149,-10.392156862745097,clean_glacier_ice
76,119,140,-11.274509803921568,clean_glacier_ice
76,120,139,-11.372549019607844,clean_glacier_ice
76,121,149,-10.392156862745097,clean_glacier_ice
76,122,136,-11.666666666666666,clean_glacier_ice
76,123,126,-12.647058823529411,regular_glacier_ice
76,124,130,-12.254901960784315,clean_glacier_ice
76,125,116,-13.627450980392156,regular_glacier_ice
76,126,152,-10.098039215686274,clean_glacier_ice
76,127,197,-5.686274509803919,debris_rock
76,128,171,-8.235294117647062,mixed_snow_ice
76,129,211,-4.313725490196081,debris_rock
76,130,177,-7.647058823529413,mixed_snow_ice
76,131,162,-9.11764705882353,clean_glacier_ice
76,132,204,-5.0,debris_rock
76,137,162,-9.11764705882353,clean_glacier_ice
76,138,188,-6.56862745098039,debris_rock
76,139,105,-14.705882352941178,regular_glacier_ice
76,143,255,0.0,debris_rock
76,144,255,0.0,debris_rock
76,145,211,-4.313725490196081,debris_rock
76,146,170,-8.333333333333336,mixed_snow_ice
76,147,170,-8.333333333333336,mixed_snow_ice
76,148,172,-8.137254901960784,mixed_snow_ice
76,149,184,-6.96078431372549,mixed_snow_ice
76,150,153,-10.0,clean_glacier_ice
76,151,182,-7.156862745098039,mixed_snow_ice
76,152,177,-7.647058823529413,mixed_snow_ice
76,153,144,-10.882352941176471,clean_glacier_ice
76,154,100,-15.196078431372548,regular_glacier_ice
76,155,122,-13.03921568627451,regular_glacier_ice
76,156,205,-4.901960784313726,debris_rock
76,157,234,-2.0588235294117645,debris_rock
76,158,223,-3.137254901960784,debris_rock
76,159,195,-5.882352941176471,debris_rock
76,160,236,-1.8627450980392162,debris_rock
76,161,211,-4.313725490196081,debris_rock
76,162,183,-7.0588235294117645,mixed_snow_ice
76,163,186,-6.764705882352942,debris_rock
76,164,169,-8.43137254901961,mixed_snow_ice
76,165,168,-8.529411764705884,mixed_snow_ice
76,166,186,-6.764705882352942,debris_rock
76,167,182,-7.156862745098039,mixed_snow_ice
76,168,199,-5.490196078431371,debris_rock
76,169,222,-3.235294117647058,debris_rock
76,170,152,-10.098039215686274,clean_glacier_ice
76,171,152,-10.098039215686274,clean_glacier_ice
76,172,190,-6.372549019607842,debris_rock
76,173,210,-4.411764705882355,debris_rock
76,174,187,-6.666666666666668,debris_rock
76,175,197,-5.686274509803919,debris_rock
76,176,171,-8.235294117647062,mixed_snow_ice
76,177,182,-7.156862745098039,mixed_snow_ice
76,178,152,-10.098039215686274,clean_glacier_ice
76,179,195,-5.882352941176471,debris_rock
76,180,222,-3.235294117647058,debris_rock
76,181,199,-5.490196078431371,debris_rock
76,182,201,-5.2941176470588225,debris_rock
76,183,205,-4.901960784313726,debris_rock
76,184,185,-6.862745098039216,mixed_snow_ice
76,185,204,-5.0,debris_rock
76,186,187,-6.666666666666668,debris_rock
76,187,223,-3.137254901960784,debris_rock
76,188,188,-6.56862745098039,debris_rock
76,189,199,-5.490196078431371,debris_rock
76,190,201,-5.2941176470588225,debris_rock
76,191,200,-5.392156862745097,debris_rock
76,192,178,-7.549019607843139,mixed_snow_ice
76,193,138,-11.470588235294118,clean_glacier_ice
76,194,117,-13.529411764705882,regular_glacier_ice
76,195,158,-9.509803921568627,clean_glacier_ice
76,196,115,-13.72549019607843,regular_glacier_ice
76,197,130,-12.254901960784315,clean_glacier_ice
76,198,111,-14.117647058823529,regular_glacier_ice
76,199,69,-18.235294117647058,deep_glacier_ice
76,200,129,-12.352941176470589,regular_glacier_ice
76,201,138,-11.470588235294118,clean_glacier_ice
76,202,141,-11.176470588235293,clean_glacier_ice
76,203,120,-13.23529411764706,regular_glacier_ice
76,204,110,-14.215686274509803,regular_glacier_ice
76,205,145,-10.784313725490197,clean_glacier_ice
76,206,140,-11.274509803921568,clean_glacier_ice
76,207,170,-8.333333333333336,mixed_snow_ice
76,208,170,-8.333333333333336,mixed_snow_ice
76,209,172,-8.137254901960784,mixed_snow_ice
76,210,175,-7.843137254901961,mixed_snow_ice
76,211,184,-6.96078431372549,mixed_snow_ice
76,212,177,-7.647058823529413,mixed_snow_ice
76,213,172,-8.137254901960784,mixed_snow_ice
76,214,175,-7.843137254901961,mixed_snow_ice
76,215,194,-5.980392156862745,debris_rock
76,216,178,-7.549019607843139,mixed_snow_ice
76,217,129,-12.352941176470589,regular_glacier_ice
76,218,116,-13.627450980392156,regular_glacier_ice
77,3,117,-13.529411764705882,regular_glacier_ice
77,4,86,-16.568627450980394,deep_glacier_ice
77,5,82,-16.96078431372549,deep_glacier_ice
77,17,175,-7.843137254901961,mixed_snow_ice
77,18,131,-12.15686274509804,clean_glacier_ice
77,19,180,-7.352941176470587,mixed_snow_ice
77,20,217,-3.7254901960784323,debris_rock
77,21,206,-4.803921568627452,debris_rock
77,22,171,-8.235294117647062,mixed_snow_ice
77,23,182,-7.156862745098039,mixed_snow_ice
77,24,211,-4.313725490196081,debris_rock
77,25,215,-3.9215686274509807,debris_rock
77,26,225,-2.9411764705882355,debris_rock
77,27,166,-8.725490196078432,mixed_snow_ice
77,28,255,0.0,debris_rock
77,29,255,0.0,debris_rock
77,30,180,-7.352941176470587,mixed_snow_ice
77,31,81,-17.058823529411764,deep_glacier_ice
77,32,180,-7.352941176470587,mixed_snow_ice
77,33,49,-20.19607843137255,deep_glacier_ice
77,34,110,-14.215686274509803,regular_glacier_ice
77,35,134,-11.862745098039214,clean_glacier_ice
77,36,119,-13.333333333333334,regular_glacier_ice
77,37,117,-13.529411764705882,regular_glacier_ice
77,38,137,-11.568627450980392,clean_glacier_ice
77,39,217,-3.7254901960784323,debris_rock
77,40,219,-3.529411764705884,debris_rock
77,41,197,-5.686274509803919,debris_rock
77,42,143,-10.980392156862745,clean_glacier_ice
77,43,133,-11.960784313725489,clean_glacier_ice
77,44,244,-1.0784313725490193,debris_rock
77,45,221,-3.333333333333332,debris_rock
77,46,225,-2.9411764705882355,debris_rock
77,47,204,-5.0,debris_rock
77,48,201,-5.2941176470588225,debris_rock
77,49,179,-7.450980392156865,mixed_snow_ice
77,50,164,-8.92156862745098,clean_glacier_ice
77,51,208,-4.607843137254903,debris_rock
77,52,204,-5.0,debris_rock
77,53,236,-1.8627450980392162,debris_rock
77,54,197,-5.686274509803919,debris_rock
77,55,130,-12.254901960784315,clean_glacier_ice
77,56,179,-7.450980392156865,mixed_snow_ice
77,57,179,-7.450980392156865,mixed_snow_ice
77,58,191,-6.274509803921568,debris_rock
77,59,169,-8.43137254901961,mixed_snow_ice
77,60,135,-11.76470588235294,clean_glacier_ice
77,61,168,-8.529411764705884,mixed_snow_ice
77,62,165,-8.823529411764707,clean_glacier_ice
77,63,129,-12.352941176470589,regular_glacier_ice
77,64,137,-11.568627450980392,clean_glacier_ice
77,65,135,-11.76470588235294,clean_glacier_ice
77,66,127,-12.549019607843137,regular_glacier_ice
77,67,131,-12.15686274509804,clean_glacier_ice
77,68,125,-12.745098039215687,regular_glacier_ice
77,69,156,-9.705882352941176,clean_glacier_ice
77,70,168,-8.529411764705884,mixed_snow_ice
77,71,178,-7.549019607843139,mixed_snow_ice
77,72,179,-7.450980392156865,mixed_snow_ice
77,73,198,-5.588235294117645,debris_rock
77,74,208,-4.607843137254903,debris_rock
77,79,135,-11.76470588235294,clean_glacier_ice
77,80,158,-9.509803921568627,clean_glacier_ice
77,85,211,-4.313725490196081,debris_rock
77,86,183,-7.0588235294117645,mixed_snow_ice
77,87,144,-10.882352941176471,clean_glacier_ice
77,88,176,-7.745098039215687,mixed_snow_ice
77,89,171,-8.235294117647062,mixed_snow_ice
77,90,100,-15.196078431372548,regular_glacier_ice
77,91,167,-8.627450980392158,mixed_snow_ice
77,92,164,-8.92156862745098,clean_glacier_ice
77,93,157,-9.607843137254902,clean_glacier_ice
77,94,170,-8.333333333333336,mixed_snow_ice
77,95,116,-13.627450980392156,regular_glacier_ice
77,96,84,-16.764705882352942,deep_glacier_ice
77,97,113,-13.92156862745098,regular_glacier_ice
77,98,178,-7.549019607843139,mixed_snow_ice
77,99,215,-3.9215686274509807,debris_rock
77,100,203,-5.098039215686274,debris_rock
77,101,203,-5.098039215686274,debris_rock
77,102,189,-6.470588235294116,debris_rock
77,103,196,-5.784313725490193,debris_rock
77,104,212,-4.215686274509803,debris_rock
77,105,212,-4.215686274509803,debris_rock
77,106,212,-4.215686274509803,debris_rock
77,107,192,-6.1764705882352935,debris_rock
77,108,232,-2.254901960784313,debris_rock
77,109,255,0.0,debris_rock
77,110,255,0.0,debris_rock
77,111,219,-3.529411764705884,debris_rock
77,112,147,-10.588235294117649,clean_glacier_ice
77,113,121,-13.137254901960786,regular_glacier_ice
77,114,131,-12.15686274509804,clean_glacier_ice
77,115,169,-8.43137254901961,mixed_snow_ice
77,116,212,-4.215686274509803,debris_rock
77,117,204,-5.0,debris_rock
77,118,191,-6.274509803921568,debris_rock
77,119,184,-6.96078431372549,mixed_snow_ice
77,120,189,-6.470588235294116,debris_rock
77,121,187,-6.666666666666668,debris_rock
77,122,204,-5.0,debris_rock
77,123,181,-7.254901960784313,mixed_snow_ice
77,124,156,-9.705882352941176,clean_glacier_ice
77,125,152,-10.098039215686274,clean_glacier_ice
77,126,148,-10.49019607843137,clean_glacier_ice
77,127,168,-8.529411764705884,mixed_snow_ice
77,128,219,-3.529411764705884,debris_rock
77,129,216,-3.8235294117647065,debris_rock
77,130,192,-6.1764705882352935,debris_rock
77,131,210,-4.411764705882355,debris_rock
77,132,154,-9.901960784313726,clean_glacier_ice
77,133,183,-7.0588235294117645,mixed_snow_ice
77,134,179,-7.450980392156865,mixed_snow_ice
77,135,135,-11.76470588235294,clean_glacier_ice
77,136,117,-13.529411764705882,regular_glacier_ice
77,137,179,-7.450980392156865,mixed_snow_ice
77,138,146,-10.686274509803923,clean_glacier_ice
77,139,106,-14.607843137254902,regular_glacier_ice
77,140,112,-14.019607843137255,regular_glacier_ice
77,141,95,-15.686274509803921,regular_glacier_ice
77,142,100,-15.196078431372548,regular_glacier_ice
77,143,139,-11.372549019607844,clean_glacier_ice
77,144,137,-11.568627450980392,clean_glacier_ice
77,145,114,-13.823529411764705,regular_glacier_ice
77,146,134,-11.862745098039214,clean_glacier_ice
77,147,113,-13.92156862745098,regular_glacier_ice
77,148,136,-11.666666666666666,clean_glacier_ice
77,149,159,-9.411764705882353,clean_glacier_ice
77,150,157,-9.607843137254902,clean_glacier_ice
77,151,154,-9.901960784313726,clean_glacier_ice
77,152,179,-7.450980392156865,mixed_snow_ice
77,153,176,-7.745098039215687,mixed_snow_ice
77,154,161,-9.215686274509805,clean_glacier_ice
77,155,169,-8.43137254901961,mixed_snow_ice
77,156,188,-6.56862745098039,debris_rock
77,157,173,-8.03921568627451,mixed_snow_ice
77,158,176,-7.745098039215687,mixed_snow_ice
77,159,125,-12.745098039215687,regular_glacier_ice
77,160,77,-17.450980392156865,deep_glacier_ice
77,166,226,-2.8431372549019613,debris_rock
77,167,219,-3.529411764705884,debris_rock
77,168,159,-9.411764705882353,clean_glacier_ice
77,169,77,-17.450980392156865,deep_glacier_ice
77,170,72,-17.941176470588236,deep_glacier_ice
77,181,223,-3.137254901960784,debris_rock
77,182,157,-9.607843137254902,clean_glacier_ice
77,183,114,-13.823529411764705,regular_glacier_ice
77,184,177,-7.647058823529413,mixed_snow_ice
77,185,187,-6.666666666666668,debris_rock
77,186,218,-3.627450980392158,debris_rock
77,187,209,-4.509803921568629,debris_rock
77,188,181,-7.254901960784313,mixed_snow_ice
77,189,173,-8.03921568627451,mixed_snow_ice
77,190,247,-0.7843137254901968,debris_rock
77,191,255,0.0,debris_rock
77,192,202,-5.196078431372548,debris_rock
77,193,199,-5.490196078431371,debris_rock
77,194,237,-1.764705882352942,debris_rock
77,195,210,-4.411764705882355,debris_rock
77,196,220,-3.4313725490196063,debris_rock
77,197,195,-5.882352941176471,debris_rock
77,198,172,-8.137254901960784,mixed_snow_ice
77,199,196,-5.784313725490193,debris_rock
77,200,195,-5.882352941176471,debris_rock
77,201,153,-10.0,clean_glacier_ice
77,202,145,-10.784313725490197,clean_glacier_ice
77,203,159,-9.411764705882353,clean_glacier_ice
77,204,152,-10.098039215686274,clean_glacier_ice
77,205,133,-11.960784313725489,clean_glacier_ice
77,206,126,-12.647058823529411,regular_glacier_ice
77,207,110,-14.215686274509803,regular_glacier_ice
77,208,116,-13.627450980392156,regular_glacier_ice
77,209,183,-7.0588235294117645,mixed_snow_ice
77,210,255,0.0,debris_rock
77,211,190,-6.372549019607842,debris_rock
77,212,198,-5.588235294117645,debris_rock
77,213,184,-6.96078431372549,mixed_snow_ice
77,214,187,-6.666666666666668,debris_rock
77,215,196,-5.784313725490193,debris_rock
77,216,207,-4.7058823529411775,debris_rock
77,217,189,-6.470588235294116,debris_rock
77,218,175,-7.843137254901961,mixed_snow_ice
77,219,218,-3.627450980392158,debris_rock
77,220,179,-7.450980392156865,mixed_snow_ice
77,221,143,-10.980392156862745,clean_glacier_ice
77,222,177,-7.647058823529413,mixed_snow_ice
78,0,201,-5.2941176470588225,debris_rock
78,1,182,-7.156862745098039,mixed_snow_ice
78,2,168,-8.529411764705884,mixed_snow_ice
78,3,160,-9.313725490196079,clean_glacier_ice
78,4,134,-11.862745098039214,clean_glacier_ice
78,5,110,-14.215686274509803,regular_glacier_ice
78,6,114,-13.823529411764705,regular_glacier_ice
78,7,123,-12.941176470588236,regular_glacier_ice
78,8,102,-15.0,regular_glacier_ice
78,9,97,-15.490196078431373,regular_glacier_ice
78,10,95,-15.686274509803921,regular_glacier_ice
78,11,130,-12.254901960784315,clean_glacier_ice
78,12,164,-8.92156862745098,clean_glacier_ice
78,13,189,-6.470588235294116,debris_rock
78,14,185,-6.862745098039216,mixed_snow_ice
78,15,191,-6.274509803921568,debris_rock
78,16,193,-6.078431372549019,debris_rock
78,17,219,-3.529411764705884,debris_rock
78,18,195,-5.882352941176471,debris_rock
78,19,174,-7.9411764705882355,mixed_snow_ice
78,20,143,-10.980392156862745,clean_glacier_ice
78,21,174,-7.9411764705882355,mixed_snow_ice
78,27,146,-10.686274509803923,clean_glacier_ice
78,28,87,-16.470588235294116,deep_glacier_ice
78,29,85,-16.666666666666668,deep_glacier_ice
78,32,95,-15.686274509803921,regular_glacier_ice
78,35,198,-5.588235294117645,debris_rock
78,36,140,-11.274509803921568,clean_glacier_ice
78,37,129,-12.352941176470589,regular_glacier_ice
78,38,135,-11.76470588235294,clean_glacier_ice
78,39,142,-11.07843137254902,clean_glacier_ice
78,40,177,-7.647058823529413,mixed_snow_ice
78,41,244,-1.0784313725490193,debris_rock
78,42,222,-3.235294117647058,debris_rock
78,43,212,-4.215686274509803,debris_rock
78,44,231,-2.352941176470587,debris_rock
78,45,255,0.0,debris_rock
78,46,235,-1.9607843137254903,debris_rock
78,47,216,-3.8235294117647065,debris_rock
78,48,189,-6.470588235294116,debris_rock
78,49,186,-6.764705882352942,debris_rock
78,50,206,-4.803921568627452,debris_rock
78,51,200,-5.392156862745097,debris_rock
78,52,172,-8.137254901960784,mixed_snow_ice
78,53,116,-13.627450980392156,regular_glacier_ice
78,54,62,-18.92156862745098,deep_glacier_ice
78,55,66,-18.52941176470588,deep_glacier_ice
78,56,116,-13.627450980392156,regular_glacier_ice
78,57,246,-0.882352941176471,debris_rock
78,58,247,-0.7843137254901968,debris_rock
78,59,164,-8.92156862745098,clean_glacier_ice
78,60,131,-12.15686274509804,clean_glacier_ice
78,61,165,-8.823529411764707,clean_glacier_ice
78,62,181,-7.254901960784313,mixed_snow_ice
78,63,183,-7.0588235294117645,mixed_snow_ice
78,64,188,-6.56862745098039,debris_rock
78,65,181,-7.254901960784313,mixed_snow_ice
78,66,140,-11.274509803921568,clean_glacier_ice
78,67,123,-12.941176470588236,regular_glacier_ice
78,68,131,-12.15686274509804,clean_glacier_ice
78,69,144,-10.882352941176471,clean_glacier_ice
78,70,187,-6.666666666666668,debris_rock
78,71,197,-5.686274509803919,debris_rock
78,72,185,-6.862745098039216,mixed_snow_ice
78,73,192,-6.1764705882352935,debris_rock
78,74,178,-7.549019607843139,mixed_snow_ice
78,75,229,-2.5490196078431353,debris_rock
78,76,169,-8.43137254901961,mixed_snow_ice
78,77,146,-10.686274509803923,clean_glacier_ice
78,78,140,-11.274509803921568,clean_glacier_ice
78,79,157,-9.607843137254902,clean_glacier_ice
78,80,148,-10.49019607843137,clean_glacier_ice
78,81,120,-13.23529411764706,regular_glacier_ice
78,82,125,-12.745098039215687,regular_glacier_ice
78,83,113,-13.92156862745098,regular_glacier_ice
78,84,111,-14.117647058823529,regular_glacier_ice
78,85,145,-10.784313725490197,clean_glacier_ice
78,86,121,-13.137254901960786,regular_glacier_ice
78,87,114,-13.823529411764705,regular_glacier_ice
78,88,136,-11.666666666666666,clean_glacier_ice
78,89,125,-12.745098039215687,regular_glacier_ice
78,90,123,-12.941176470588236,regular_glacier_ice
78,91,164,-8.92156862745098,clean_glacier_ice
78,92,179,-7.450980392156865,mixed_snow_ice
78,93,171,-8.235294117647062,mixed_snow_ice
78,94,204,-5.0,debris_rock
78,95,214,-4.019607843137255,debris_rock
78,96,165,-8.823529411764707,clean_glacier_ice
78,97,165,-8.823529411764707,clean_glacier_ice
78,98,169,-8.43137254901961,mixed_snow_ice
78,99,168,-8.529411764705884,mixed_snow_ice
78,100,179,-7.450980392156865,mixed_snow_ice
78,101,186,-6.764705882352942,debris_rock
78,102,117,-13.529411764705882,regular_glacier_ice
78,103,134,-11.862745098039214,clean_glacier_ice
78,107,253,-0.19607843137254832,debris_rock
78,108,184,-6.96078431372549,mixed_snow_ice
78,109,193,-6.078431372549019,debris_rock
78,110,179,-7.450980392156865,mixed_snow_ice
78,111,115,-13.72549019607843,regular_glacier_ice
78,112,90,-16.176470588235293,regular_glacier_ice
78,117,195,-5.882352941176471,debris_rock
78,118,214,-4.019607843137255,debris_rock
78,122,255,0.0,debris_rock
78,123,154,-9.901960784313726,clean_glacier_ice
78,124,102,-15.0,regular_glacier_ice
78,125,126,-12.647058823529411,regular_glacier_ice
78,126,171,-8.235294117647062,mixed_snow_ice
78,127,100,-15.196078431372548,regular_glacier_ice
78,130,234,-2.0588235294117645,debris_rock
78,131,143,-10.980392156862745,clean_glacier_ice
78,132,217,-3.7254901960784323,debris_rock
78,133,255,0.0,debris_rock
78,134,241,-1.3725490196078454,debris_rock
78,135,224,-3.0392156862745097,debris_rock
78,136,229,-2.5490196078431353,debris_rock
78,137,183,-7.0588235294117645,mixed_snow_ice
78,138,185,-6.862745098039216,mixed_snow_ice
78,139,205,-4.901960784313726,debris_rock
78,140,197,-5.686274509803919,debris_rock
78,141,195,-5.882352941176471,debris_rock
78,142,169,-8.43137254901961,mixed_snow_ice
78,143,185,-6.862745098039216,mixed_snow_ice
78,144,156,-9.705882352941176,clean_glacier_ice
78,145,178,-7.549019607843139,mixed_snow_ice
78,146,182,-7.156862745098039,mixed_snow_ice
78,147,153,-10.0,clean_glacier_ice
78,148,119,-13.333333333333334,regular_glacier_ice
78,149,145,-10.784313725490197,clean_glacier_ice
78,150,152,-10.098039215686274,clean_glacier_ice
78,151,175,-7.843137254901961,mixed_snow_ice
78,152,219,-3.529411764705884,debris_rock
78,153,195,-5.882352941176471,debris_rock
78,154,194,-5.980392156862745,debris_rock
78,155,186,-6.764705882352942,debris_rock
78,156,202,-5.196078431372548,debris_rock
78,157,205,-4.901960784313726,debris_rock
78,158,165,-8.823529411764707,clean_glacier_ice
78,159,173,-8.03921568627451,mixed_snow_ice
78,160,190,-6.372549019607842,debris_rock
78,161,237,-1.764705882352942,debris_rock
78,162,205,-4.901960784313726,debris_rock
78,163,146,-10.686274509803923,clean_glacier_ice
78,164,172,-8.137254901960784,mixed_snow_ice
78,165,195,-5.882352941176471,debris_rock
78,166,185,-6.862745098039216,mixed_snow_ice
78,167,135,-11.76470588235294,clean_glacier_ice
78,168,152,-10.098039215686274,clean_glacier_ice
78,169,162,-9.11764705882353,clean_glacier_ice
78,170,136,-11.666666666666666,clean_glacier_ice
78,171,153,-10.0,clean_glacier_ice
78,172,171,-8.235294117647062,mixed_snow_ice
78,173,125,-12.745098039215687,regular_glacier_ice
78,174,112,-14.019607843137255,regular_glacier_ice
78,175,112,-14.019607843137255,regular_glacier_ice
78,176,106,-14.607843137254902,regular_glacier_ice
78,177,153,-10.0,clean_glacier_ice
78,178,193,-6.078431372549019,debris_rock
78,179,170,-8.333333333333336,mixed_snow_ice
78,180,194,-5.980392156862745,debris_rock
78,181,180,-7.352941176470587,mixed_snow_ice
78,182,202,-5.196078431372548,debris_rock
78,183,165,-8.823529411764707,clean_glacier_ice
78,184,160,-9.313725490196079,clean_glacier_ice
78,185,149,-10.392156862745097,clean_glacier_ice
78,192,170,-8.333333333333336,mixed_snow_ice
78,193,76,-17.549019607843135,deep_glacier_ice
78,197,106,-14.607843137254902,regular_glacier_ice
78,200,235,-1.9607843137254903,debris_rock
78,201,181,-7.254901960784313,mixed_snow_ice
78,202,216,-3.8235294117647065,debris_rock
78,203,154,-9.901960784313726,clean_glacier_ice
78,204,218,-3.627450980392158,debris_rock
78,205,185,-6.862745098039216,mixed_snow_ice
78,206,194,-5.980392156862745,debris_rock
78,207,217,-3.7254901960784323,debris_rock
78,208,217,-3.7254901960784323,debris_rock
78,209,249,-0.5882352941176485,debris_rock
78,210,235,-1.9607843137254903,debris_rock
78,211,255,0.0,debris_rock
78,212,255,0.0,debris_rock
78,213,174,-7.9411764705882355,mixed_snow_ice
78,214,176,-7.745098039215687,mixed_snow_ice
78,215,160,-9.313725490196079,clean_glacier_ice
78,216,110,-14.215686274509803,regular_glacier_ice
78,217,91,-16.07843137254902,regular_glacier_ice
78,218,150,-10.294117647058822,clean_glacier_ice
78,219,177,-7.647058823529413,mixed_snow_ice
78,220,177,-7.647058823529413,mixed_snow_ice
78,221,255,0.0,debris_rock
78,222,255,0.0,debris_rock
79,0,196,-5.784313725490193,debris_rock
79,1,73,-17.84313725490196,deep_glacier_ice
79,2,112,-14.019607843137255,regular_glacier_ice
79,3,145,-10.784313725490197,clean_glacier_ice
79,4,153,-10.0,clean_glacier_ice
79,5,209,-4.509803921568629,debris_rock
79,6,187,-6.666666666666668,debris_rock
79,7,184,-6.96078431372549,mixed_snow_ice
79,8,175,-7.843137254901961,mixed_snow_ice
79,9,144,-10.882352941176471,clean_glacier_ice
79,10,91,-16.07843137254902,regular_glacier_ice
79,11,115,-13.72549019607843,regular_glacier_ice
79,12,150,-10.294117647058822,clean_glacier_ice
79,13,199,-5.490196078431371,debris_rock
79,14,203,-5.098039215686274,debris_rock
79,15,218,-3.627450980392158,debris_rock
79,16,194,-5.980392156862745,debris_rock
79,17,211,-4.313725490196081,debris_rock
79,18,201,-5.2941176470588225,debris_rock
79,19,170,-8.333333333333336,mixed_snow_ice
79,20,119,-13.333333333333334,regular_glacier_ice
79,21,175,-7.843137254901961,mixed_snow_ice
79,22,161,-9.215686274509805,clean_glacier_ice
79,23,142,-11.07843137254902,clean_glacier_ice
79,24,106,-14.607843137254902,regular_glacier_ice
79,25,122,-13.03921568627451,regular_glacier_ice
79,26,112,-14.019607843137255,regular_glacier_ice
79,27,124,-12.843137254901961,regular_glacier_ice
79,28,156,-9.705882352941176,clean_glacier_ice
79,29,111,-14.117647058823529,regular_glacier_ice
79,30,136,-11.666666666666666,clean_glacier_ice
79,31,139,-11.372549019607844,clean_glacier_ice
79,32,142,-11.07843137254902,clean_glacier_ice
79,33,149,-10.392156862745097,clean_glacier_ice
79,34,135,-11.76470588235294,clean_glacier_ice
79,35,169,-8.43137254901961,mixed_snow_ice
79,36,202,-5.196078431372548,debris_rock
79,37,159,-9.411764705882353,clean_glacier_ice
79,38,201,-5.2941176470588225,debris_rock
79,39,184,-6.96078431372549,mixed_snow_ice
79,40,182,-7.156862745098039,mixed_snow_ice
79,41,198,-5.588235294117645,debris_rock
79,42,196,-5.784313725490193,debris_rock
79,43,192,-6.1764705882352935,debris_rock
79,44,173,-8.03921568627451,mixed_snow_ice
79,45,162,-9.11764705882353,clean_glacier_ice
79,46,162,-9.11764705882353,clean_glacier_ice
79,50,197,-5.686274509803919,debris_rock
79,51,201,-5.2941176470588225,debris_rock
79,52,162,-9.11764705882353,clean_glacier_ice
79,53,160,-9.313725490196079,clean_glacier_ice
79,54,168,-8.529411764705884,mixed_snow_ice
79,55,170,-8.333333333333336,mixed_snow_ice
79,59,175,-7.843137254901961,mixed_snow_ice
79,60,148,-10.49019607843137,clean_glacier_ice
79,61,111,-14.117647058823529,regular_glacier_ice
79,62,172,-8.137254901960784,mixed_snow_ice
79,63,254,-0.09803921568627416,debris_rock
79,64,255,0.0,debris_rock
79,65,94,-15.784313725490195,regular_glacier_ice
79,66,103,-14.901960784313726,regular_glacier_ice
79,67,111,-14.117647058823529,regular_glacier_ice
79,68,124,-12.843137254901961,regular_glacier_ice
79,72,191,-6.274509803921568,debris_rock
79,73,145,-10.784313725490197,clean_glacier_ice
79,74,163,-9.019607843137257,clean_glacier_ice
79,75,230,-2.450980392156861,debris_rock
79,76,253,-0.19607843137254832,debris_rock
79,77,207,-4.7058823529411775,debris_rock
79,78,254,-0.09803921568627416,debris_rock
79,79,188,-6.56862745098039,debris_rock
79,80,194,-5.980392156862745,debris_rock
79,81,180,-7.352941176470587,mixed_snow_ice
79,82,210,-4.411764705882355,debris_rock
79,83,205,-4.901960784313726,debris_rock
79,84,238,-1.6666666666666679,debris_rock
79,85,211,-4.313725490196081,debris_rock
79,86,246,-0.882352941176471,debris_rock
79,87,172,-8.137254901960784,mixed_snow_ice
79,88,216,-3.8235294117647065,debris_rock
79,89,214,-4.019607843137255,debris_rock
79,90,119,-13.333333333333334,regular_glacier_ice
79,91,96,-15.588235294117647,regular_glacier_ice
79,92,103,-14.901960784313726,regular_glacier_ice
79,93,137,-11.568627450980392,clean_glacier_ice
79,94,179,-7.450980392156865,mixed_snow_ice
79,95,178,-7.549019607843139,mixed_snow_ice
79,96,177,-7.647058823529413,mixed_snow_ice
79,97,182,-7.156862745098039,mixed_snow_ice
79,98,190,-6.372549019607842,debris_rock
79,99,213,-4.117647058823529,debris_rock
79,100,188,-6.56862745098039,debris_rock
79,101,163,-9.019607843137257,clean_glacier_ice
79,102,180,-7.352941176470587,mixed_snow_ice
79,103,233,-2.1568627450980387,debris_rock
79,104,224,-3.0392156862745097,debris_rock
79,105,173,-8.03921568627451,mixed_snow_ice
79,106,181,-7.254901960784313,mixed_snow_ice
79,107,187,-6.666666666666668,debris_rock
79,108,182,-7.156862745098039,mixed_snow_ice
79,109,186,-6.764705882352942,debris_rock
79,110,136,-11.666666666666666,clean_glacier_ice
79,111,169,-8.43137254901961,mixed_snow_ice
79,112,157,-9.607843137254902,clean_glacier_ice
79,113,135,-11.76470588235294,clean_glacier_ice
79,114,135,-11.76470588235294,clean_glacier_ice
79,115,120,-13.23529411764706,regular_glacier_ice
79,116,113,-13.92156862745098,regular_glacier_ice
79,117,105,-14.705882352941178,regular_glacier_ice
79,118,125,-12.745098039215687,regular_glacier_ice
79,119,133,-11.960784313725489,clean_glacier_ice
79,120,177,-7.647058823529413,mixed_snow_ice
79,121,185,-6.862745098039216,mixed_snow_ice
79,122,198,-5.588235294117645,debris_rock
79,123,193,-6.078431372549019,debris_rock
79,124,182,-7.156862745098039,mixed_snow_ice
79,125,165,-8.823529411764707,clean_glacier_ice
79,126,143,-10.980392156862745,clean_glacier_ice
79,127,157,-9.607843137254902,clean_glacier_ice
79,128,143,-10.980392156862745,clean_glacier_ice
79,135,121,-13.137254901960786,regular_glacier_ice
79,139,156,-9.705882352941176,clean_glacier_ice
79,140,190,-6.372549019607842,debris_rock
79,142,236,-1.8627450980392162,debris_rock
79,143,220,-3.4313725490196063,debris_rock
79,144,162,-9.11764705882353,clean_glacier_ice
79,145,159,-9.411764705882353,clean_glacier_ice
79,146,172,-8.137254901960784,mixed_snow_ice
79,147,148,-10.49019607843137,clean_glacier_ice
79,148,154,-9.901960784313726,clean_glacier_ice
79,149,238,-1.6666666666666679,debris_rock
79,150,255,0.0,debris_rock
79,151,255,0.0,debris_rock
79,152,245,-0.9803921568627452,debris_rock
79,153,225,-2.9411764705882355,debris_rock
79,154,196,-5.784313725490193,debris_rock
79,155,116,-13.627450980392156,regular_glacier_ice
79,156,74,-17.745098039215684,deep_glacier_ice
79,157,92,-15.980392156862745,regular_glacier_ice
79,158,111,-14.117647058823529,regular_glacier_ice
79,159,145,-10.784313725490197,clean_glacier_ice
79,160,223,-3.137254901960784,debris_rock
79,161,225,-2.9411764705882355,debris_rock
79,162,184,-6.96078431372549,mixed_snow_ice
79,163,191,-6.274509803921568,debris_rock
79,164,195,-5.882352941176471,debris_rock
79,165,93,-15.882352941176471,regular_glacier_ice
79,166,95,-15.686274509803921,regular_glacier_ice
79,167,88,-16.372549019607845,regular_glacier_ice
79,168,165,-8.823529411764707,clean_glacier_ice
79,169,179,-7.450980392156865,mixed_snow_ice
79,170,194,-5.980392156862745,debris_rock
79,171,166,-8.725490196078432,mixed_snow_ice
79,172,201,-5.2941176470588225,debris_rock
79,173,189,-6.470588235294116,debris_rock
79,174,137,-11.568627450980392,clean_glacier_ice
79,175,94,-15.784313725490195,regular_glacier_ice
79,176,91,-16.07843137254902,regular_glacier_ice
79,177,112,-14.019607843137255,regular_glacier_ice
79,178,170,-8.333333333333336,mixed_snow_ice
79,179,202,-5.196078431372548,debris_rock
79,180,221,-3.333333333333332,debris_rock
79,181,211,-4.313725490196081,debris_rock
79,182,228,-2.6470588235294095,debris_rock
79,183,186,-6.764705882352942,debris_rock
79,184,152,-10.098039215686274,clean_glacier_ice
79,185,126,-12.647058823529411,regular_glacier_ice
79,186,141,-11.176470588235293,clean_glacier_ice
79,187,129,-12.352941176470589,regular_glacier_ice
79,188,141,-11.176470588235293,clean_glacier_ice
79,189,99,-15.294117647058822,regular_glacier_ice
79,190,89,-16.274509803921568,regular_glacier_ice
79,191,135,-11.76470588235294,clean_glacier_ice
79,192,130,-12.254901960784315,clean_glacier_ice
79,193,133,-11.960784313725489,clean_glacier_ice
79,194,122,-13.03921568627451,regular_glacier_ice
79,195,148,-10.49019607843137,clean_glacier_ice
79,196,166,-8.725490196078432,mixed_snow_ice
79,197,146,-10.686274509803923,clean_glacier_ice
79,198,162,-9.11764705882353,clean_glacier_ice
79,199,115,-13.72549019607843,regular_glacier_ice
79,200,138,-11.470588235294118,clean_glacier_ice
79,201,211,-4.313725490196081,debris_rock
79,202,150,-10.294117647058822,clean_glacier_ice
79,203,201,-5.2941176470588225,debris_rock
79,204,201,-5.2941176470588225,debris_rock
79,205,140,-11.274509803921568,clean_glacier_ice
79,206,194,-5.980392156862745,debris_rock
79,207,185,-6.862745098039216,mixed_snow_ice
79,208,189,-6.470588235294116,debris_rock
79,209,186,-6.764705882352942,debris_rock
79,210,176,-7.745098039215687,mixed_snow_ice
79,211,173,-8.03921568627451,mixed_snow_ice
79,215,226,-2.8431372549019613,debris_rock
79,216,194,-5.980392156862745,debris_rock
79,217,158,-9.509803921568627,clean_glacier_ice
79,218,164,-8.92156862745098,clean_glacier_ice
79,219,187,-6.666666666666668,debris_rock
79,220,162,-9.11764705882353,clean_glacier_ice
79,221,204,-5.0,debris_rock
79,222,210,-4.411764705882355,debris_rock
80,0,172,-8.137254901960784,mixed_snow_ice
80,1,143,-10.980392156862745,clean_glacier_ice
80,2,106,-14.607843137254902,regular_glacier_ice
80,3,83,-16.862745098039216,deep_glacier_ice
80,4,123,-12.941176470588236,regular_glacier_ice
80,5,255,0.0,debris_rock
80,6,245,-0.9803921568627452,debris_rock
80,7,107,-14.509803921568627,regular_glacier_ice
80,8,145,-10.784313725490197,clean_glacier_ice
80,9,143,-10.980392156862745,clean_glacier_ice
80,13,223,-3.137254901960784,debris_rock
80,14,176,-7.745098039215687,mixed_snow_ice
80,15,165,-8.823529411764707,clean_glacier_ice
80,16,168,-8.529411764705884,mixed_snow_ice
80,17,164,-8.92156862745098,clean_glacier_ice
80,18,207,-4.7058823529411775,debris_rock
80,19,215,-3.9215686274509807,debris_rock
80,20,222,-3.235294117647058,debris_rock
80,21,231,-2.352941176470587,debris_rock
80,22,223,-3.137254901960784,debris_rock
80,23,190,-6.372549019607842,debris_rock
80,24,186,-6.764705882352942,debris_rock
80,25,176,-7.745098039215687,mixed_snow_ice
80,26,177,-7.647058823529413,mixed_snow_ice
80,27,183,-7.0588235294117645,mixed_snow_ice
80,28,188,-6.56862745098039,debris_rock
80,29,199,-5.490196078431371,debris_rock
80,30,197,-5.686274509803919,debris_rock
80,31,204,-5.0,debris_rock
80,32,168,-8.529411764705884,mixed_snow_ice
80,33,102,-15.0,regular_glacier_ice
80,34,98,-15.392156862745097,regular_glacier_ice
80,35,105,-14.705882352941178,regular_glacier_ice
80,36,140,-11.274509803921568,clean_glacier_ice
80,37,199,-5.490196078431371,debris_rock
80,38,193,-6.078431372549019,debris_rock
80,39,204,-5.0,debris_rock
80,40,182,-7.156862745098039,mixed_snow_ice
80,41,192,-6.1764705882352935,debris_rock
80,42,182,-7.156862745098039,mixed_snow_ice
80,43,203,-5.098039215686274,debris_rock
80,44,170,-8.333333333333336,mixed_snow_ice
80,45,158,-9.509803921568627,clean_glacier_ice
80,46,180,-7.352941176470587,mixed_snow_ice
80,47,194,-5.980392156862745,debris_rock
80,48,149,-10.392156862745097,clean_glacier_ice
80,49,161,-9.215686274509805,clean_glacier_ice
80,50,162,-9.11764705882353,clean_glacier_ice
80,51,186,-6.764705882352942,debris_rock
80,52,163,-9.019607843137257,clean_glacier_ice
80,53,160,-9.313725490196079,clean_glacier_ice
80,54,155,-9.803921568627452,clean_glacier_ice
80,55,151,-10.196078431372548,clean_glacier_ice
80,56,139,-11.372549019607844,clean_glacier_ice
80,57,126,-12.647058823529411,regular_glacier_ice
80,58,132,-12.058823529411763,clean_glacier_ice
80,59,115,-13.72549019607843,regular_glacier_ice
80,60,93,-15.882352941176471,regular_glacier_ice
80,61,97,-15.490196078431373,regular_glacier_ice
80,62,130,-12.254901960784315,clean_glacier_ice
80,63,173,-8.03921568627451,mixed_snow_ice
80,64,201,-5.2941176470588225,debris_rock
80,65,179,-7.450980392156865,mixed_snow_ice
80,66,183,-7.0588235294117645,mixed_snow_ice
80,67,182,-7.156862745098039,mixed_snow_ice
80,68,191,-6.274509803921568,debris_rock
80,69,170,-8.333333333333336,mixed_snow_ice
80,70,128,-12.450980392156863,regular_glacier_ice
80,77,130,-12.254901960784315,clean_glacier_ice
80,81,212,-4.215686274509803,debris_rock
80,82,226,-2.8431372549019613,debris_rock
80,83,184,-6.96078431372549,mixed_snow_ice
80,84,255,0.0,debris_rock
80,85,234,-2.0588235294117645,debris_rock
80,86,174,-7.9411764705882355,mixed_snow_ice
80,87,109,-14.313725490196079,regular_glacier_ice
80,88,118,-13.431372549019608,regular_glacier_ice
80,89,137,-11.568627450980392,clean_glacier_ice
80,90,135,-11.76470588235294,clean_glacier_ice
80,91,249,-0.5882352941176485,debris_rock
80,92,255,0.0,debris_rock
80,93,252,-0.2941176470588225,debris_rock
80,94,215,-3.9215686274509807,debris_rock
80,95,198,-5.588235294117645,debris_rock
80,96,148,-10.49019607843137,clean_glacier_ice
80,97,75,-17.647058823529413,deep_glacier_ice
80,98,43,-20.784313725490197,very_deep_glacier_ice
80,99,105,-14.705882352941178,regular_glacier_ice
80,100,95,-15.686274509803921,regular_glacier_ice
80,101,169,-8.43137254901961,mixed_snow_ice
80,102,233,-2.1568627450980387,debris_rock
80,103,233,-2.1568627450980387,debris_rock
80,104,204,-5.0,debris_rock
80,105,145,-10.784313725490197,clean_glacier_ice
80,106,142,-11.07843137254902,clean_glacier_ice
80,107,122,-13.03921568627451,regular_glacier_ice
80,108,104,-14.803921568627452,regular_glacier_ice
80,109,77,-17.450980392156865,deep_glacier_ice
80,110,161,-9.215686274509805,clean_glacier_ice
80,111,194,-5.980392156862745,debris_rock
80,112,181,-7.254901960784313,mixed_snow_ice
80,113,136,-11.666666666666666,clean_glacier_ice
80,114,161,-9.215686274509805,clean_glacier_ice
80,115,174,-7.9411764705882355,mixed_snow_ice
80,116,195,-5.882352941176471,debris_rock
80,117,135,-11.76470588235294,clean_glacier_ice
80,118,114,-13.823529411764705,regular_glacier_ice
80,119,101,-15.098039215686274,regular_glacier_ice
80,120,128,-12.450980392156863,regular_glacier_ice
80,121,181,-7.254901960784313,mixed_snow_ice
80,122,207,-4.7058823529411775,debris_rock
80,123,217,-3.7254901960784323,debris_rock
80,124,214,-4.019607843137255,debris_rock
80,125,200,-5.392156862745097,debris_rock
80,126,169,-8.43137254901961,mixed_snow_ice
80,127,135,-11.76470588235294,clean_glacier_ice
80,128,140,-11.274509803921568,clean_glacier_ice
80,129,130,-12.254901960784315,clean_glacier_ice
80,130,96,-15.588235294117647,regular_glacier_ice
80,131,90,-16.176470588235293,regular_glacier_ice
80,132,128,-12.450980392156863,regular_glacier_ice
80,133,125,-12.745098039215687,regular_glacier_ice
80,134,124,-12.843137254901961,regular_glacier_ice
80,135,120,-13.23529411764706,regular_glacier_ice
80,136,113,-13.92156862745098,regular_glacier_ice
80,137,90,-16.176470588235293,regular_glacier_ice
80,138,135,-11.76470588235294,clean_glacier_ice
80,139,122,-13.03921568627451,regular_glacier_ice
80,140,121,-13.137254901960786,regular_glacier_ice
80,141,127,-12.549019607843137,regular_glacier_ice
80,142,140,-11.274509803921568,clean_glacier_ice
80,143,177,-7.647058823529413,mixed_snow_ice
80,144,162,-9.11764705882353,clean_glacier_ice
80,145,192,-6.1764705882352935,debris_rock
80,146,179,-7.450980392156865,mixed_snow_ice
80,147,162,-9.11764705882353,clean_glacier_ice
80,148,172,-8.137254901960784,mixed_snow_ice
80,149,159,-9.411764705882353,clean_glacier_ice
80,150,201,-5.2941176470588225,debris_rock
80,151,147,-10.588235294117649,clean_glacier_ice
80,152,221,-3.333333333333332,debris_rock
80,153,203,-5.098039215686274,debris_rock
80,154,165,-8.823529411764707,clean_glacier_ice
80,155,157,-9.607843137254902,clean_glacier_ice
80,157,183,-7.0588235294117645,mixed_snow_ice
80,158,168,-8.529411764705884,mixed_snow_ice
80,159,174,-7.9411764705882355,mixed_snow_ice
80,160,186,-6.764705882352942,debris_rock
80,161,195,-5.882352941176471,debris_rock
80,162,166,-8.725490196078432,mixed_snow_ice
80,163,208,-4.607843137254903,debris_rock
80,164,167,-8.627450980392158,mixed_snow_ice
80,165,192,-6.1764705882352935,debris_rock
80,166,194,-5.980392156862745,debris_rock
80,167,165,-8.823529411764707,clean_glacier_ice
80,168,70,-18.137254901960784,deep_glacier_ice
80,169,155,-9.803921568627452,clean_glacier_ice
80,170,236,-1.8627450980392162,debris_rock
80,171,189,-6.470588235294116,debris_rock
80,172,96,-15.588235294117647,regular_glacier_ice
80,177,203,-5.098039215686274,debris_rock
80,178,210,-4.411764705882355,debris_rock
80,179,170,-8.333333333333336,mixed_snow_ice
80,180,124,-12.843137254901961,regular_glacier_ice
80,181,115,-13.72549019607843,regular_glacier_ice
80,182,155,-9.803921568627452,clean_glacier_ice
80,183,207,-4.7058823529411775,debris_rock
80,184,169,-8.43137254901961,mixed_snow_ice
80,185,171,-8.235294117647062,mixed_snow_ice
80,186,194,-5.980392156862745,debris_rock
80,187,172,-8.137254901960784,mixed_snow_ice
80,188,197,-5.686274509803919,debris_rock
80,189,189,-6.470588235294116,debris_rock
80,190,175,-7.843137254901961,mixed_snow_ice
80,191,178,-7.549019607843139,mixed_snow_ice
80,192,163,-9.019607843137257,clean_glacier_ice
80,193,166,-8.725490196078432,mixed_snow_ice
80,194,177,-7.647058823529413,mixed_snow_ice
80,195,198,-5.588235294117645,debris_rock
80,196,213,-4.117647058823529,debris_rock
80,197,173,-8.03921568627451,mixed_snow_ice
80,198,107,-14.509803921568627,regular_glacier_ice
80,199,120,-13.23529411764706,regular_glacier_ice
80,200,104,-14.803921568627452,regular_glacier_ice
80,201,109,-14.313725490196079,regular_glacier_ice
80,202,210,-4.411764705882355,debris_rock
80,203,192,-6.1764705882352935,debris_rock
80,204,172,-8.137254901960784,mixed_snow_ice
80,205,192,-6.1764705882352935,debris_rock
80,206,201,-5.2941176470588225,debris_rock
80,207,192,-6.1764705882352935,debris_rock
80,208,193,-6.078431372549019,debris_rock
80,209,188,-6.56862745098039,debris_rock
80,210,180,-7.352941176470587,mixed_snow_ice
80,211,161,-9.215686274509805,clean_glacier_ice
80,212,214,-4.019607843137255,debris_rock
80,213,158,-9.509803921568627,clean_glacier_ice
80,214,131,-12.15686274509804,clean_glacier_ice
80,215,165,-8.823529411764707,clean_glacier_ice
80,216,151,-10.196078431372548,clean_glacier_ice
80,217,179,-7.450980392156865,mixed_snow_ice
80,218,138,-11.470588235294118,clean_glacier_ice
80,219,159,-9.411764705882353,clean_glacier_ice
80,220,152,-10.098039215686274,clean_glacier_ice
80,221,124,-12.843137254901961,regular_glacier_ice
80,222,100,-15.196078431372548,regular_glacier_ice
81,0,148,-10.49019607843137,clean_glacier_ice
81,1,125,-12.745098039215687,regular_glacier_ice
81,2,88,-16.372549019607845,regular_glacier_ice
81,3,117,-13.529411764705882,regular_glacier_ice
81,4,117,-13.529411764705882,regular_glacier_ice
81,5,150,-10.294117647058822,clean_glacier_ice
81,6,217,-3.7254901960784323,debris_rock
81,7,205,-4.901960784313726,debris_rock
81,8,175,-7.843137254901961,mixed_snow_ice
81,9,184,-6.96078431372549,mixed_snow_ice
81,10,199,-5.490196078431371,debris_rock
81,11,192,-6.1764705882352935,debris_rock
81,12,129,-12.352941176470589,regular_glacier_ice
81,19,157,-9.607843137254902,clean_glacier_ice
81,20,241,-1.3725490196078454,debris_rock
81,23,152,-10.098039215686274,clean_glacier_ice
81,24,159,-9.411764705882353,clean_glacier_ice
81,25,233,-2.1568627450980387,debris_rock
81,26,255,0.0,debris_rock
81,27,165,-8.823529411764707,clean_glacier_ice
81,28,146,-10.686274509803923,clean_glacier_ice
81,29,93,-15.882352941176471,regular_glacier_ice
81,30,156,-9.705882352941176,clean_glacier_ice
81,31,153,-10.0,clean_glacier_ice
81,32,113,-13.92156862745098,regular_glacier_ice
81,33,200,-5.392156862745097,debris_rock
81,34,246,-0.882352941176471,debris_rock
81,35,185,-6.862745098039216,mixed_snow_ice
81,36,193,-6.078431372549019,debris_rock
81,37,201,-5.2941176470588225,debris_rock
81,38,156,-9.705882352941176,clean_glacier_ice
81,39,60,-19.11764705882353,deep_glacier_ice
81,40,22,-22.84313725490196,very_deep_glacier_ice
81,41,83,-16.862745098039216,deep_glacier_ice
81,42,140,-11.274509803921568,clean_glacier_ice
81,43,252,-0.2941176470588225,debris_rock
81,44,255,0.0,debris_rock
81,45,217,-3.7254901960784323,debris_rock
81,46,119,-13.333333333333334,regular_glacier_ice
81,47,25,-22.549019607843135,very_deep_glacier_ice
81,48,94,-15.784313725490195,regular_glacier_ice
81,49,96,-15.588235294117647,regular_glacier_ice
81,50,104,-14.803921568627452,regular_glacier_ice
81,51,92,-15.980392156862745,regular_glacier_ice
81,52,165,-8.823529411764707,clean_glacier_ice
81,53,233,-2.1568627450980387,debris_rock
81,54,183,-7.0588235294117645,mixed_snow_ice
81,55,106,-14.607843137254902,regular_glacier_ice
81,56,106,-14.607843137254902,regular_glacier_ice
81,57,134,-11.862745098039214,clean_glacier_ice
81,58,241,-1.3725490196078454,debris_rock
81,59,189,-6.470588235294116,debris_rock
81,60,132,-12.058823529411763,clean_glacier_ice
81,61,128,-12.450980392156863,regular_glacier_ice
81,62,117,-13.529411764705882,regular_glacier_ice
81,63,143,-10.980392156862745,clean_glacier_ice
81,64,164,-8.92156862745098,clean_glacier_ice
81,65,144,-10.882352941176471,clean_glacier_ice
81,66,185,-6.862745098039216,mixed_snow_ice
81,67,255,0.0,debris_rock
81,68,196,-5.784313725490193,debris_rock
81,69,172,-8.137254901960784,mixed_snow_ice
81,70,128,-12.450980392156863,regular_glacier_ice
81,71,105,-14.705882352941178,regular_glacier_ice
81,72,116,-13.627450980392156,regular_glacier_ice
81,73,145,-10.784313725490197,clean_glacier_ice
81,74,128,-12.450980392156863,regular_glacier_ice
81,75,106,-14.607843137254902,regular_glacier_ice
81,76,136,-11.666666666666666,clean_glacier_ice
81,77,99,-15.294117647058822,regular_glacier_ice
81,78,115,-13.72549019607843,regular_glacier_ice
81,79,124,-12.843137254901961,regular_glacier_ice
81,80,98,-15.392156862745097,regular_glacier_ice
81,81,175,-7.843137254901961,mixed_snow_ice
81,82,81,-17.058823529411764,deep_glacier_ice
81,83,132,-12.058823529411763,clean_glacier_ice
81,84,134,-11.862745098039214,clean_glacier_ice
81,85,169,-8.43137254901961,mixed_snow_ice
81,86,169,-8.43137254901961,mixed_snow_ice
81,87,169,-8.43137254901961,mixed_snow_ice
81,88,173,-8.03921568627451,mixed_snow_ice
81,89,197,-5.686274509803919,debris_rock
81,90,172,-8.137254901960784,mixed_snow_ice
81,91,163,-9.019607843137257,clean_glacier_ice
81,92,204,-5.0,debris_rock
81,93,172,-8.137254901960784,mixed_snow_ice
81,94,166,-8.725490196078432,mixed_snow_ice
81,95,191,-6.274509803921568,debris_rock
81,96,172,-8.137254901960784,mixed_snow_ice
81,97,152,-10.098039215686274,clean_glacier_ice
81,98,201,-5.2941176470588225,debris_rock
81,99,184,-6.96078431372549,mixed_snow_ice
81,100,172,-8.137254901960784,mixed_snow_ice
81,101,160,-9.313725490196079,clean_glacier_ice
81,102,195,-5.882352941176471,debris_rock
81,103,170,-8.333333333333336,mixed_snow_ice
81,104,181,-7.254901960784313,mixed_snow_ice
81,105,196,-5.784313725490193,debris_rock
81,106,141,-11.176470588235293,clean_glacier_ice
81,107,188,-6.56862745098039,debris_rock
81,108,186,-6.764705882352942,debris_rock
81,109,174,-7.9411764705882355,mixed_snow_ice
81,110,107,-14.509803921568627,regular_glacier_ice
81,111,183,-7.0588235294117645,mixed_snow_ice
81,112,237,-1.764705882352942,debris_rock
81,117,209,-4.509803921568629,debris_rock
81,118,147,-10.588235294117649,clean_glacier_ice
81,119,191,-6.274509803921568,debris_rock
81,120,228,-2.6470588235294095,debris_rock
81,121,132,-12.058823529411763,clean_glacier_ice
81,122,83,-16.862745098039216,deep_glacier_ice
81,123,99,-15.294117647058822,regular_glacier_ice
81,124,160,-9.313725490196079,clean_glacier_ice
81,125,197,-5.686274509803919,debris_rock
81,126,182,-7.156862745098039,mixed_snow_ice
81,127,142,-11.07843137254902,clean_glacier_ice
81,128,148,-10.49019607843137,clean_glacier_ice
81,129,139,-11.372549019607844,clean_glacier_ice
81,130,186,-6.764705882352942,debris_rock
81,131,209,-4.509803921568629,debris_rock
81,132,167,-8.627450980392158,mixed_snow_ice
81,133,144,-10.882352941176471,clean_glacier_ice
81,134,165,-8.823529411764707,clean_glacier_ice
81,135,151,-10.196078431372548,clean_glacier_ice
81,136,158,-9.509803921568627,clean_glacier_ice
81,137,198,-5.588235294117645,debris_rock
81,138,206,-4.803921568627452,debris_rock
81,139,158,-9.509803921568627,clean_glacier_ice
81,140,158,-9.509803921568627,clean_glacier_ice
81,141,170,-8.333333333333336,mixed_snow_ice
81,142,121,-13.137254901960786,regular_glacier_ice
81,143,148,-10.49019607843137,clean_glacier_ice
81,144,171,-8.235294117647062,mixed_snow_ice
81,145,113,-13.92156862745098,regular_glacier_ice
81,146,158,-9.509803921568627,clean_glacier_ice
81,147,184,-6.96078431372549,mixed_snow_ice
81,148,170,-8.333333333333336,mixed_snow_ice
81,149,170,-8.333333333333336,mixed_snow_ice
81,150,174,-7.9411764705882355,mixed_snow_ice
81,151,241,-1.3725490196078454,debris_rock
81,152,222,-3.235294117647058,debris_rock
81,153,168,-8.529411764705884,mixed_snow_ice
81,154,204,-5.0,debris_rock
81,155,199,-5.490196078431371,debris_rock
81,156,170,-8.333333333333336,mixed_snow_ice
81,157,186,-6.764705882352942,debris_rock
81,158,170,-8.333333333333336,mixed_snow_ice
81,159,172,-8.137254901960784,mixed_snow_ice
81,160,142,-11.07843137254902,clean_glacier_ice
81,161,160,-9.313725490196079,clean_glacier_ice
81,162,146,-10.686274509803923,clean_glacier_ice
81,163,141,-11.176470588235293,clean_glacier_ice
81,164,95,-15.686274509803921,regular_glacier_ice
81,165,159,-9.411764705882353,clean_glacier_ice
81,166,139,-11.372549019607844,clean_glacier_ice
81,167,120,-13.23529411764706,regular_glacier_ice
81,168,112,-14.019607843137255,regular_glacier_ice
81,169,113,-13.92156862745098,regular_glacier_ice
81,170,102,-15.0,regular_glacier_ice
81,171,176,-7.745098039215687,mixed_snow_ice
81,172,178,-7.549019607843139,mixed_snow_ice
81,173,195,-5.882352941176471,debris_rock
81,174,164,-8.92156862745098,clean_glacier_ice
81,175,216,-3.8235294117647065,debris_rock
81,176,190,-6.372549019607842,debris_rock
81,177,162,-9.11764705882353,clean_glacier_ice
81,184,227,-2.745098039215687,debris_rock
81,185,255,0.0,debris_rock
81,186,153,-10.0,clean_glacier_ice
81,187,114,-13.823529411764705,regular_glacier_ice
81,188,84,-16.764705882352942,deep_glacier_ice
81,189,141,-11.176470588235293,clean_glacier_ice
81,190,255,0.0,debris_rock
81,191,163,-9.019607843137257,clean_glacier_ice
81,192,106,-14.607843137254902,regular_glacier_ice
81,193,109,-14.313725490196079,regular_glacier_ice
81,194,122,-13.03921568627451,regular_glacier_ice
81,195,205,-4.901960784313726,debris_rock
81,196,190,-6.372549019607842,debris_rock
81,197,127,-12.549019607843137,regular_glacier_ice
81,198,161,-9.215686274509805,clean_glacier_ice
81,199,201,-5.2941176470588225,debris_rock
81,200,218,-3.627450980392158,debris_rock
81,201,233,-2.1568627450980387,debris_rock
81,202,221,-3.333333333333332,debris_rock
81,203,148,-10.49019607843137,clean_glacier_ice
81,204,65,-18.627450980392158,deep_glacier_ice
81,205,60,-19.11764705882353,deep_glacier_ice
81,206,110,-14.215686274509803,regular_glacier_ice
81,207,214,-4.019607843137255,debris_rock
81,208,255,0.0,debris_rock
81,209,255,0.0,debris_rock
81,210,143,-10.980392156862745,clean_glacier_ice
81,211,22,-22.84313725490196,very_deep_glacier_ice
81,212,37,-21.372549019607842,very_deep_glacier_ice
81,213,92,-15.980392156862745,regular_glacier_ice
81,214,93,-15.882352941176471,regular_glacier_ice
81,215,139,-11.372549019607844,clean_glacier_ice
81,216,132,-12.058823529411763,clean_glacier_ice
81,217,186,-6.764705882352942,debris_rock
81,218,217,-3.7254901960784323,debris_rock
81,219,190,-6.372549019607842,debris_rock
81,220,128,-12.450980392156863,regular_glacier_ice
81,221,96,-15.588235294117647,regular_glacier_ice
81,222,145,-10.784313725490197,clean_glacier_ice
82,0,223,-3.137254901960784,debris_rock
82,1,235,-1.9607843137254903,debris_rock
82,2,164,-8.92156862745098,clean_glacier_ice
82,3,175,-7.843137254901961,mixed_snow_ice
82,4,183,-7.0588235294117645,mixed_snow_ice
82,5,185,-6.862745098039216,mixed_snow_ice
82,6,177,-7.647058823529413,mixed_snow_ice
82,7,154,-9.901960784313726,clean_glacier_ice
82,8,196,-5.784313725490193,debris_rock
82,9,255,0.0,debris_rock
82,10,255,0.0,debris_rock
82,11,168,-8.529411764705884,mixed_snow_ice
82,12,122,-13.03921568627451,regular_glacier_ice
82,13,128,-12.450980392156863,regular_glacier_ice
82,14,134,-11.862745098039214,clean_glacier_ice
82,15,133,-11.960784313725489,clean_glacier_ice
82,16,141,-11.176470588235293,clean_glacier_ice
82,17,129,-12.352941176470589,regular_glacier_ice
82,18,123,-12.941176470588236,regular_glacier_ice
82,19,126,-12.647058823529411,regular_glacier_ice
82,20,88,-16.372549019607845,regular_glacier_ice
82,21,99,-15.294117647058822,regular_glacier_ice
82,22,113,-13.92156862745098,regular_glacier_ice
82,23,136,-11.666666666666666,clean_glacier_ice
82,24,103,-14.901960784313726,regular_glacier_ice
82,25,101,-15.098039215686274,regular_glacier_ice
82,26,132,-12.058823529411763,clean_glacier_ice
82,27,133,-11.960784313725489,clean_glacier_ice
82,28,63,-18.823529411764707,deep_glacier_ice
82,29,146,-10.686274509803923,clean_glacier_ice
82,30,158,-9.509803921568627,clean_glacier_ice
82,31,167,-8.627450980392158,mixed_snow_ice
82,32,158,-9.509803921568627,clean_glacier_ice
82,33,174,-7.9411764705882355,mixed_snow_ice
82,34,204,-5.0,debris_rock
82,35,175,-7.843137254901961,mixed_snow_ice
82,36,157,-9.607843137254902,clean_glacier_ice
82,37,155,-9.803921568627452,clean_glacier_ice
82,38,157,-9.607843137254902,clean_glacier_ice
82,39,187,-6.666666666666668,debris_rock
82,40,190,-6.372549019607842,debris_rock
82,41,186,-6.764705882352942,debris_rock
82,42,194,-5.980392156862745,debris_rock
82,43,187,-6.666666666666668,debris_rock
82,44,176,-7.745098039215687,mixed_snow_ice
82,45,157,-9.607843137254902,clean_glacier_ice
82,46,188,-6.56862745098039,debris_rock
82,47,150,-10.294117647058822,clean_glacier_ice
82,48,179,-7.450980392156865,mixed_snow_ice
82,49,213,-4.117647058823529,debris_rock
82,50,168,-8.529411764705884,mixed_snow_ice
82,51,121,-13.137254901960786,regular_glacier_ice
82,52,117,-13.529411764705882,regular_glacier_ice
82,53,148,-10.49019607843137,clean_glacier_ice
82,54,144,-10.882352941176471,clean_glacier_ice
82,59,212,-4.215686274509803,debris_rock
82,60,174,-7.9411764705882355,mixed_snow_ice
82,61,153,-10.0,clean_glacier_ice
82,62,190,-6.372549019607842,debris_rock
82,63,215,-3.9215686274509807,debris_rock
82,64,174,-7.9411764705882355,mixed_snow_ice
82,65,88,-16.372549019607845,regular_glacier_ice
82,66,126,-12.647058823529411,regular_glacier_ice
82,67,201,-5.2941176470588225,debris_rock
82,68,215,-3.9215686274509807,debris_rock
82,69,124,-12.843137254901961,regular_glacier_ice
82,70,113,-13.92156862745098,regular_glacier_ice
82,71,89,-16.274509803921568,regular_glacier_ice
82,72,141,-11.176470588235293,clean_glacier_ice
82,73,251,-0.3921568627451002,debris_rock
82,74,174,-7.9411764705882355,mixed_snow_ice
82,75,165,-8.823529411764707,clean_glacier_ice
82,76,166,-8.725490196078432,mixed_snow_ice
82,77,152,-10.098039215686274,clean_glacier_ice
82,78,165,-8.823529411764707,clean_glacier_ice
82,79,184,-6.96078431372549,mixed_snow_ice
82,80,198,-5.588235294117645,debris_rock
82,81,178,-7.549019607843139,mixed_snow_ice
82,82,191,-6.274509803921568,debris_rock
82,83,203,-5.098039215686274,debris_rock
82,84,131,-12.15686274509804,clean_glacier_ice
82,85,85,-16.666666666666668,deep_glacier_ice
82,86,84,-16.764705882352942,deep_glacier_ice
82,87,107,-14.509803921568627,regular_glacier_ice
82,88,113,-13.92156862745098,regular_glacier_ice
82,89,95,-15.686274509803921,regular_glacier_ice
82,90,99,-15.294117647058822,regular_glacier_ice
82,91,157,-9.607843137254902,clean_glacier_ice
82,92,203,-5.098039215686274,debris_rock
82,93,193,-6.078431372549019,debris_rock
82,94,185,-6.862745098039216,mixed_snow_ice
82,95,181,-7.254901960784313,mixed_snow_ice
82,96,225,-2.9411764705882355,debris_rock
82,97,178,-7.549019607843139,mixed_snow_ice
82,98,195,-5.882352941176471,debris_rock
82,99,150,-10.294117647058822,clean_glacier_ice
82,100,153,-10.0,clean_glacier_ice
82,101,166,-8.725490196078432,mixed_snow_ice
82,102,164,-8.92156862745098,clean_glacier_ice
82,103,151,-10.196078431372548,clean_glacier_ice
82,104,144,-10.882352941176471,clean_glacier_ice
82,105,153,-10.0,clean_glacier_ice
82,106,121,-13.137254901960786,regular_glacier_ice
82,107,148,-10.49019607843137,clean_glacier_ice
82,108,145,-10.784313725490197,clean_glacier_ice
82,109,140,-11.274509803921568,clean_glacier_ice
82,110,104,-14.803921568627452,regular_glacier_ice
82,111,114,-13.823529411764705,regular_glacier_ice
82,112,125,-12.745098039215687,regular_glacier_ice
82,113,135,-11.76470588235294,clean_glacier_ice
82,114,182,-7.156862745098039,mixed_snow_ice
82,115,203,-5.098039215686274,debris_rock
82,116,179,-7.450980392156865,mixed_snow_ice
82,117,198,-5.588235294117645,debris_rock
82,118,192,-6.1764705882352935,debris_rock
82,119,206,-4.803921568627452,debris_rock
82,120,194,-5.980392156862745,debris_rock
82,124,186,-6.764705882352942,debris_rock
82,127,242,-1.2745098039215712,debris_rock
82,128,103,-14.901960784313726,regular_glacier_ice
82,129,106,-14.607843137254902,regular_glacier_ice
82,130,162,-9.11764705882353,clean_glacier_ice
82,131,255,0.0,debris_rock
82,132,255,0.0,debris_rock
82,133,80,-17.15686274509804,deep_glacier_ice
82,134,127,-12.549019607843137,regular_glacier_ice
82,135,152,-10.098039215686274,clean_glacier_ice
82,136,175,-7.843137254901961,mixed_snow_ice
82,137,181,-7.254901960784313,mixed_snow_ice
82,138,140,-11.274509803921568,clean_glacier_ice
82,139,120,-13.23529411764706,regular_glacier_ice
82,140,141,-11.176470588235293,clean_glacier_ice
82,141,201,-5.2941176470588225,debris_rock
82,142,225,-2.9411764705882355,debris_rock
82,143,240,-1.4705882352941195,debris_rock
82,144,239,-1.5686274509803937,debris_rock
82,145,178,-7.549019607843139,mixed_snow_ice
82,146,128,-12.450980392156863,regular_glacier_ice
82,147,172,-8.137254901960784,mixed_snow_ice
82,148,224,-3.0392156862745097,debris_rock
82,149,255,0.0,debris_rock
82,150,255,0.0,debris_rock
82,151,153,-10.0,clean_glacier_ice
82,152,35,-21.568627450980394,very_deep_glacier_ice
82,153,72,-17.941176470588236,deep_glacier_ice
82,154,142,-11.07843137254902,clean_glacier_ice
82,155,118,-13.431372549019608,regular_glacier_ice
82,156,81,-17.058823529411764,deep_glacier_ice
82,157,128,-12.450980392156863,regular_glacier_ice
82,158,100,-15.196078431372548,regular_glacier_ice
82,159,149,-10.392156862745097,clean_glacier_ice
82,160,235,-1.9607843137254903,debris_rock
82,161,201,-5.2941176470588225,debris_rock
82,162,77,-17.450980392156865,deep_glacier_ice
82,163,90,-16.176470588235293,regular_glacier_ice
82,164,151,-10.196078431372548,clean_glacier_ice
82,165,201,-5.2941176470588225,debris_rock
82,166,240,-1.4705882352941195,debris_rock
82,167,151,-10.196078431372548,clean_glacier_ice
82,168,161,-9.215686274509805,clean_glacier_ice
82,169,165,-8.823529411764707,clean_glacier_ice
82,170,154,-9.901960784313726,clean_glacier_ice
82,171,165,-8.823529411764707,clean_glacier_ice
82,172,204,-5.0,debris_rock
82,173,194,-5.980392156862745,debris_rock
82,174,212,-4.215686274509803,debris_rock
82,175,212,-4.215686274509803,debris_rock
82,176,209,-4.509803921568629,debris_rock
82,177,151,-10.196078431372548,clean_glacier_ice
82,178,138,-11.470588235294118,clean_glacier_ice
82,179,150,-10.294117647058822,clean_glacier_ice
82,180,129,-12.352941176470589,regular_glacier_ice
82,181,162,-9.11764705882353,clean_glacier_ice
82,182,118,-13.431372549019608,regular_glacier_ice
82,183,100,-15.196078431372548,regular_glacier_ice
82,184,117,-13.529411764705882,regular_glacier_ice
82,185,127,-12.549019607843137,regular_glacier_ice
82,186,109,-14.313725490196079,regular_glacier_ice
82,187,123,-12.941176470588236,regular_glacier_ice
82,188,145,-10.784313725490197,clean_glacier_ice
82,189,131,-12.15686274509804,clean_glacier_ice
82,190,121,-13.137254901960786,regular_glacier_ice
82,191,186,-6.764705882352942,debris_rock
82,192,67,-18.431372549019606,deep_glacier_ice
82,194,147,-10.588235294117649,clean_glacier_ice
82,195,166,-8.725490196078432,mixed_snow_ice
82,196,147,-10.588235294117649,clean_glacier_ice
82,197,166,-8.725490196078432,mixed_snow_ice
82,198,198,-5.588235294117645,debris_rock
82,199,195,-5.882352941176471,debris_rock
82,200,181,-7.254901960784313,mixed_snow_ice
82,201,184,-6.96078431372549,mixed_snow_ice
82,202,206,-4.803921568627452,debris_rock
82,203,179,-7.450980392156865,mixed_snow_ice
82,204,159,-9.411764705882353,clean_glacier_ice
82,205,180,-7.352941176470587,mixed_snow_ice
82,206,193,-6.078431372549019,debris_rock
82,207,175,-7.843137254901961,mixed_snow_ice
82,208,182,-7.156862745098039,mixed_snow_ice
82,209,170,-8.333333333333336,mixed_snow_ice
82,210,196,-5.784313725490193,debris_rock
82,211,166,-8.725490196078432,mixed_snow_ice
82,212,126,-12.647058823529411,regular_glacier_ice
82,213,191,-6.274509803921568,debris_rock
82,214,168,-8.529411764705884,mixed_snow_ice
82,215,192,-6.1764705882352935,debris_rock
82,216,118,-13.431372549019608,regular_glacier_ice
82,217,115,-13.72549019607843,regular_glacier_ice
82,218,113,-13.92156862745098,regular_glacier_ice
82,219,107,-14.509803921568627,regular_glacier_ice
83,1,193,-6.078431372549019,debris_rock
83,2,142,-11.07843137254902,clean_glacier_ice
83,3,117,-13.529411764705882,regular_glacier_ice
83,4,198,-5.588235294117645,debris_rock
83,5,255,0.0,debris_rock
83,6,200,-5.392156862745097,debris_rock
83,7,109,-14.313725490196079,regular_glacier_ice
83,8,207,-4.7058823529411775,debris_rock
83,9,172,-8.137254901960784,mixed_snow_ice
83,10,191,-6.274509803921568,debris_rock
83,11,214,-4.019607843137255,debris_rock
83,12,104,-14.803921568627452,regular_glacier_ice
83,13,109,-14.313725490196079,regular_glacier_ice
83,14,169,-8.43137254901961,mixed_snow_ice
83,15,235,-1.9607843137254903,debris_rock
83,16,211,-4.313725490196081,debris_rock
83,17,180,-7.352941176470587,mixed_snow_ice
83,18,179,-7.450980392156865,mixed_snow_ice
83,19,201,-5.2941176470588225,debris_rock
83,20,218,-3.627450980392158,debris_rock
83,21,156,-9.705882352941176,clean_glacier_ice
83,22,93,-15.882352941176471,regular_glacier_ice
83,23,103,-14.901960784313726,regular_glacier_ice
83,24,129,-12.352941176470589,regular_glacier_ice
83,25,176,-7.745098039215687,mixed_snow_ice
83,26,198,-5.588235294117645,debris_rock
83,27,181,-7.254901960784313,mixed_snow_ice
83,28,136,-11.666666666666666,clean_glacier_ice
83,29,75,-17.647058823529413,deep_glacier_ice
83,30,75,-17.647058823529413,deep_glacier_ice
83,31,88,-16.372549019607845,regular_glacier_ice
83,32,106,-14.607843137254902,regular_glacier_ice
83,33,107,-14.509803921568627,regular_glacier_ice
83,34,159,-9.411764705882353,clean_glacier_ice
83,35,206,-4.803921568627452,debris_rock
83,36,228,-2.6470588235294095,debris_rock
83,37,211,-4.313725490196081,debris_rock
83,38,153,-10.0,clean_glacier_ice
83,39,192,-6.1764705882352935,debris_rock
83,40,192,-6.1764705882352935,debris_rock
83,41,154,-9.901960784313726,clean_glacier_ice
83,42,157,-9.607843137254902,clean_glacier_ice
83,43,167,-8.627450980392158,mixed_snow_ice
83,44,155,-9.803921568627452,clean_glacier_ice
83,45,126,-12.647058823529411,regular_glacier_ice
83,46,156,-9.705882352941176,clean_glacier_ice
83,47,153,-10.0,clean_glacier_ice
83,48,115,-13.72549019607843,regular_glacier_ice
83,49,96,-15.588235294117647,regular_glacier_ice
83,50,140,-11.274509803921568,clean_glacier_ice
83,51,106,-14.607843137254902,regular_glacier_ice
83,52,109,-14.313725490196079,regular_glacier_ice
83,53,120,-13.23529411764706,regular_glacier_ice
83,54,123,-12.941176470588236,regular_glacier_ice
83,55,93,-15.882352941176471,regular_glacier_ice
83,56,147,-10.588235294117649,clean_glacier_ice
83,57,197,-5.686274509803919,debris_rock
83,58,217,-3.7254901960784323,debris_rock
83,59,170,-8.333333333333336,mixed_snow_ice
83,60,179,-7.450980392156865,mixed_snow_ice
83,61,200,-5.392156862745097,debris_rock
83,62,202,-5.196078431372548,debris_rock
83,66,194,-5.980392156862745,debris_rock
83,67,215,-3.9215686274509807,debris_rock
83,68,228,-2.6470588235294095,debris_rock
83,69,173,-8.03921568627451,mixed_snow_ice
83,70,136,-11.666666666666666,clean_glacier_ice
83,71,154,-9.901960784313726,clean_glacier_ice
83,72,159,-9.411764705882353,clean_glacier_ice
83,73,255,0.0,debris_rock
83,74,255,0.0,debris_rock
83,75,97,-15.490196078431373,regular_glacier_ice
83,76,176,-7.745098039215687,mixed_snow_ice
83,77,177,-7.647058823529413,mixed_snow_ice
83,78,194,-5.980392156862745,debris_rock
83,79,162,-9.11764705882353,clean_glacier_ice
83,80,195,-5.882352941176471,debris_rock
83,81,171,-8.235294117647062,mixed_snow_ice
83,82,153,-10.0,clean_glacier_ice
83,83,203,-5.098039215686274,debris_rock
83,84,248,-0.6862745098039227,debris_rock
83,85,222,-3.235294117647058,debris_rock
83,86,164,-8.92156862745098,clean_glacier_ice
83,87,175,-7.843137254901961,mixed_snow_ice
83,88,168,-8.529411764705884,mixed_snow_ice
83,89,213,-4.117647058823529,debris_rock
83,90,255,0.0,debris_rock
83,91,255,0.0,debris_rock
83,92,153,-10.0,clean_glacier_ice
83,93,33,-21.764705882352942,very_deep_glacier_ice
83,94,32,-21.862745098039216,very_deep_glacier_ice
83,95,74,-17.745098039215684,deep_glacier_ice
83,96,69,-18.235294117647058,deep_glacier_ice
83,97,106,-14.607843137254902,regular_glacier_ice
83,98,124,-12.843137254901961,regular_glacier_ice
83,99,137,-11.568627450980392,clean_glacier_ice
83,100,111,-14.117647058823529,regular_glacier_ice
83,101,141,-11.176470588235293,clean_glacier_ice
83,102,203,-5.098039215686274,debris_rock
83,103,210,-4.411764705882355,debris_rock
83,104,118,-13.431372549019608,regular_glacier_ice
83,105,66,-18.52941176470588,deep_glacier_ice
83,106,122,-13.03921568627451,regular_glacier_ice
83,107,191,-6.274509803921568,debris_rock
83,108,221,-3.333333333333332,debris_rock
83,109,199,-5.490196078431371,debris_rock
83,110,179,-7.450980392156865,mixed_snow_ice
83,111,178,-7.549019607843139,mixed_snow_ice
83,112,173,-8.03921568627451,mixed_snow_ice
83,113,160,-9.313725490196079,clean_glacier_ice
83,114,179,-7.450980392156865,mixed_snow_ice
83,115,175,-7.843137254901961,mixed_snow_ice
83,116,146,-10.686274509803923,clean_glacier_ice
83,117,235,-1.9607843137254903,debris_rock
83,118,255,0.0,debris_rock
83,119,199,-5.490196078431371,debris_rock
83,120,149,-10.392156862745097,clean_glacier_ice
83,121,122,-13.03921568627451,regular_glacier_ice
83,122,159,-9.411764705882353,clean_glacier_ice
83,123,127,-12.549019607843137,regular_glacier_ice
83,124,111,-14.117647058823529,regular_glacier_ice
83,125,114,-13.823529411764705,regular_glacier_ice
83,126,117,-13.529411764705882,regular_glacier_ice
83,127,121,-13.137254901960786,regular_glacier_ice
83,128,119,-13.333333333333334,regular_glacier_ice
83,129,110,-14.215686274509803,regular_glacier_ice
83,130,128,-12.450980392156863,regular_glacier_ice
83,131,92,-15.980392156862745,regular_glacier_ice
83,132,99,-15.294117647058822,regular_glacier_ice
83,133,102,-15.0,regular_glacier_ice
83,134,64,-18.725490196078432,deep_glacier_ice
83,136,194,-5.980392156862745,debris_rock
83,137,193,-6.078431372549019,debris_rock
83,138,184,-6.96078431372549,mixed_snow_ice
83,139,185,-6.862745098039216,mixed_snow_ice
83,140,187,-6.666666666666668,debris_rock
83,141,181,-7.254901960784313,mixed_snow_ice
83,142,165,-8.823529411764707,clean_glacier_ice
83,143,187,-6.666666666666668,debris_rock
83,144,208,-4.607843137254903,debris_rock
83,145,171,-8.235294117647062,mixed_snow_ice
83,146,172,-8.137254901960784,mixed_snow_ice
83,147,160,-9.313725490196079,clean_glacier_ice
83,148,188,-6.56862745098039,debris_rock
83,149,171,-8.235294117647062,mixed_snow_ice
83,150,176,-7.745098039215687,mixed_snow_ice
83,151,185,-6.862745098039216,mixed_snow_ice
83,152,178,-7.549019607843139,mixed_snow_ice
83,153,133,-11.960784313725489,clean_glacier_ice
83,154,151,-10.196078431372548,clean_glacier_ice
83,155,184,-6.96078431372549,mixed_snow_ice
83,156,180,-7.352941176470587,mixed_snow_ice
83,157,200,-5.392156862745097,debris_rock
83,158,162,-9.11764705882353,clean_glacier_ice
83,159,94,-15.784313725490195,regular_glacier_ice
83,160,197,-5.686274509803919,debris_rock
83,161,173,-8.03921568627451,mixed_snow_ice
83,166,174,-7.9411764705882355,mixed_snow_ice
83,167,112,-14.019607843137255,regular_glacier_ice
83,168,114,-13.823529411764705,regular_glacier_ice
83,169,255,0.0,debris_rock
83,170,255,0.0,debris_rock
83,171,170,-8.333333333333336,mixed_snow_ice
83,172,85,-16.666666666666668,deep_glacier_ice
83,173,234,-2.0588235294117645,debris_rock
83,174,164,-8.92156862745098,clean_glacier_ice
83,175,141,-11.176470588235293,clean_glacier_ice
83,176,244,-1.0784313725490193,debris_rock
83,177,146,-10.686274509803923,clean_glacier_ice
83,178,133,-11.960784313725489,clean_glacier_ice
83,179,196,-5.784313725490193,debris_rock
83,180,207,-4.7058823529411775,debris_rock
83,181,207,-4.7058823529411775,debris_rock
83,182,125,-12.745098039215687,regular_glacier_ice
83,183,123,-12.941176470588236,regular_glacier_ice
83,184,170,-8.333333333333336,mixed_snow_ice
83,185,159,-9.411764705882353,clean_glacier_ice
83,186,81,-17.058823529411764,deep_glacier_ice
83,187,44,-20.686274509803923,deep_glacier_ice
83,188,23,-22.745098039215687,very_deep_glacier_ice
83,189,144,-10.882352941176471,clean_glacier_ice
83,190,215,-3.9215686274509807,debris_rock
83,191,217,-3.7254901960784323,debris_rock
83,192,197,-5.686274509803919,debris_rock
83,193,155,-9.803921568627452,clean_glacier_ice
83,194,127,-12.549019607843137,regular_glacier_ice
83,195,103,-14.901960784313726,regular_glacier_ice
83,196,68,-18.333333333333332,deep_glacier_ice
83,197,64,-18.725490196078432,deep_glacier_ice
83,198,100,-15.196078431372548,regular_glacier_ice
83,199,158,-9.509803921568627,clean_glacier_ice
83,200,208,-4.607843137254903,debris_rock
83,201,221,-3.333333333333332,debris_rock
83,202,217,-3.7254901960784323,debris_rock
83,203,220,-3.4313725490196063,debris_rock
83,204,238,-1.6666666666666679,debris_rock
83,205,201,-5.2941176470588225,debris_rock
83,206,147,-10.588235294117649,clean_glacier_ice
83,207,156,-9.705882352941176,clean_glacier_ice
83,208,172,-8.137254901960784,mixed_snow_ice
83,209,171,-8.235294117647062,mixed_snow_ice
83,210,151,-10.196078431372548,clean_glacier_ice
83,211,150,-10.294117647058822,clean_glacier_ice
83,212,142,-11.07843137254902,clean_glacier_ice
83,213,152,-10.098039215686274,clean_glacier_ice
83,214,118,-13.431372549019608,regular_glacier_ice
83,215,145,-10.784313725490197,clean_glacier_ice
83,216,136,-11.666666666666666,clean_glacier_ice
83,217,120,-13.23529411764706,regular_glacier_ice
83,218,136,-11.666666666666666,clean_glacier_ice
83,219,105,-14.705882352941178,regular_glacier_ice
83,220,102,-15.0,regular_glacier_ice
83,221,119,-13.333333333333334,regular_glacier_ice
83,222,166,-8.725490196078432,mixed_snow_ice
84,0,203,-5.098039215686274,debris_rock
84,1,203,-5.098039215686274,debris_rock
84,2,175,-7.843137254901961,mixed_snow_ice
84,3,175,-7.843137254901961,mixed_snow_ice
84,4,178,-7.549019607843139,mixed_snow_ice
84,5,173,-8.03921568627451,mixed_snow_ice
84,8,225,-2.9411764705882355,debris_rock
84,9,132,-12.058823529411763,clean_glacier_ice
84,10,186,-6.764705882352942,debris_rock
84,11,157,-9.607843137254902,clean_glacier_ice
84,12,179,-7.450980392156865,mixed_snow_ice
84,13,202,-5.196078431372548,debris_rock
84,14,151,-10.196078431372548,clean_glacier_ice
84,15,255,0.0,debris_rock
84,16,212,-4.215686274509803,debris_rock
84,17,157,-9.607843137254902,clean_glacier_ice
84,18,170,-8.333333333333336,mixed_snow_ice
84,19,181,-7.254901960784313,mixed_snow_ice
84,20,182,-7.156862745098039,mixed_snow_ice
84,21,211,-4.313725490196081,debris_rock
84,22,219,-3.529411764705884,debris_rock
84,23,159,-9.411764705882353,clean_glacier_ice
84,24,135,-11.76470588235294,clean_glacier_ice
84,25,180,-7.352941176470587,mixed_snow_ice
84,26,255,0.0,debris_rock
84,27,255,0.0,debris_rock
84,28,134,-11.862745098039214,clean_glacier_ice
84,29,140,-11.274509803921568,clean_glacier_ice
84,30,202,-5.196078431372548,debris_rock
84,31,205,-4.901960784313726,debris_rock
84,32,255,0.0,debris_rock
84,33,255,0.0,debris_rock
84,34,95,-15.686274509803921,regular_glacier_ice
84,35,62,-18.92156862745098,deep_glacier_ice
84,36,64,-18.725490196078432,deep_glacier_ice
84,37,62,-18.92156862745098,deep_glacier_ice
84,38,70,-18.137254901960784,deep_glacier_ice
84,39,130,-12.254901960784315,clean_glacier_ice
84,40,124,-12.843137254901961,regular_glacier_ice
84,41,165,-8.823529411764707,clean_glacier_ice
84,42,209,-4.509803921568629,debris_rock
84,43,163,-9.019607843137257,clean_glacier_ice
84,44,179,-7.450980392156865,mixed_snow_ice
84,45,210,-4.411764705882355,debris_rock
84,46,165,-8.823529411764707,clean_glacier_ice
84,47,127,-12.549019607843137,regular_glacier_ice
84,48,192,-6.1764705882352935,debris_rock
84,49,221,-3.333333333333332,debris_rock
84,50,216,-3.8235294117647065,debris_rock
84,51,188,-6.56862745098039,debris_rock
84,52,157,-9.607843137254902,clean_glacier_ice
84,53,155,-9.803921568627452,clean_glacier_ice
84,54,162,-9.11764705882353,clean_glacier_ice
84,55,177,-7.647058823529413,mixed_snow_ice
84,56,196,-5.784313725490193,debris_rock
84,57,188,-6.56862745098039,debris_rock
84,58,174,-7.9411764705882355,mixed_snow_ice
84,59,188,-6.56862745098039,debris_rock
84,60,224,-3.0392156862745097,debris_rock
84,61,199,-5.490196078431371,debris_rock
84,62,219,-3.529411764705884,debris_rock
84,63,147,-10.588235294117649,clean_glacier_ice
84,64,131,-12.15686274509804,clean_glacier_ice
84,65,111,-14.117647058823529,regular_glacier_ice
84,66,120,-13.23529411764706,regular_glacier_ice
84,67,137,-11.568627450980392,clean_glacier_ice
84,68,132,-12.058823529411763,clean_glacier_ice
84,69,125,-12.745098039215687,regular_glacier_ice
84,70,163,-9.019607843137257,clean_glacier_ice
84,71,148,-10.49019607843137,clean_glacier_ice
84,72,109,-14.313725490196079,regular_glacier_ice
84,73,91,-16.07843137254902,regular_glacier_ice
84,74,90,-16.176470588235293,regular_glacier_ice
84,75,30,-22.058823529411764,very_deep_glacier_ice
84,76,75,-17.647058823529413,deep_glacier_ice
84,78,184,-6.96078431372549,mixed_snow_ice
84,79,185,-6.862745098039216,mixed_snow_ice
84,80,177,-7.647058823529413,mixed_snow_ice
84,81,195,-5.882352941176471,debris_rock
84,82,181,-7.254901960784313,mixed_snow_ice
84,83,161,-9.215686274509805,clean_glacier_ice
84,84,176,-7.745098039215687,mixed_snow_ice
84,85,188,-6.56862745098039,debris_rock
84,86,184,-6.96078431372549,mixed_snow_ice
84,87,181,-7.254901960784313,mixed_snow_ice
84,88,174,-7.9411764705882355,mixed_snow_ice
84,89,156,-9.705882352941176,clean_glacier_ice
84,90,162,-9.11764705882353,clean_glacier_ice
84,91,183,-7.0588235294117645,mixed_snow_ice
84,92,159,-9.411764705882353,clean_glacier_ice
84,93,185,-6.862745098039216,mixed_snow_ice
84,94,192,-6.1764705882352935,debris_rock
84,95,140,-11.274509803921568,clean_glacier_ice
84,96,137,-11.568627450980392,clean_glacier_ice
84,97,158,-9.509803921568627,clean_glacier_ice
84,98,181,-7.254901960784313,mixed_snow_ice
84,99,193,-6.078431372549019,debris_rock
84,100,184,-6.96078431372549,mixed_snow_ice
84,101,126,-12.647058823529411,regular_glacier_ice
84,102,184,-6.96078431372549,mixed_snow_ice
84,103,185,-6.862745098039216,mixed_snow_ice
84,104,162,-9.11764705882353,clean_glacier_ice
84,105,163,-9.019607843137257,clean_glacier_ice
84,109,158,-9.509803921568627,clean_glacier_ice
84,110,109,-14.313725490196079,regular_glacier_ice
84,111,225,-2.9411764705882355,debris_rock
84,112,185,-6.862745098039216,mixed_snow_ice
84,113,125,-12.745098039215687,regular_glacier_ice
84,114,84,-16.764705882352942,deep_glacier_ice
84,115,157,-9.607843137254902,clean_glacier_ice
84,116,116,-13.627450980392156,regular_glacier_ice
84,117,147,-10.588235294117649,clean_glacier_ice
84,118,173,-8.03921568627451,mixed_snow_ice
84,119,224,-3.0392156862745097,debris_rock
84,120,189,-6.470588235294116,debris_rock
84,121,134,-11.862745098039214,clean_glacier_ice
84,122,129,-12.352941176470589,regular_glacier_ice
84,123,143,-10.980392156862745,clean_glacier_ice
84,124,148,-10.49019607843137,clean_glacier_ice
84,125,159,-9.411764705882353,clean_glacier_ice
84,126,171,-8.235294117647062,mixed_snow_ice
84,127,108,-14.411764705882353,regular_glacier_ice
84,128,60,-19.11764705882353,deep_glacier_ice
84,129,25,-22.549019607843135,very_deep_glacier_ice
84,131,104,-14.803921568627452,regular_glacier_ice
84,132,144,-10.882352941176471,clean_glacier_ice
84,133,198,-5.588235294117645,debris_rock
84,134,235,-1.9607843137254903,debris_rock
84,135,226,-2.8431372549019613,debris_rock
84,136,224,-3.0392156862745097,debris_rock
84,137,140,-11.274509803921568,clean_glacier_ice
84,138,69,-18.235294117647058,deep_glacier_ice
84,139,68,-18.333333333333332,deep_glacier_ice
84,140,62,-18.92156862745098,deep_glacier_ice
84,141,129,-12.352941176470589,regular_glacier_ice
84,142,184,-6.96078431372549,mixed_snow_ice
84,143,153,-10.0,clean_glacier_ice
84,144,154,-9.901960784313726,clean_glacier_ice
84,145,155,-9.803921568627452,clean_glacier_ice
84,146,218,-3.627450980392158,debris_rock
84,147,213,-4.117647058823529,debris_rock
84,148,203,-5.098039215686274,debris_rock
84,149,142,-11.07843137254902,clean_glacier_ice
84,150,152,-10.098039215686274,clean_glacier_ice
84,151,173,-8.03921568627451,mixed_snow_ice
84,152,173,-8.03921568627451,mixed_snow_ice
84,153,158,-9.509803921568627,clean_glacier_ice
84,154,160,-9.313725490196079,clean_glacier_ice
84,155,167,-8.627450980392158,mixed_snow_ice
84,156,136,-11.666666666666666,clean_glacier_ice
84,157,135,-11.76470588235294,clean_glacier_ice
84,158,131,-12.15686274509804,clean_glacier_ice
84,159,134,-11.862745098039214,clean_glacier_ice
84,160,141,-11.176470588235293,clean_glacier_ice
84,161,126,-12.647058823529411,regular_glacier_ice
84,162,120,-13.23529411764706,regular_glacier_ice
84,163,116,-13.627450980392156,regular_glacier_ice
84,164,154,-9.901960784313726,clean_glacier_ice
84,165,155,-9.803921568627452,clean_glacier_ice
84,166,200,-5.392156862745097,debris_rock
84,167,169,-8.43137254901961,mixed_snow_ice
84,168,168,-8.529411764705884,mixed_snow_ice
84,169,216,-3.8235294117647065,debris_rock
84,170,169,-8.43137254901961,mixed_snow_ice
84,171,189,-6.470588235294116,debris_rock
84,172,182,-7.156862745098039,mixed_snow_ice
84,173,185,-6.862745098039216,mixed_snow_ice
84,174,145,-10.784313725490197,clean_glacier_ice
84,175,200,-5.392156862745097,debris_rock
84,176,189,-6.470588235294116,debris_rock
84,177,208,-4.607843137254903,debris_rock
84,178,170,-8.333333333333336,mixed_snow_ice
84,179,180,-7.352941176470587,mixed_snow_ice
84,180,255,0.0,debris_rock
84,181,161,-9.215686274509805,clean_glacier_ice
84,182,238,-1.6666666666666679,debris_rock
84,183,216,-3.8235294117647065,debris_rock
84,184,183,-7.0588235294117645,mixed_snow_ice
84,185,221,-3.333333333333332,debris_rock
84,186,254,-0.09803921568627416,debris_rock
84,187,132,-12.058823529411763,clean_glacier_ice
84,188,102,-15.0,regular_glacier_ice
84,189,116,-13.627450980392156,regular_glacier_ice
84,190,183,-7.0588235294117645,mixed_snow_ice
84,191,255,0.0,debris_rock
84,192,224,-3.0392156862745097,debris_rock
84,193,163,-9.019607843137257,clean_glacier_ice
84,194,165,-8.823529411764707,clean_glacier_ice
84,195,185,-6.862745098039216,mixed_snow_ice
84,196,240,-1.4705882352941195,debris_rock
84,197,255,0.0,debris_rock
84,198,242,-1.2745098039215712,debris_rock
84,199,47,-20.392156862745097,deep_glacier_ice
84,200,60,-19.11764705882353,deep_glacier_ice
84,201,70,-18.137254901960784,deep_glacier_ice
84,202,70,-18.137254901960784,deep_glacier_ice
84,203,91,-16.07843137254902,regular_glacier_ice
84,204,114,-13.823529411764705,regular_glacier_ice
84,205,105,-14.705882352941178,regular_glacier_ice
84,206,179,-7.450980392156865,mixed_snow_ice
84,207,237,-1.764705882352942,debris_rock
84,208,198,-5.588235294117645,debris_rock
84,209,164,-8.92156862745098,clean_glacier_ice
84,210,170,-8.333333333333336,mixed_snow_ice
84,211,133,-11.960784313725489,clean_glacier_ice
84,212,130,-12.254901960784315,clean_glacier_ice
84,213,217,-3.7254901960784323,debris_rock
84,214,255,0.0,debris_rock
84,215,245,-0.9803921568627452,debris_rock
84,216,185,-6.862745098039216,mixed_snow_ice
84,217,150,-10.294117647058822,clean_glacier_ice
84,218,155,-9.803921568627452,clean_glacier_ice
84,219,153,-10.0,clean_glacier_ice
84,220,172,-8.137254901960784,mixed_snow_ice
84,221,179,-7.450980392156865,mixed_snow_ice
84,222,164,-8.92156862745098,clean_glacier_ice
85,0,166,-8.725490196078432,mixed_snow_ice
85,1,159,-9.411764705882353,clean_glacier_ice
85,2,204,-5.0,debris_rock
85,3,253,-0.19607843137254832,debris_rock
85,4,185,-6.862745098039216,mixed_snow_ice
85,5,150,-10.294117647058822,clean_glacier_ice
85,6,123,-12.941176470588236,regular_glacier_ice
85,7,123,-12.941176470588236,regular_glacier_ice
85,8,134,-11.862745098039214,clean_glacier_ice
85,9,126,-12.647058823529411,regular_glacier_ice
85,10,159,-9.411764705882353,clean_glacier_ice
85,11,151,-10.196078431372548,clean_glacier_ice
85,12,197,-5.686274509803919,debris_rock
85,13,152,-10.098039215686274,clean_glacier_ice
85,14,101,-15.098039215686274,regular_glacier_ice
85,15,104,-14.803921568627452,regular_glacier_ice
85,16,95,-15.686274509803921,regular_glacier_ice
85,17,40,-21.07843137254902,very_deep_glacier_ice
85,18,69,-18.235294117647058,deep_glacier_ice
85,19,82,-16.96078431372549,deep_glacier_ice
85,20,172,-8.137254901960784,mixed_snow_ice
85,21,187,-6.666666666666668,debris_rock
85,22,174,-7.9411764705882355,mixed_snow_ice
85,23,154,-9.901960784313726,clean_glacier_ice
85,24,182,-7.156862745098039,mixed_snow_ice
85,25,182,-7.156862745098039,mixed_snow_ice
85,26,196,-5.784313725490193,debris_rock
85,27,180,-7.352941176470587,mixed_snow_ice
85,28,170,-8.333333333333336,mixed_snow_ice
85,29,177,-7.647058823529413,mixed_snow_ice
85,30,150,-10.294117647058822,clean_glacier_ice
85,31,178,-7.549019607843139,mixed_snow_ice
85,32,174,-7.9411764705882355,mixed_snow_ice
85,33,192,-6.1764705882352935,debris_rock
85,34,163,-9.019607843137257,clean_glacier_ice
85,35,174,-7.9411764705882355,mixed_snow_ice
85,36,199,-5.490196078431371,debris_rock
85,37,184,-6.96078431372549,mixed_snow_ice
85,38,153,-10.0,clean_glacier_ice
85,39,151,-10.196078431372548,clean_glacier_ice
85,40,175,-7.843137254901961,mixed_snow_ice
85,41,169,-8.43137254901961,mixed_snow_ice
85,42,196,-5.784313725490193,debris_rock
85,43,173,-8.03921568627451,mixed_snow_ice
85,44,172,-8.137254901960784,mixed_snow_ice
85,46,149,-10.392156862745097,clean_glacier_ice
85,47,174,-7.9411764705882355,mixed_snow_ice
85,51,251,-0.3921568627451002,debris_rock
85,52,189,-6.470588235294116,debris_rock
85,53,215,-3.9215686274509807,debris_rock
85,54,129,-12.352941176470589,regular_glacier_ice
85,55,133,-11.960784313725489,clean_glacier_ice
85,56,103,-14.901960784313726,regular_glacier_ice
85,57,92,-15.980392156862745,regular_glacier_ice
85,58,97,-15.490196078431373,regular_glacier_ice
85,59,122,-13.03921568627451,regular_glacier_ice
85,63,159,-9.411764705882353,clean_glacier_ice
85,64,165,-8.823529411764707,clean_glacier_ice
85,65,160,-9.313725490196079,clean_glacier_ice
85,66,165,-8.823529411764707,clean_glacier_ice
85,67,212,-4.215686274509803,debris_rock
85,68,170,-8.333333333333336,mixed_snow_ice
85,69,138,-11.470588235294118,clean_glacier_ice
85,70,97,-15.490196078431373,regular_glacier_ice
85,71,47,-20.392156862745097,deep_glacier_ice
85,72,29,-22.15686274509804,very_deep_glacier_ice
85,73,56,-19.509803921568626,deep_glacier_ice
85,74,95,-15.686274509803921,regular_glacier_ice
85,75,206,-4.803921568627452,debris_rock
85,76,255,0.0,debris_rock
85,77,205,-4.901960784313726,debris_rock
85,78,179,-7.450980392156865,mixed_snow_ice
85,79,70,-18.137254901960784,deep_glacier_ice
85,80,95,-15.686274509803921,regular_glacier_ice
85,81,78,-17.352941176470587,deep_glacier_ice
85,82,57,-19.41176470588235,deep_glacier_ice
85,83,57,-19.41176470588235,deep_glacier_ice
85,84,72,-17.941176470588236,deep_glacier_ice
85,85,116,-13.627450980392156,regular_glacier_ice
85,86,125,-12.745098039215687,regular_glacier_ice
85,87,139,-11.372549019607844,clean_glacier_ice
85,88,212,-4.215686274509803,debris_rock
85,89,255,0.0,debris_rock
85,90,231,-2.352941176470587,debris_rock
85,91,176,-7.745098039215687,mixed_snow_ice
85,92,152,-10.098039215686274,clean_glacier_ice
85,93,164,-8.92156862745098,clean_glacier_ice
85,94,192,-6.1764705882352935,debris_rock
85,95,147,-10.588235294117649,clean_glacier_ice
85,96,137,-11.568627450980392,clean_glacier_ice
85,97,122,-13.03921568627451,regular_glacier_ice
85,98,133,-11.960784313725489,clean_glacier_ice
85,99,145,-10.784313725490197,clean_glacier_ice
85,100,132,-12.058823529411763,clean_glacier_ice
85,101,132,-12.058823529411763,clean_glacier_ice
85,102,102,-15.0,regular_glacier_ice
85,103,127,-12.549019607843137,regular_glacier_ice
85,104,121,-13.137254901960786,regular_glacier_ice
85,105,126,-12.647058823529411,regular_glacier_ice
85,106,117,-13.529411764705882,regular_glacier_ice
85,107,146,-10.686274509803923,clean_glacier_ice
85,108,176,-7.745098039215687,mixed_snow_ice
85,109,186,-6.764705882352942,debris_rock
85,110,131,-12.15686274509804,clean_glacier_ice
85,111,175,-7.843137254901961,mixed_snow_ice
85,112,195,-5.882352941176471,debris_rock
85,113,187,-6.666666666666668,debris_rock
85,114,207,-4.7058823529411775,debris_rock
85,115,182,-7.156862745098039,mixed_snow_ice
85,116,166,-8.725490196078432,mixed_snow_ice
85,117,135,-11.76470588235294,clean_glacier_ice
85,118,181,-7.254901960784313,mixed_snow_ice
85,119,234,-2.0588235294117645,debris_rock
85,120,189,-6.470588235294116,debris_rock
85,121,190,-6.372549019607842,debris_rock
85,122,215,-3.9215686274509807,debris_rock
85,124,255,0.0,debris_rock
85,127,203,-5.098039215686274,debris_rock
85,128,229,-2.5490196078431353,debris_rock
85,129,81,-17.058823529411764,deep_glacier_ice
85,130,66,-18.52941176470588,deep_glacier_ice
85,131,137,-11.568627450980392,clean_glacier_ice
85,133,220,-3.4313725490196063,debris_rock
85,134,142,-11.07843137254902,clean_glacier_ice
85,135,209,-4.509803921568629,debris_rock
85,136,192,-6.1764705882352935,debris_rock
85,137,210,-4.411764705882355,debris_rock
85,138,255,0.0,debris_rock
85,139,213,-4.117647058823529,debris_rock
85,140,94,-15.784313725490195,regular_glacier_ice
85,141,44,-20.686274509803923,deep_glacier_ice
85,142,103,-14.901960784313726,regular_glacier_ice
85,143,88,-16.372549019607845,regular_glacier_ice
85,144,100,-15.196078431372548,regular_glacier_ice
85,145,92,-15.980392156862745,regular_glacier_ice
85,146,129,-12.352941176470589,regular_glacier_ice
85,147,122,-13.03921568627451,regular_glacier_ice
85,148,171,-8.235294117647062,mixed_snow_ice
85,149,197,-5.686274509803919,debris_rock
85,150,205,-4.901960784313726,debris_rock
85,151,164,-8.92156862745098,clean_glacier_ice
85,152,120,-13.23529411764706,regular_glacier_ice
85,153,145,-10.784313725490197,clean_glacier_ice
85,154,230,-2.450980392156861,debris_rock
85,155,255,0.0,debris_rock
85,156,233,-2.1568627450980387,debris_rock
85,157,110,-14.215686274509803,regular_glacier_ice
85,158,81,-17.058823529411764,deep_glacier_ice
85,159,91,-16.07843137254902,regular_glacier_ice
85,160,127,-12.549019607843137,regular_glacier_ice
85,161,126,-12.647058823529411,regular_glacier_ice
85,162,166,-8.725490196078432,mixed_snow_ice
85,163,167,-8.627450980392158,mixed_snow_ice
85,164,147,-10.588235294117649,clean_glacier_ice
85,165,175,-7.843137254901961,mixed_snow_ice
85,166,188,-6.56862745098039,debris_rock
85,167,193,-6.078431372549019,debris_rock
85,168,255,0.0,debris_rock
85,169,229,-2.5490196078431353,debris_rock
85,170,162,-9.11764705882353,clean_glacier_ice
85,171,130,-12.254901960784315,clean_glacier_ice
85,172,135,-11.76470588235294,clean_glacier_ice
85,173,105,-14.705882352941178,regular_glacier_ice
85,174,130,-12.254901960784315,clean_glacier_ice
85,175,152,-10.098039215686274,clean_glacier_ice
85,176,173,-8.03921568627451,mixed_snow_ice
85,177,180,-7.352941176470587,mixed_snow_ice
85,178,137,-11.568627450980392,clean_glacier_ice
85,179,116,-13.627450980392156,regular_glacier_ice
85,180,131,-12.15686274509804,clean_glacier_ice
85,181,114,-13.823529411764705,regular_glacier_ice
85,182,138,-11.470588235294118,clean_glacier_ice
85,183,115,-13.72549019607843,regular_glacier_ice
85,184,44,-20.686274509803923,deep_glacier_ice
85,185,179,-7.450980392156865,mixed_snow_ice
85,186,192,-6.1764705882352935,debris_rock
85,187,181,-7.254901960784313,mixed_snow_ice
85,188,173,-8.03921568627451,mixed_snow_ice
85,189,179,-7.450980392156865,mixed_snow_ice
85,190,191,-6.274509803921568,debris_rock
85,191,172,-8.137254901960784,mixed_snow_ice
85,192,177,-7.647058823529413,mixed_snow_ice
85,193,156,-9.705882352941176,clean_glacier_ice
85,194,189,-6.470588235294116,debris_rock
85,195,172,-8.137254901960784,mixed_snow_ice
85,196,168,-8.529411764705884,mixed_snow_ice
85,197,190,-6.372549019607842,debris_rock
85,198,196,-5.784313725490193,debris_rock
85,199,189,-6.470588235294116,debris_rock
85,200,186,-6.764705882352942,debris_rock
85,201,177,-7.647058823529413,mixed_snow_ice
85,202,170,-8.333333333333336,mixed_snow_ice
85,203,178,-7.549019607843139,mixed_snow_ice
85,204,139,-11.372549019607844,clean_glacier_ice
85,205,155,-9.803921568627452,clean_glacier_ice
85,206,166,-8.725490196078432,mixed_snow_ice
85,207,173,-8.03921568627451,mixed_snow_ice
85,208,166,-8.725490196078432,mixed_snow_ice
85,209,199,-5.490196078431371,debris_rock
85,210,170,-8.333333333333336,mixed_snow_ice
85,211,184,-6.96078431372549,mixed_snow_ice
85,212,218,-3.627450980392158,debris_rock
85,213,150,-10.294117647058822,clean_glacier_ice
85,216,223,-3.137254901960784,debris_rock
85,217,205,-4.901960784313726,debris_rock
85,218,127,-12.549019607843137,regular_glacier_ice
85,219,126,-12.647058823529411,regular_glacier_ice
85,220,170,-8.333333333333336,mixed_snow_ice
85,221,168,-8.529411764705884,mixed_snow_ice
85,222,189,-6.470588235294116,debris_rock
86,0,124,-12.843137254901961,regular_glacier_ice
86,1,149,-10.392156862745097,clean_glacier_ice
86,5,170,-8.333333333333336,mixed_snow_ice
86,6,181,-7.254901960784313,mixed_snow_ice
86,7,124,-12.843137254901961,regular_glacier_ice
86,8,110,-14.215686274509803,regular_glacier_ice
86,9,165,-8.823529411764707,clean_glacier_ice
86,10,199,-5.490196078431371,debris_rock
86,11,203,-5.098039215686274,debris_rock
86,12,128,-12.450980392156863,regular_glacier_ice
86,13,72,-17.941176470588236,deep_glacier_ice
86,14,90,-16.176470588235293,regular_glacier_ice
86,15,71,-18.03921568627451,deep_glacier_ice
86,16,55,-19.607843137254903,deep_glacier_ice
86,17,169,-8.43137254901961,mixed_snow_ice
86,18,247,-0.7843137254901968,debris_rock
86,19,210,-4.411764705882355,debris_rock
86,20,150,-10.294117647058822,clean_glacier_ice
86,21,145,-10.784313725490197,clean_glacier_ice
86,22,163,-9.019607843137257,clean_glacier_ice
86,23,175,-7.843137254901961,mixed_snow_ice
86,24,117,-13.529411764705882,regular_glacier_ice
86,25,80,-17.15686274509804,deep_glacier_ice
86,26,35,-21.568627450980394,very_deep_glacier_ice
86,27,50,-20.098039215686274,deep_glacier_ice
86,28,63,-18.823529411764707,deep_glacier_ice
86,29,46,-20.490196078431374,deep_glacier_ice
86,30,151,-10.196078431372548,clean_glacier_ice
86,31,242,-1.2745098039215712,debris_rock
86,32,240,-1.4705882352941195,debris_rock
86,33,231,-2.352941176470587,debris_rock
86,34,146,-10.686274509803923,clean_glacier_ice
86,35,183,-7.0588235294117645,mixed_snow_ice
86,36,153,-10.0,clean_glacier_ice
86,37,118,-13.431372549019608,regular_glacier_ice
86,38,130,-12.254901960784315,clean_glacier_ice
86,39,125,-12.745098039215687,regular_glacier_ice
86,40,132,-12.058823529411763,clean_glacier_ice
86,41,126,-12.647058823529411,regular_glacier_ice
86,42,131,-12.15686274509804,clean_glacier_ice
86,43,135,-11.76470588235294,clean_glacier_ice
86,44,109,-14.313725490196079,regular_glacier_ice
86,45,119,-13.333333333333334,regular_glacier_ice
86,46,95,-15.686274509803921,regular_glacier_ice
86,47,115,-13.72549019607843,regular_glacier_ice
86,48,118,-13.431372549019608,regular_glacier_ice
86,49,101,-15.098039215686274,regular_glacier_ice
86,50,147,-10.588235294117649,clean_glacier_ice
86,51,166,-8.725490196078432,mixed_snow_ice
86,52,172,-8.137254901960784,mixed_snow_ice
86,53,162,-9.11764705882353,clean_glacier_ice
86,54,220,-3.4313725490196063,debris_rock
86,55,219,-3.529411764705884,debris_rock
86,56,179,-7.450980392156865,mixed_snow_ice
86,57,157,-9.607843137254902,clean_glacier_ice
86,58,152,-10.098039215686274,clean_glacier_ice
86,59,159,-9.411764705882353,clean_glacier_ice
86,60,192,-6.1764705882352935,debris_rock
86,61,212,-4.215686274509803,debris_rock
86,62,191,-6.274509803921568,debris_rock
86,63,184,-6.96078431372549,mixed_snow_ice
86,64,168,-8.529411764705884,mixed_snow_ice
86,69,190,-6.372549019607842,debris_rock
86,70,126,-12.647058823529411,regular_glacier_ice
86,71,79,-17.254901960784313,deep_glacier_ice
86,72,51,-20.0,deep_glacier_ice
86,76,171,-8.235294117647062,mixed_snow_ice
86,77,218,-3.627450980392158,debris_rock
86,78,158,-9.509803921568627,clean_glacier_ice
86,79,255,0.0,debris_rock
86,80,255,0.0,debris_rock
86,81,141,-11.176470588235293,clean_glacier_ice
86,82,70,-18.137254901960784,deep_glacier_ice
86,83,94,-15.784313725490195,regular_glacier_ice
86,84,125,-12.745098039215687,regular_glacier_ice
86,85,105,-14.705882352941178,regular_glacier_ice
86,86,170,-8.333333333333336,mixed_snow_ice
86,87,104,-14.803921568627452,regular_glacier_ice
86,88,116,-13.627450980392156,regular_glacier_ice
86,89,166,-8.725490196078432,mixed_snow_ice
86,90,155,-9.803921568627452,clean_glacier_ice
86,91,182,-7.156862745098039,mixed_snow_ice
86,92,224,-3.0392156862745097,debris_rock
86,93,219,-3.529411764705884,debris_rock
86,94,184,-6.96078431372549,mixed_snow_ice
86,95,212,-4.215686274509803,debris_rock
86,96,212,-4.215686274509803,debris_rock
86,97,206,-4.803921568627452,debris_rock
86,98,192,-6.1764705882352935,debris_rock
86,99,188,-6.56862745098039,debris_rock
86,100,187,-6.666666666666668,debris_rock
86,101,196,-5.784313725490193,debris_rock
86,102,164,-8.92156862745098,clean_glacier_ice
86,103,177,-7.647058823529413,mixed_snow_ice
86,104,177,-7.647058823529413,mixed_snow_ice
86,105,150,-10.294117647058822,clean_glacier_ice
86,106,200,-5.392156862745097,debris_rock
86,107,188,-6.56862745098039,debris_rock
86,108,125,-12.745098039215687,regular_glacier_ice
86,109,139,-11.372549019607844,clean_glacier_ice
86,110,235,-1.9607843137254903,debris_rock
86,111,248,-0.6862745098039227,debris_rock
86,112,158,-9.509803921568627,clean_glacier_ice
86,113,160,-9.313725490196079,clean_glacier_ice
86,114,97,-15.490196078431373,regular_glacier_ice
86,115,124,-12.843137254901961,regular_glacier_ice
86,116,120,-13.23529411764706,regular_glacier_ice
86,117,117,-13.529411764705882,regular_glacier_ice
86,118,140,-11.274509803921568,clean_glacier_ice
86,119,103,-14.901960784313726,regular_glacier_ice
86,120,143,-10.980392156862745,clean_glacier_ice
86,121,133,-11.960784313725489,clean_glacier_ice
86,122,124,-12.843137254901961,regular_glacier_ice
86,123,99,-15.294117647058822,regular_glacier_ice
86,124,144,-10.882352941176471,clean_glacier_ice
86,125,126,-12.647058823529411,regular_glacier_ice
86,126,95,-15.686274509803921,regular_glacier_ice
86,127,176,-7.745098039215687,mixed_snow_ice
86,128,190,-6.372549019607842,debris_rock
86,129,170,-8.333333333333336,mixed_snow_ice
86,130,178,-7.549019607843139,mixed_snow_ice
86,131,184,-6.96078431372549,mixed_snow_ice
86,132,160,-9.313725490196079,clean_glacier_ice
86,133,172,-8.137254901960784,mixed_snow_ice
86,134,175,-7.843137254901961,mixed_snow_ice
86,135,158,-9.509803921568627,clean_glacier_ice
86,136,208,-4.607843137254903,debris_rock
86,137,176,-7.745098039215687,mixed_snow_ice
86,138,171,-8.235294117647062,mixed_snow_ice
86,139,211,-4.313725490196081,debris_rock
86,140,169,-8.43137254901961,mixed_snow_ice
86,141,194,-5.980392156862745,debris_rock
86,142,204,-5.0,debris_rock
86,143,188,-6.56862745098039,debris_rock
86,144,186,-6.764705882352942,debris_rock
86,145,179,-7.450980392156865,mixed_snow_ice
86,146,172,-8.137254901960784,mixed_snow_ice
86,147,169,-8.43137254901961,mixed_snow_ice
86,148,185,-6.862745098039216,mixed_snow_ice
86,149,172,-8.137254901960784,mixed_snow_ice
86,150,164,-8.92156862745098,clean_glacier_ice
86,151,247,-0.7843137254901968,debris_rock
86,152,146,-10.686274509803923,clean_glacier_ice
86,153,165,-8.823529411764707,clean_glacier_ice
86,154,248,-0.6862745098039227,debris_rock
86,155,173,-8.03921568627451,mixed_snow_ice
86,156,183,-7.0588235294117645,mixed_snow_ice
86,157,196,-5.784313725490193,debris_rock
86,158,161,-9.215686274509805,clean_glacier_ice
86,159,199,-5.490196078431371,debris_rock
86,164,175,-7.843137254901961,mixed_snow_ice
86,165,125,-12.745098039215687,regular_glacier_ice
86,166,190,-6.372549019607842,debris_rock
86,169,210,-4.411764705882355,debris_rock
86,170,129,-12.352941176470589,regular_glacier_ice
86,171,129,-12.352941176470589,regular_glacier_ice
86,172,169,-8.43137254901961,mixed_snow_ice
86,173,197,-5.686274509803919,debris_rock
86,174,190,-6.372549019607842,debris_rock
86,175,197,-5.686274509803919,debris_rock
86,176,148,-10.49019607843137,clean_glacier_ice
86,177,74,-17.745098039215684,deep_glacier_ice
86,178,92,-15.980392156862745,regular_glacier_ice
86,179,91,-16.07843137254902,regular_glacier_ice
86,180,80,-17.15686274509804,deep_glacier_ice
86,181,73,-17.84313725490196,deep_glacier_ice
86,182,122,-13.03921568627451,regular_glacier_ice
86,183,255,0.0,debris_rock
86,184,214,-4.019607843137255,debris_rock
86,185,182,-7.156862745098039,mixed_snow_ice
86,186,167,-8.627450980392158,mixed_snow_ice
86,187,206,-4.803921568627452,debris_rock
86,188,238,-1.6666666666666679,debris_rock
86,189,235,-1.9607843137254903,debris_rock
86,190,200,-5.392156862745097,debris_rock
86,191,135,-11.76470588235294,clean_glacier_ice
86,192,99,-15.294117647058822,regular_glacier_ice
86,193,92,-15.980392156862745,regular_glacier_ice
86,194,82,-16.96078431372549,deep_glacier_ice
86,195,97,-15.490196078431373,regular_glacier_ice
86,196,226,-2.8431372549019613,debris_rock
86,197,255,0.0,debris_rock
86,198,255,0.0,debris_rock
86,199,228,-2.6470588235294095,debris_rock
86,200,176,-7.745098039215687,mixed_snow_ice
86,201,161,-9.215686274509805,clean_glacier_ice
86,202,168,-8.529411764705884,mixed_snow_ice
86,203,141,-11.176470588235293,clean_glacier_ice
86,204,131,-12.15686274509804,clean_glacier_ice
86,205,131,-12.15686274509804,clean_glacier_ice
86,206,121,-13.137254901960786,regular_glacier_ice
86,207,132,-12.058823529411763,clean_glacier_ice
86,208,108,-14.411764705882353,regular_glacier_ice
86,209,123,-12.941176470588236,regular_glacier_ice
86,210,79,-17.254901960784313,deep_glacier_ice
86,211,97,-15.490196078431373,regular_glacier_ice
86,212,121,-13.137254901960786,regular_glacier_ice
86,213,151,-10.196078431372548,clean_glacier_ice
86,214,119,-13.333333333333334,regular_glacier_ice
86,215,143,-10.980392156862745,clean_glacier_ice
86,216,166,-8.725490196078432,mixed_snow_ice
86,217,183,-7.0588235294117645,mixed_snow_ice
86,218,179,-7.450980392156865,mixed_snow_ice
86,219,176,-7.745098039215687,mixed_snow_ice
86,220,168,-8.529411764705884,mixed_snow_ice
86,221,169,-8.43137254901961,mixed_snow_ice
86,222,170,-8.333333333333336,mixed_snow_ice
87,0,146,-10.686274509803923,clean_glacier_ice
87,1,191,-6.274509803921568,debris_rock
87,2,180,-7.352941176470587,mixed_snow_ice
87,3,177,-7.647058823529413,mixed_snow_ice
87,4,200,-5.392156862745097,debris_rock
87,5,205,-4.901960784313726,debris_rock
87,6,169,-8.43137254901961,mixed_snow_ice
87,8,153,-10.0,clean_glacier_ice
87,12,172,-8.137254901960784,mixed_snow_ice
87,13,143,-10.980392156862745,clean_glacier_ice
87,17,172,-8.137254901960784,mixed_snow_ice
87,18,137,-11.568627450980392,clean_glacier_ice
87,19,200,-5.392156862745097,debris_rock
87,20,171,-8.235294117647062,mixed_snow_ice
87,21,255,0.0,debris_rock
87,22,255,0.0,debris_rock
87,23,161,-9.215686274509805,clean_glacier_ice
87,24,25,-22.549019607843135,very_deep_glacier_ice
87,25,79,-17.254901960784313,deep_glacier_ice
87,26,100,-15.196078431372548,regular_glacier_ice
87,27,171,-8.235294117647062,mixed_snow_ice
87,28,211,-4.313725490196081,debris_rock
87,29,173,-8.03921568627451,mixed_snow_ice
87,30,128,-12.450980392156863,regular_glacier_ice
87,31,156,-9.705882352941176,clean_glacier_ice
87,32,162,-9.11764705882353,clean_glacier_ice
87,33,183,-7.0588235294117645,mixed_snow_ice
87,34,200,-5.392156862745097,debris_rock
87,35,214,-4.019607843137255,debris_rock
87,36,240,-1.4705882352941195,debris_rock
87,37,170,-8.333333333333336,mixed_snow_ice
87,38,159,-9.411764705882353,clean_glacier_ice
87,39,165,-8.823529411764707,clean_glacier_ice
87,40,177,-7.647058823529413,mixed_snow_ice
87,41,176,-7.745098039215687,mixed_snow_ice
87,42,168,-8.529411764705884,mixed_snow_ice
87,43,176,-7.745098039215687,mixed_snow_ice
87,44,199,-5.490196078431371,debris_rock
87,45,212,-4.215686274509803,debris_rock
87,46,226,-2.8431372549019613,debris_rock
87,47,221,-3.333333333333332,debris_rock
87,48,219,-3.529411764705884,debris_rock
87,49,239,-1.5686274509803937,debris_rock
87,50,239,-1.5686274509803937,debris_rock
87,51,195,-5.882352941176471,debris_rock
87,52,255,0.0,debris_rock
87,53,255,0.0,debris_rock
87,54,174,-7.9411764705882355,mixed_snow_ice
87,55,147,-10.588235294117649,clean_glacier_ice
87,56,119,-13.333333333333334,regular_glacier_ice
87,57,144,-10.882352941176471,clean_glacier_ice
87,58,119,-13.333333333333334,regular_glacier_ice
87,59,99,-15.294117647058822,regular_glacier_ice
87,60,124,-12.843137254901961,regular_glacier_ice
87,61,138,-11.470588235294118,clean_glacier_ice
87,62,160,-9.313725490196079,clean_glacier_ice
87,63,145,-10.784313725490197,clean_glacier_ice
87,64,126,-12.647058823529411,regular_glacier_ice
87,65,120,-13.23529411764706,regular_glacier_ice
87,66,187,-6.666666666666668,debris_rock
87,67,156,-9.705882352941176,clean_glacier_ice
87,68,153,-10.0,clean_glacier_ice
87,69,179,-7.450980392156865,mixed_snow_ice
87,70,194,-5.980392156862745,debris_rock
87,71,210,-4.411764705882355,debris_rock
87,72,171,-8.235294117647062,mixed_snow_ice
87,73,179,-7.450980392156865,mixed_snow_ice
87,74,186,-6.764705882352942,debris_rock
87,75,170,-8.333333333333336,mixed_snow_ice
87,76,184,-6.96078431372549,mixed_snow_ice
87,77,168,-8.529411764705884,mixed_snow_ice
87,78,201,-5.2941176470588225,debris_rock
87,79,183,-7.0588235294117645,mixed_snow_ice
87,80,180,-7.352941176470587,mixed_snow_ice
87,81,182,-7.156862745098039,mixed_snow_ice
87,82,160,-9.313725490196079,clean_glacier_ice
87,83,200,-5.392156862745097,debris_rock
87,84,206,-4.803921568627452,debris_rock
87,85,178,-7.549019607843139,mixed_snow_ice
87,86,204,-5.0,debris_rock
87,87,176,-7.745098039215687,mixed_snow_ice
87,88,182,-7.156862745098039,mixed_snow_ice
87,89,177,-7.647058823529413,mixed_snow_ice
87,90,178,-7.549019607843139,mixed_snow_ice
87,91,168,-8.529411764705884,mixed_snow_ice
87,93,239,-1.5686274509803937,debris_rock
87,94,168,-8.529411764705884,mixed_snow_ice
87,95,152,-10.098039215686274,clean_glacier_ice
87,97,186,-6.764705882352942,debris_rock
87,98,189,-6.470588235294116,debris_rock
87,99,220,-3.4313725490196063,debris_rock
87,100,121,-13.137254901960786,regular_glacier_ice
87,101,188,-6.56862745098039,debris_rock
87,106,138,-11.470588235294118,clean_glacier_ice
87,107,158,-9.509803921568627,clean_glacier_ice
87,108,149,-10.392156862745097,clean_glacier_ice
87,109,189,-6.470588235294116,debris_rock
87,110,255,0.0,debris_rock
87,111,187,-6.666666666666668,debris_rock
87,112,155,-9.803921568627452,clean_glacier_ice
87,113,172,-8.137254901960784,mixed_snow_ice
87,114,219,-3.529411764705884,debris_rock
87,115,218,-3.627450980392158,debris_rock
87,116,114,-13.823529411764705,regular_glacier_ice
87,117,99,-15.294117647058822,regular_glacier_ice
87,118,83,-16.862745098039216,deep_glacier_ice
87,119,50,-20.098039215686274,deep_glacier_ice
87,120,95,-15.686274509803921,regular_glacier_ice
87,121,106,-14.607843137254902,regular_glacier_ice
87,122,98,-15.392156862745097,regular_glacier_ice
87,123,66,-18.52941176470588,deep_glacier_ice
87,124,128,-12.450980392156863,regular_glacier_ice
87,125,238,-1.6666666666666679,debris_rock
87,126,222,-3.235294117647058,debris_rock
87,127,204,-5.0,debris_rock
87,128,218,-3.627450980392158,debris_rock
87,129,194,-5.980392156862745,debris_rock
87,130,179,-7.450980392156865,mixed_snow_ice
87,131,220,-3.4313725490196063,debris_rock
87,132,210,-4.411764705882355,debris_rock
87,133,182,-7.156862745098039,mixed_snow_ice
87,134,168,-8.529411764705884,mixed_snow_ice
87,135,164,-8.92156862745098,clean_glacier_ice
87,136,163,-9.019607843137257,clean_glacier_ice
87,137,122,-13.03921568627451,regular_glacier_ice
87,138,206,-4.803921568627452,debris_rock
87,139,255,0.0,debris_rock
87,140,255,0.0,debris_rock
87,141,218,-3.627450980392158,debris_rock
87,142,136,-11.666666666666666,clean_glacier_ice
87,143,135,-11.76470588235294,clean_glacier_ice
87,144,183,-7.0588235294117645,mixed_snow_ice
87,145,150,-10.294117647058822,clean_glacier_ice
87,146,122,-13.03921568627451,regular_glacier_ice
87,147,128,-12.450980392156863,regular_glacier_ice
87,148,147,-10.588235294117649,clean_glacier_ice
87,149,131,-12.15686274509804,clean_glacier_ice
87,150,121,-13.137254901960786,regular_glacier_ice
87,151,109,-14.313725490196079,regular_glacier_ice
87,152,107,-14.509803921568627,regular_glacier_ice
87,153,115,-13.72549019607843,regular_glacier_ice
87,154,121,-13.137254901960786,regular_glacier_ice
87,155,152,-10.098039215686274,clean_glacier_ice
87,156,111,-14.117647058823529,regular_glacier_ice
87,157,131,-12.15686274509804,clean_glacier_ice
87,158,142,-11.07843137254902,clean_glacier_ice
87,159,183,-7.0588235294117645,mixed_snow_ice
87,160,199,-5.490196078431371,debris_rock
87,161,188,-6.56862745098039,debris_rock
87,162,178,-7.549019607843139,mixed_snow_ice
87,163,153,-10.0,clean_glacier_ice
87,164,186,-6.764705882352942,debris_rock
87,165,169,-8.43137254901961,mixed_snow_ice
87,166,137,-11.568627450980392,clean_glacier_ice
87,167,108,-14.411764705882353,regular_glacier_ice
87,171,229,-2.5490196078431353,debris_rock
87,172,162,-9.11764705882353,clean_glacier_ice
87,173,216,-3.8235294117647065,debris_rock
87,177,193,-6.078431372549019,debris_rock
87,178,182,-7.156862745098039,mixed_snow_ice
87,179,114,-13.823529411764705,regular_glacier_ice
87,182,153,-10.0,clean_glacier_ice
87,183,199,-5.490196078431371,debris_rock
87,184,211,-4.313725490196081,debris_rock
87,185,190,-6.372549019607842,debris_rock
87,186,243,-1.176470588235297,debris_rock
87,187,252,-0.2941176470588225,debris_rock
87,188,189,-6.470588235294116,debris_rock
87,189,78,-17.352941176470587,deep_glacier_ice
87,190,133,-11.960784313725489,clean_glacier_ice
87,191,172,-8.137254901960784,mixed_snow_ice
87,192,172,-8.137254901960784,mixed_snow_ice
87,193,188,-6.56862745098039,debris_rock
87,194,176,-7.745098039215687,mixed_snow_ice
87,195,165,-8.823529411764707,clean_glacier_ice
87,196,152,-10.098039215686274,clean_glacier_ice
87,197,123,-12.941176470588236,regular_glacier_ice
87,198,119,-13.333333333333334,regular_glacier_ice
87,199,135,-11.76470588235294,clean_glacier_ice
87,200,198,-5.588235294117645,debris_rock
87,201,223,-3.137254901960784,debris_rock
87,202,179,-7.450980392156865,mixed_snow_ice
87,203,169,-8.43137254901961,mixed_snow_ice
87,204,143,-10.980392156862745,clean_glacier_ice
87,205,170,-8.333333333333336,mixed_snow_ice
87,206,148,-10.49019607843137,clean_glacier_ice
87,207,155,-9.803921568627452,clean_glacier_ice
87,208,173,-8.03921568627451,mixed_snow_ice
87,209,180,-7.352941176470587,mixed_snow_ice
87,210,215,-3.9215686274509807,debris_rock
87,211,182,-7.156862745098039,mixed_snow_ice
87,212,193,-6.078431372549019,debris_rock
87,213,204,-5.0,debris_rock
87,214,175,-7.843137254901961,mixed_snow_ice
87,215,196,-5.784313725490193,debris_rock
87,216,195,-5.882352941176471,debris_rock
87,217,252,-0.2941176470588225,debris_rock
87,218,225,-2.9411764705882355,debris_rock
87,219,175,-7.843137254901961,mixed_snow_ice
87,220,130,-12.254901960784315,clean_glacier_ice
87,221,128,-12.450980392156863,regular_glacier_ice
87,222,149,-10.392156862745097,clean_glacier_ice
88,0,122,-13.03921568627451,regular_glacier_ice
88,1,118,-13.431372549019608,regular_glacier_ice
88,2,143,-10.980392156862745,clean_glacier_ice
88,3,126,-12.647058823529411,regular_glacier_ice
88,4,114,-13.823529411764705,regular_glacier_ice
88,5,122,-13.03921568627451,regular_glacier_ice
88,6,128,-12.450980392156863,regular_glacier_ice
88,7,143,-10.980392156862745,clean_glacier_ice
88,8,191,-6.274509803921568,debris_rock
88,9,160,-9.313725490196079,clean_glacier_ice
88,10,155,-9.803921568627452,clean_glacier_ice
88,13,218,-3.627450980392158,debris_rock
88,14,159,-9.411764705882353,clean_glacier_ice
88,15,193,-6.078431372549019,debris_rock
88,16,201,-5.2941176470588225,debris_rock
88,17,172,-8.137254901960784,mixed_snow_ice
88,18,210,-4.411764705882355,debris_rock
88,19,198,-5.588235294117645,debris_rock
88,20,170,-8.333333333333336,mixed_snow_ice
88,21,211,-4.313725490196081,debris_rock
88,22,189,-6.470588235294116,debris_rock
88,23,177,-7.647058823529413,mixed_snow_ice
88,24,171,-8.235294117647062,mixed_snow_ice
88,25,176,-7.745098039215687,mixed_snow_ice
88,26,191,-6.274509803921568,debris_rock
88,27,172,-8.137254901960784,mixed_snow_ice
88,28,174,-7.9411764705882355,mixed_snow_ice
88,29,189,-6.470588235294116,debris_rock
88,30,188,-6.56862745098039,debris_rock
88,31,196,-5.784313725490193,debris_rock
88,32,179,-7.450980392156865,mixed_snow_ice
88,33,172,-8.137254901960784,mixed_snow_ice
88,34,180,-7.352941176470587,mixed_snow_ice
88,35,184,-6.96078431372549,mixed_snow_ice
88,36,172,-8.137254901960784,mixed_snow_ice
88,37,177,-7.647058823529413,mixed_snow_ice
88,38,200,-5.392156862745097,debris_rock
88,39,171,-8.235294117647062,mixed_snow_ice
88,40,174,-7.9411764705882355,mixed_snow_ice
88,41,163,-9.019607843137257,clean_glacier_ice
88,42,110,-14.215686274509803,regular_glacier_ice
88,43,118,-13.431372549019608,regular_glacier_ice
88,49,250,-0.49019607843137436,debris_rock
88,50,165,-8.823529411764707,clean_glacier_ice
88,51,147,-10.588235294117649,clean_glacier_ice
88,53,185,-6.862745098039216,mixed_snow_ice
88,54,173,-8.03921568627451,mixed_snow_ice
88,55,175,-7.843137254901961,mixed_snow_ice
88,56,231,-2.352941176470587,debris_rock
88,57,184,-6.96078431372549,mixed_snow_ice
88,58,142,-11.07843137254902,clean_glacier_ice
88,59,100,-15.196078431372548,regular_glacier_ice
88,60,95,-15.686274509803921,regular_glacier_ice
88,61,77,-17.450980392156865,deep_glacier_ice
88,62,102,-15.0,regular_glacier_ice
88,63,143,-10.980392156862745,clean_glacier_ice
88,64,165,-8.823529411764707,clean_glacier_ice
88,65,84,-16.764705882352942,deep_glacier_ice
88,66,122,-13.03921568627451,regular_glacier_ice
88,67,191,-6.274509803921568,debris_rock
88,68,188,-6.56862745098039,debris_rock
88,69,244,-1.0784313725490193,debris_rock
88,70,251,-0.3921568627451002,debris_rock
88,71,217,-3.7254901960784323,debris_rock
88,72,205,-4.901960784313726,debris_rock
88,73,193,-6.078431372549019,debris_rock
88,74,190,-6.372549019607842,debris_rock
88,75,201,-5.2941176470588225,debris_rock
88,76,192,-6.1764705882352935,debris_rock
88,77,190,-6.372549019607842,debris_rock
88,78,184,-6.96078431372549,mixed_snow_ice
88,79,196,-5.784313725490193,debris_rock
88,80,186,-6.764705882352942,debris_rock
88,81,228,-2.6470588235294095,debris_rock
88,82,255,0.0,debris_rock
88,83,245,-0.9803921568627452,debris_rock
88,84,153,-10.0,clean_glacier_ice
88,85,174,-7.9411764705882355,mixed_snow_ice
88,86,163,-9.019607843137257,clean_glacier_ice
88,87,192,-6.1764705882352935,debris_rock
88,88,114,-13.823529411764705,regular_glacier_ice
88,89,129,-12.352941176470589,regular_glacier_ice
88,90,119,-13.333333333333334,regular_glacier_ice
88,91,134,-11.862745098039214,clean_glacier_ice
88,92,139,-11.372549019607844,clean_glacier_ice
88,93,129,-12.352941176470589,regular_glacier_ice
88,94,139,-11.372549019607844,clean_glacier_ice
88,95,139,-11.372549019607844,clean_glacier_ice
88,96,132,-12.058823529411763,clean_glacier_ice
88,97,133,-11.960784313725489,clean_glacier_ice
88,98,113,-13.92156862745098,regular_glacier_ice
88,99,126,-12.647058823529411,regular_glacier_ice
88,100,122,-13.03921568627451,regular_glacier_ice
88,101,148,-10.49019607843137,clean_glacier_ice
88,102,195,-5.882352941176471,debris_rock
88,103,193,-6.078431372549019,debris_rock
88,104,154,-9.901960784313726,clean_glacier_ice
88,105,169,-8.43137254901961,mixed_snow_ice
88,106,190,-6.372549019607842,debris_rock
88,107,167,-8.627450980392158,mixed_snow_ice
88,108,135,-11.76470588235294,clean_glacier_ice
88,109,96,-15.588235294117647,regular_glacier_ice
88,113,178,-7.549019607843139,mixed_snow_ice
88,114,205,-4.901960784313726,debris_rock
88,115,201,-5.2941176470588225,debris_rock
88,119,202,-5.196078431372548,debris_rock
88,120,202,-5.196078431372548,debris_rock
88,121,97,-15.490196078431373,regular_glacier_ice
88,122,229,-2.5490196078431353,debris_rock
88,123,255,0.0,debris_rock
88,124,210,-4.411764705882355,debris_rock
88,125,188,-6.56862745098039,debris_rock
88,126,197,-5.686274509803919,debris_rock
88,127,218,-3.627450980392158,debris_rock
88,128,223,-3.137254901960784,debris_rock
88,129,128,-12.450980392156863,regular_glacier_ice
88,130,125,-12.745098039215687,regular_glacier_ice
88,131,148,-10.49019607843137,clean_glacier_ice
88,132,211,-4.313725490196081,debris_rock
88,133,210,-4.411764705882355,debris_rock
88,134,203,-5.098039215686274,debris_rock
88,135,191,-6.274509803921568,debris_rock
88,136,171,-8.235294117647062,mixed_snow_ice
88,137,169,-8.43137254901961,mixed_snow_ice
88,138,165,-8.823529411764707,clean_glacier_ice
88,139,255,0.0,debris_rock
88,140,255,0.0,debris_rock
88,141,255,0.0,debris_rock
88,142,222,-3.235294117647058,debris_rock
88,143,194,-5.980392156862745,debris_rock
88,144,200,-5.392156862745097,debris_rock
88,145,187,-6.666666666666668,debris_rock
88,146,158,-9.509803921568627,clean_glacier_ice
88,147,155,-9.803921568627452,clean_glacier_ice
88,148,164,-8.92156862745098,clean_glacier_ice
88,149,184,-6.96078431372549,mixed_snow_ice
88,150,206,-4.803921568627452,debris_rock
88,151,226,-2.8431372549019613,debris_rock
88,152,246,-0.882352941176471,debris_rock
88,153,178,-7.549019607843139,mixed_snow_ice
88,154,168,-8.529411764705884,mixed_snow_ice
88,155,244,-1.0784313725490193,debris_rock
88,156,208,-4.607843137254903,debris_rock
88,157,153,-10.0,clean_glacier_ice
88,158,187,-6.666666666666668,debris_rock
88,159,246,-0.882352941176471,debris_rock
88,160,216,-3.8235294117647065,debris_rock
88,161,174,-7.9411764705882355,mixed_snow_ice
88,162,155,-9.803921568627452,clean_glacier_ice
88,163,127,-12.549019607843137,regular_glacier_ice
88,164,123,-12.941176470588236,regular_glacier_ice
88,165,129,-12.352941176470589,regular_glacier_ice
88,166,110,-14.215686274509803,regular_glacier_ice
88,167,123,-12.941176470588236,regular_glacier_ice
88,168,143,-10.980392156862745,clean_glacier_ice
88,169,131,-12.15686274509804,clean_glacier_ice
88,170,122,-13.03921568627451,regular_glacier_ice
88,171,138,-11.470588235294118,clean_glacier_ice
88,172,113,-13.92156862745098,regular_glacier_ice
88,173,131,-12.15686274509804,clean_glacier_ice
88,174,154,-9.901960784313726,clean_glacier_ice
88,175,153,-10.0,clean_glacier_ice
88,178,210,-4.411764705882355,debris_rock
88,179,178,-7.549019607843139,mixed_snow_ice
88,180,175,-7.843137254901961,mixed_snow_ice
88,181,191,-6.274509803921568,debris_rock
88,182,191,-6.274509803921568,debris_rock
88,183,182,-7.156862745098039,mixed_snow_ice
88,184,216,-3.8235294117647065,debris_rock
88,185,176,-7.745098039215687,mixed_snow_ice
88,186,231,-2.352941176470587,debris_rock
88,187,192,-6.1764705882352935,debris_rock
88,188,193,-6.078431372549019,debris_rock
88,189,160,-9.313725490196079,clean_glacier_ice
88,190,170,-8.333333333333336,mixed_snow_ice
88,191,195,-5.882352941176471,debris_rock
88,192,190,-6.372549019607842,debris_rock
88,193,203,-5.098039215686274,debris_rock
88,194,182,-7.156862745098039,mixed_snow_ice
88,195,197,-5.686274509803919,debris_rock
88,196,196,-5.784313725490193,debris_rock
88,197,171,-8.235294117647062,mixed_snow_ice
88,198,204,-5.0,debris_rock
88,199,180,-7.352941176470587,mixed_snow_ice
88,200,183,-7.0588235294117645,mixed_snow_ice
88,201,177,-7.647058823529413,mixed_snow_ice
88,202,196,-5.784313725490193,debris_rock
88,203,188,-6.56862745098039,debris_rock
88,204,174,-7.9411764705882355,mixed_snow_ice
88,205,174,-7.9411764705882355,mixed_snow_ice
88,206,161,-9.215686274509805,clean_glacier_ice
88,207,120,-13.23529411764706,regular_glacier_ice
88,208,95,-15.686274509803921,regular_glacier_ice
88,214,246,-0.882352941176471,debris_rock
88,215,167,-8.627450980392158,mixed_snow_ice
88,216,197,-5.686274509803919,debris_rock
88,217,213,-4.117647058823529,debris_rock
88,218,171,-8.235294117647062,mixed_snow_ice
88,219,139,-11.372549019607844,clean_glacier_ice
88,220,194,-5.980392156862745,debris_rock
88,221,198,-5.588235294117645,debris_rock
88,222,183,-7.0588235294117645,mixed_snow_ice
89,0,222,-3.235294117647058,debris_rock
89,1,166,-8.725490196078432,mixed_snow_ice
89,2,150,-10.294117647058822,clean_glacier_ice
89,3,125,-12.745098039215687,regular_glacier_ice
89,4,93,-15.882352941176471,regular_glacier_ice
89,5,197,-5.686274509803919,debris_rock
89,6,193,-6.078431372549019,debris_rock
89,7,159,-9.411764705882353,clean_glacier_ice
89,8,154,-9.901960784313726,clean_glacier_ice
89,9,239,-1.5686274509803937,debris_rock
89,10,227,-2.745098039215687,debris_rock
89,11,239,-1.5686274509803937,debris_rock
89,12,236,-1.8627450980392162,debris_rock
89,13,255,0.0,debris_rock
89,14,255,0.0,debris_rock
89,15,255,0.0,debris_rock
89,16,212,-4.215686274509803,debris_rock
89,17,198,-5.588235294117645,debris_rock
89,18,196,-5.784313725490193,debris_rock
89,19,190,-6.372549019607842,debris_rock
89,20,193,-6.078431372549019,debris_rock
89,21,181,-7.254901960784313,mixed_snow_ice
89,22,190,-6.372549019607842,debris_rock
89,23,204,-5.0,debris_rock
89,24,255,0.0,debris_rock
89,25,216,-3.8235294117647065,debris_rock
89,26,158,-9.509803921568627,clean_glacier_ice
89,27,140,-11.274509803921568,clean_glacier_ice
89,28,147,-10.588235294117649,clean_glacier_ice
89,29,168,-8.529411764705884,mixed_snow_ice
89,30,159,-9.411764705882353,clean_glacier_ice
89,31,112,-14.019607843137255,regular_glacier_ice
89,32,144,-10.882352941176471,clean_glacier_ice
89,33,139,-11.372549019607844,clean_glacier_ice
89,34,148,-10.49019607843137,clean_glacier_ice
89,35,149,-10.392156862745097,clean_glacier_ice
89,36,113,-13.92156862745098,regular_glacier_ice
89,37,122,-13.03921568627451,regular_glacier_ice
89,38,112,-14.019607843137255,regular_glacier_ice
89,39,142,-11.07843137254902,clean_glacier_ice
89,40,136,-11.666666666666666,clean_glacier_ice
89,41,116,-13.627450980392156,regular_glacier_ice
89,42,89,-16.274509803921568,regular_glacier_ice
89,43,124,-12.843137254901961,regular_glacier_ice
89,44,134,-11.862745098039214,clean_glacier_ice
89,45,160,-9.313725490196079,clean_glacier_ice
89,46,197,-5.686274509803919,debris_rock
89,47,174,-7.9411764705882355,mixed_snow_ice
89,48,167,-8.627450980392158,mixed_snow_ice
89,49,182,-7.156862745098039,mixed_snow_ice
89,50,164,-8.92156862745098,clean_glacier_ice
89,51,164,-8.92156862745098,clean_glacier_ice
89,52,201,-5.2941176470588225,debris_rock
89,53,255,0.0,debris_rock
89,54,223,-3.137254901960784,debris_rock
89,55,167,-8.627450980392158,mixed_snow_ice
89,56,148,-10.49019607843137,clean_glacier_ice
89,57,161,-9.215686274509805,clean_glacier_ice
89,58,248,-0.6862745098039227,debris_rock
89,59,255,0.0,debris_rock
89,60,255,0.0,debris_rock
89,61,235,-1.9607843137254903,debris_rock
89,62,182,-7.156862745098039,mixed_snow_ice
89,63,131,-12.15686274509804,clean_glacier_ice
89,64,187,-6.666666666666668,debris_rock
89,67,102,-15.0,regular_glacier_ice
89,68,147,-10.588235294117649,clean_glacier_ice
89,69,239,-1.5686274509803937,debris_rock
89,70,196,-5.784313725490193,debris_rock
89,71,115,-13.72549019607843,regular_glacier_ice
89,72,136,-11.666666666666666,clean_glacier_ice
89,73,222,-3.235294117647058,debris_rock
89,74,225,-2.9411764705882355,debris_rock
89,75,199,-5.490196078431371,debris_rock
89,76,162,-9.11764705882353,clean_glacier_ice
89,77,218,-3.627450980392158,debris_rock
89,78,212,-4.215686274509803,debris_rock
89,79,155,-9.803921568627452,clean_glacier_ice
89,80,255,0.0,debris_rock
89,81,255,0.0,debris_rock
89,82,206,-4.803921568627452,debris_rock
89,83,195,-5.882352941176471,debris_rock
89,84,189,-6.470588235294116,debris_rock
89,85,187,-6.666666666666668,debris_rock
89,86,198,-5.588235294117645,debris_rock
89,87,175,-7.843137254901961,mixed_snow_ice
89,88,182,-7.156862745098039,mixed_snow_ice
89,89,159,-9.411764705882353,clean_glacier_ice
89,90,91,-16.07843137254902,regular_glacier_ice
89,91,111,-14.117647058823529,regular_glacier_ice
89,92,110,-14.215686274509803,regular_glacier_ice
89,93,228,-2.6470588235294095,debris_rock
89,94,238,-1.6666666666666679,debris_rock
89,95,203,-5.098039215686274,debris_rock
89,96,172,-8.137254901960784,mixed_snow_ice
89,97,222,-3.235294117647058,debris_rock
89,98,228,-2.6470588235294095,debris_rock
89,99,155,-9.803921568627452,clean_glacier_ice
89,100,154,-9.901960784313726,clean_glacier_ice
89,101,195,-5.882352941176471,debris_rock
89,102,212,-4.215686274509803,debris_rock
89,103,228,-2.6470588235294095,debris_rock
89,104,154,-9.901960784313726,clean_glacier_ice
89,105,166,-8.725490196078432,mixed_snow_ice
89,106,110,-14.215686274509803,regular_glacier_ice
89,107,125,-12.745098039215687,regular_glacier_ice
89,108,142,-11.07843137254902,clean_glacier_ice
89,109,127,-12.549019607843137,regular_glacier_ice
89,110,123,-12.941176470588236,regular_glacier_ice
89,111,145,-10.784313725490197,clean_glacier_ice
89,112,123,-12.941176470588236,regular_glacier_ice
89,113,110,-14.215686274509803,regular_glacier_ice
89,114,125,-12.745098039215687,regular_glacier_ice
89,115,131,-12.15686274509804,clean_glacier_ice
89,116,158,-9.509803921568627,clean_glacier_ice
89,117,146,-10.686274509803923,clean_glacier_ice
89,121,157,-9.607843137254902,clean_glacier_ice
89,122,199,-5.490196078431371,debris_rock
89,123,206,-4.803921568627452,debris_rock
89,124,181,-7.254901960784313,mixed_snow_ice
89,125,183,-7.0588235294117645,mixed_snow_ice
89,126,164,-8.92156862745098,clean_glacier_ice
89,127,193,-6.078431372549019,debris_rock
89,128,203,-5.098039215686274,debris_rock
89,129,176,-7.745098039215687,mixed_snow_ice
89,130,167,-8.627450980392158,mixed_snow_ice
89,131,163,-9.019607843137257,clean_glacier_ice
89,132,166,-8.725490196078432,mixed_snow_ice
89,133,191,-6.274509803921568,debris_rock
89,134,197,-5.686274509803919,debris_rock
89,135,206,-4.803921568627452,debris_rock
89,136,200,-5.392156862745097,debris_rock
89,137,191,-6.274509803921568,debris_rock
89,138,196,-5.784313725490193,debris_rock
89,139,206,-4.803921568627452,debris_rock
89,140,192,-6.1764705882352935,debris_rock
89,141,164,-8.92156862745098,clean_glacier_ice
89,142,193,-6.078431372549019,debris_rock
89,143,183,-7.0588235294117645,mixed_snow_ice
89,144,189,-6.470588235294116,debris_rock
89,145,192,-6.1764705882352935,debris_rock
89,146,167,-8.627450980392158,mixed_snow_ice
89,147,167,-8.627450980392158,mixed_snow_ice
89,148,161,-9.215686274509805,clean_glacier_ice
89,149,124,-12.843137254901961,regular_glacier_ice
89,156,158,-9.509803921568627,clean_glacier_ice
89,157,193,-6.078431372549019,debris_rock
89,158,208,-4.607843137254903,debris_rock
89,159,244,-1.0784313725490193,debris_rock
89,160,178,-7.549019607843139,mixed_snow_ice
89,161,125,-12.745098039215687,regular_glacier_ice
89,162,203,-5.098039215686274,debris_rock
89,163,142,-11.07843137254902,clean_glacier_ice
89,164,196,-5.784313725490193,debris_rock
89,165,198,-5.588235294117645,debris_rock
89,166,171,-8.235294117647062,mixed_snow_ice
89,167,142,-11.07843137254902,clean_glacier_ice
89,168,114,-13.823529411764705,regular_glacier_ice
89,169,85,-16.666666666666668,deep_glacier_ice
89,170,169,-8.43137254901961,mixed_snow_ice
89,171,190,-6.372549019607842,debris_rock
89,172,150,-10.294117647058822,clean_glacier_ice
89,173,110,-14.215686274509803,regular_glacier_ice
89,174,199,-5.490196078431371,debris_rock
89,175,219,-3.529411764705884,debris_rock
89,176,255,0.0,debris_rock
89,177,245,-0.9803921568627452,debris_rock
89,178,249,-0.5882352941176485,debris_rock
89,179,255,0.0,debris_rock
89,180,255,0.0,debris_rock
89,181,230,-2.450980392156861,debris_rock
89,182,213,-4.117647058823529,debris_rock
89,183,200,-5.392156862745097,debris_rock
89,184,186,-6.764705882352942,debris_rock
89,185,203,-5.098039215686274,debris_rock
89,186,239,-1.5686274509803937,debris_rock
89,187,221,-3.333333333333332,debris_rock
89,188,208,-4.607843137254903,debris_rock
89,189,255,0.0,debris_rock
89,190,211,-4.313725490196081,debris_rock
89,191,128,-12.450980392156863,regular_glacier_ice
89,192,98,-15.392156862745097,regular_glacier_ice
89,193,158,-9.509803921568627,clean_glacier_ice
89,194,132,-12.058823529411763,clean_glacier_ice
89,195,153,-10.0,clean_glacier_ice
89,196,115,-13.72549019607843,regular_glacier_ice
89,197,133,-11.960784313725489,clean_glacier_ice
89,198,147,-10.588235294117649,clean_glacier_ice
89,199,136,-11.666666666666666,clean_glacier_ice
89,200,132,-12.058823529411763,clean_glacier_ice
89,201,115,-13.72549019607843,regular_glacier_ice
89,202,109,-14.313725490196079,regular_glacier_ice
89,203,97,-15.490196078431373,regular_glacier_ice
89,204,112,-14.019607843137255,regular_glacier_ice
89,205,125,-12.745098039215687,regular_glacier_ice
89,206,118,-13.431372549019608,regular_glacier_ice
89,207,92,-15.980392156862745,regular_glacier_ice
89,208,122,-13.03921568627451,regular_glacier_ice
89,209,107,-14.509803921568627,regular_glacier_ice
89,210,126,-12.647058823529411,regular_glacier_ice
89,211,179,-7.450980392156865,mixed_snow_ice
89,212,197,-5.686274509803919,debris_rock
89,213,172,-8.137254901960784,mixed_snow_ice
89,214,155,-9.803921568627452,clean_glacier_ice
89,215,199,-5.490196078431371,debris_rock
89,216,178,-7.549019607843139,mixed_snow_ice
89,217,184,-6.96078431372549,mixed_snow_ice
89,218,156,-9.705882352941176,clean_glacier_ice
89,219,196,-5.784313725490193,debris_rock
89,220,138,-11.470588235294118,clean_glacier_ice
89,221,173,-8.03921568627451,mixed_snow_ice
89,222,179,-7.450980392156865,mixed_snow_ice
90,0,255,0.0,debris_rock
90,1,255,0.0,debris_rock
90,2,215,-3.9215686274509807,debris_rock
90,3,174,-7.9411764705882355,mixed_snow_ice
90,4,109,-14.313725490196079,regular_glacier_ice
90,5,151,-10.196078431372548,clean_glacier_ice
90,6,169,-8.43137254901961,mixed_snow_ice
90,9,118,-13.431372549019608,regular_glacier_ice
90,10,154,-9.901960784313726,clean_glacier_ice
90,11,252,-0.2941176470588225,debris_rock
90,12,183,-7.0588235294117645,mixed_snow_ice
90,13,141,-11.176470588235293,clean_glacier_ice
90,14,180,-7.352941176470587,mixed_snow_ice
90,15,241,-1.3725490196078454,debris_rock
90,16,232,-2.254901960784313,debris_rock
90,17,178,-7.549019607843139,mixed_snow_ice
90,18,150,-10.294117647058822,clean_glacier_ice
90,19,192,-6.1764705882352935,debris_rock
90,20,253,-0.19607843137254832,debris_rock
90,21,234,-2.0588235294117645,debris_rock
90,22,255,0.0,debris_rock
90,23,237,-1.764705882352942,debris_rock
90,24,165,-8.823529411764707,clean_glacier_ice
90,25,167,-8.627450980392158,mixed_snow_ice
90,26,168,-8.529411764705884,mixed_snow_ice
90,27,177,-7.647058823529413,mixed_snow_ice
90,28,181,-7.254901960784313,mixed_snow_ice
90,29,197,-5.686274509803919,debris_rock
90,30,222,-3.235294117647058,debris_rock
90,31,217,-3.7254901960784323,debris_rock
90,32,215,-3.9215686274509807,debris_rock
90,33,187,-6.666666666666668,debris_rock
90,34,178,-7.549019607843139,mixed_snow_ice
90,35,150,-10.294117647058822,clean_glacier_ice
90,36,190,-6.372549019607842,debris_rock
90,37,218,-3.627450980392158,debris_rock
90,38,240,-1.4705882352941195,debris_rock
90,39,226,-2.8431372549019613,debris_rock
90,40,200,-5.392156862745097,debris_rock
90,41,201,-5.2941176470588225,debris_rock
90,42,217,-3.7254901960784323,debris_rock
90,43,230,-2.450980392156861,debris_rock
90,44,193,-6.078431372549019,debris_rock
90,45,217,-3.7254901960784323,debris_rock
90,46,186,-6.764705882352942,debris_rock
90,47,142,-11.07843137254902,clean_glacier_ice
90,48,120,-13.23529411764706,regular_glacier_ice
90,49,133,-11.960784313725489,clean_glacier_ice
90,50,151,-10.196078431372548,clean_glacier_ice
90,51,140,-11.274509803921568,clean_glacier_ice
90,52,121,-13.137254901960786,regular_glacier_ice
90,53,133,-11.960784313725489,clean_glacier_ice
90,54,113,-13.92156862745098,regular_glacier_ice
90,55,115,-13.72549019607843,regular_glacier_ice
90,56,117,-13.529411764705882,regular_glacier_ice
90,57,147,-10.588235294117649,clean_glacier_ice
90,58,140,-11.274509803921568,clean_glacier_ice
90,59,130,-12.254901960784315,clean_glacier_ice
90,63,137,-11.568627450980392,clean_glacier_ice
90,64,196,-5.784313725490193,debris_rock
90,65,203,-5.098039215686274,debris_rock
90,66,179,-7.450980392156865,mixed_snow_ice
90,67,188,-6.56862745098039,debris_rock
90,68,180,-7.352941176470587,mixed_snow_ice
90,69,171,-8.235294117647062,mixed_snow_ice
90,70,201,-5.2941176470588225,debris_rock
90,71,181,-7.254901960784313,mixed_snow_ice
90,72,189,-6.470588235294116,debris_rock
90,73,181,-7.254901960784313,mixed_snow_ice
90,74,198,-5.588235294117645,debris_rock
90,75,187,-6.666666666666668,debris_rock
90,76,208,-4.607843137254903,debris_rock
90,77,199,-5.490196078431371,debris_rock
90,78,184,-6.96078431372549,mixed_snow_ice
90,79,190,-6.372549019607842,debris_rock
90,80,208,-4.607843137254903,debris_rock
90,81,207,-4.7058823529411775,debris_rock
90,82,194,-5.980392156862745,debris_rock
90,83,172,-8.137254901960784,mixed_snow_ice
90,84,162,-9.11764705882353,clean_glacier_ice
90,85,194,-5.980392156862745,debris_rock
90,86,178,-7.549019607843139,mixed_snow_ice
90,87,189,-6.470588235294116,debris_rock
90,88,161,-9.215686274509805,clean_glacier_ice
90,89,164,-8.92156862745098,clean_glacier_ice
90,90,186,-6.764705882352942,debris_rock
90,91,183,-7.0588235294117645,mixed_snow_ice
90,92,88,-16.372549019607845,regular_glacier_ice
90,98,161,-9.215686274509805,clean_glacier_ice
90,99,196,-5.784313725490193,debris_rock
90,100,182,-7.156862745098039,mixed_snow_ice
90,102,210,-4.411764705882355,debris_rock
90,103,162,-9.11764705882353,clean_glacier_ice
90,104,189,-6.470588235294116,debris_rock
90,105,160,-9.313725490196079,clean_glacier_ice
90,106,186,-6.764705882352942,debris_rock
90,107,171,-8.235294117647062,mixed_snow_ice
90,108,132,-12.058823529411763,clean_glacier_ice
90,109,104,-14.803921568627452,regular_glacier_ice
90,110,120,-13.23529411764706,regular_glacier_ice
90,111,101,-15.098039215686274,regular_glacier_ice
90,112,199,-5.490196078431371,debris_rock
90,113,209,-4.509803921568629,debris_rock
90,114,105,-14.705882352941178,regular_glacier_ice
90,115,79,-17.254901960784313,deep_glacier_ice
90,116,116,-13.627450980392156,regular_glacier_ice
90,117,134,-11.862745098039214,clean_glacier_ice
90,118,255,0.0,debris_rock
90,119,203,-5.098039215686274,debris_rock
90,120,239,-1.5686274509803937,debris_rock
90,121,247,-0.7843137254901968,debris_rock
90,122,249,-0.5882352941176485,debris_rock
90,123,223,-3.137254901960784,debris_rock
90,124,185,-6.862745098039216,mixed_snow_ice
90,125,180,-7.352941176470587,mixed_snow_ice
90,126,174,-7.9411764705882355,mixed_snow_ice
90,127,197,-5.686274509803919,debris_rock
90,128,215,-3.9215686274509807,debris_rock
90,129,208,-4.607843137254903,debris_rock
90,130,182,-7.156862745098039,mixed_snow_ice
90,131,209,-4.509803921568629,debris_rock
90,132,184,-6.96078431372549,mixed_snow_ice
90,133,163,-9.019607843137257,clean_glacier_ice
90,134,121,-13.137254901960786,regular_glacier_ice
90,135,125,-12.745098039215687,regular_glacier_ice
90,136,154,-9.901960784313726,clean_glacier_ice
90,137,159,-9.411764705882353,clean_glacier_ice
90,138,144,-10.882352941176471,clean_glacier_ice
90,139,124,-12.843137254901961,regular_glacier_ice
90,140,144,-10.882352941176471,clean_glacier_ice
90,141,122,-13.03921568627451,regular_glacier_ice
90,142,123,-12.941176470588236,regular_glacier_ice
90,143,131,-12.15686274509804,clean_glacier_ice
90,144,117,-13.529411764705882,regular_glacier_ice
90,145,112,-14.019607843137255,regular_glacier_ice
90,146,90,-16.176470588235293,regular_glacier_ice
90,147,118,-13.431372549019608,regular_glacier_ice
90,148,125,-12.745098039215687,regular_glacier_ice
90,149,110,-14.215686274509803,regular_glacier_ice
90,150,118,-13.431372549019608,regular_glacier_ice
90,151,107,-14.509803921568627,regular_glacier_ice
90,152,130,-12.254901960784315,clean_glacier_ice
90,153,156,-9.705882352941176,clean_glacier_ice
90,154,185,-6.862745098039216,mixed_snow_ice
90,155,171,-8.235294117647062,mixed_snow_ice
90,156,166,-8.725490196078432,mixed_snow_ice
90,157,186,-6.764705882352942,debris_rock
90,158,171,-8.235294117647062,mixed_snow_ice
90,159,175,-7.843137254901961,mixed_snow_ice
90,160,195,-5.882352941176471,debris_rock
90,161,188,-6.56862745098039,debris_rock
90,162,189,-6.470588235294116,debris_rock
90,163,249,-0.5882352941176485,debris_rock
90,165,228,-2.6470588235294095,debris_rock
90,166,161,-9.215686274509805,clean_glacier_ice
90,167,202,-5.196078431372548,debris_rock
90,168,183,-7.0588235294117645,mixed_snow_ice
90,169,158,-9.509803921568627,clean_glacier_ice
90,170,190,-6.372549019607842,debris_rock
90,171,135,-11.76470588235294,clean_glacier_ice
90,172,133,-11.960784313725489,clean_glacier_ice
90,173,159,-9.411764705882353,clean_glacier_ice
90,174,144,-10.882352941176471,clean_glacier_ice
90,175,183,-7.0588235294117645,mixed_snow_ice
90,176,246,-0.882352941176471,debris_rock
90,177,189,-6.470588235294116,debris_rock
90,178,162,-9.11764705882353,clean_glacier_ice
90,179,226,-2.8431372549019613,debris_rock
90,180,230,-2.450980392156861,debris_rock
90,181,200,-5.392156862745097,debris_rock
90,182,184,-6.96078431372549,mixed_snow_ice
90,183,136,-11.666666666666666,clean_glacier_ice
90,184,181,-7.254901960784313,mixed_snow_ice
90,186,255,0.0,debris_rock
90,187,255,0.0,debris_rock
90,188,255,0.0,debris_rock
90,189,211,-4.313725490196081,debris_rock
90,190,173,-8.03921568627451,mixed_snow_ice
90,191,162,-9.11764705882353,clean_glacier_ice
90,192,158,-9.509803921568627,clean_glacier_ice
90,193,164,-8.92156862745098,clean_glacier_ice
90,194,164,-8.92156862745098,clean_glacier_ice
90,195,172,-8.137254901960784,mixed_snow_ice
90,196,162,-9.11764705882353,clean_glacier_ice
90,197,194,-5.980392156862745,debris_rock
90,198,167,-8.627450980392158,mixed_snow_ice
90,199,182,-7.156862745098039,mixed_snow_ice
90,200,192,-6.1764705882352935,debris_rock
90,201,196,-5.784313725490193,debris_rock
90,202,199,-5.490196078431371,debris_rock
90,203,214,-4.019607843137255,debris_rock
90,204,192,-6.1764705882352935,debris_rock
90,205,188,-6.56862745098039,debris_rock
90,206,225,-2.9411764705882355,debris_rock
90,207,227,-2.745098039215687,debris_rock
90,208,207,-4.7058823529411775,debris_rock
90,209,196,-5.784313725490193,debris_rock
90,210,221,-3.333333333333332,debris_rock
90,211,197,-5.686274509803919,debris_rock
90,212,131,-12.15686274509804,clean_glacier_ice
90,213,156,-9.705882352941176,clean_glacier_ice
90,214,110,-14.215686274509803,regular_glacier_ice
90,215,149,-10.392156862745097,clean_glacier_ice
90,216,112,-14.019607843137255,regular_glacier_ice
90,217,112,-14.019607843137255,regular_glacier_ice
90,218,113,-13.92156862745098,regular_glacier_ice
90,219,107,-14.509803921568627,regular_glacier_ice
90,220,117,-13.529411764705882,regular_glacier_ice
90,221,134,-11.862745098039214,clean_glacier_ice
90,222,147,-10.588235294117649,clean_glacier_ice
91,0,140,-11.274509803921568,clean_glacier_ice
91,1,139,-11.372549019607844,clean_glacier_ice
91,5,131,-12.15686274509804,clean_glacier_ice
91,6,210,-4.411764705882355,debris_rock
91,7,199,-5.490196078431371,debris_rock
91,8,198,-5.588235294117645,debris_rock
91,9,193,-6.078431372549019,debris_rock
91,10,176,-7.745098039215687,mixed_snow_ice
91,11,167,-8.627450980392158,mixed_snow_ice
91,12,193,-6.078431372549019,debris_rock
91,13,181,-7.254901960784313,mixed_snow_ice
91,14,212,-4.215686274509803,debris_rock
91,15,186,-6.764705882352942,debris_rock
91,16,196,-5.784313725490193,debris_rock
91,17,169,-8.43137254901961,mixed_snow_ice
91,18,196,-5.784313725490193,debris_rock
91,19,215,-3.9215686274509807,debris_rock
91,20,203,-5.098039215686274,debris_rock
91,21,229,-2.5490196078431353,debris_rock
91,22,198,-5.588235294117645,debris_rock
91,23,218,-3.627450980392158,debris_rock
91,24,195,-5.882352941176471,debris_rock
91,25,183,-7.0588235294117645,mixed_snow_ice
91,26,170,-8.333333333333336,mixed_snow_ice
91,27,202,-5.196078431372548,debris_rock
91,28,192,-6.1764705882352935,debris_rock
91,29,190,-6.372549019607842,debris_rock
91,30,177,-7.647058823529413,mixed_snow_ice
91,31,169,-8.43137254901961,mixed_snow_ice
91,32,173,-8.03921568627451,mixed_snow_ice
91,33,171,-8.235294117647062,mixed_snow_ice
91,34,159,-9.411764705882353,clean_glacier_ice
91,35,176,-7.745098039215687,mixed_snow_ice
91,40,163,-9.019607843137257,clean_glacier_ice
91,41,177,-7.647058823529413,mixed_snow_ice
91,42,188,-6.56862745098039,debris_rock
91,44,255,0.0,debris_rock
91,45,193,-6.078431372549019,debris_rock
91,46,177,-7.647058823529413,mixed_snow_ice
91,47,150,-10.294117647058822,clean_glacier_ice
91,48,145,-10.784313725490197,clean_glacier_ice
91,49,155,-9.803921568627452,clean_glacier_ice
91,50,114,-13.823529411764705,regular_glacier_ice
91,51,113,-13.92156862745098,regular_glacier_ice
91,52,135,-11.76470588235294,clean_glacier_ice
91,53,197,-5.686274509803919,debris_rock
91,54,240,-1.4705882352941195,debris_rock
91,55,170,-8.333333333333336,mixed_snow_ice
91,56,78,-17.352941176470587,deep_glacier_ice
91,57,174,-7.9411764705882355,mixed_snow_ice
91,58,104,-14.803921568627452,regular_glacier_ice
91,59,121,-13.137254901960786,regular_glacier_ice
91,60,166,-8.725490196078432,mixed_snow_ice
91,61,107,-14.509803921568627,regular_glacier_ice
91,62,116,-13.627450980392156,regular_glacier_ice
91,63,131,-12.15686274509804,clean_glacier_ice
91,64,145,-10.784313725490197,clean_glacier_ice
91,65,138,-11.470588235294118,clean_glacier_ice
91,66,216,-3.8235294117647065,debris_rock
91,67,255,0.0,debris_rock
91,68,219,-3.529411764705884,debris_rock
91,69,205,-4.901960784313726,debris_rock
91,70,224,-3.0392156862745097,debris_rock
91,71,201,-5.2941176470588225,debris_rock
91,72,220,-3.4313725490196063,debris_rock
91,73,237,-1.764705882352942,debris_rock
91,74,194,-5.980392156862745,debris_rock
91,75,217,-3.7254901960784323,debris_rock
91,76,121,-13.137254901960786,regular_glacier_ice
91,77,122,-13.03921568627451,regular_glacier_ice
91,78,154,-9.901960784313726,clean_glacier_ice
91,79,133,-11.960784313725489,clean_glacier_ice
91,80,148,-10.49019607843137,clean_glacier_ice
91,81,136,-11.666666666666666,clean_glacier_ice
91,82,105,-14.705882352941178,regular_glacier_ice
91,83,130,-12.254901960784315,clean_glacier_ice
91,84,135,-11.76470588235294,clean_glacier_ice
91,85,113,-13.92156862745098,regular_glacier_ice
91,86,129,-12.352941176470589,regular_glacier_ice
91,87,118,-13.431372549019608,regular_glacier_ice
91,88,95,-15.686274509803921,regular_glacier_ice
91,89,120,-13.23529411764706,regular_glacier_ice
91,90,119,-13.333333333333334,regular_glacier_ice
91,91,138,-11.470588235294118,clean_glacier_ice
91,92,162,-9.11764705882353,clean_glacier_ice
91,93,167,-8.627450980392158,mixed_snow_ice
91,94,148,-10.49019607843137,clean_glacier_ice
91,95,149,-10.392156862745097,clean_glacier_ice
91,96,170,-8.333333333333336,mixed_snow_ice
91,97,175,-7.843137254901961,mixed_snow_ice
91,98,161,-9.215686274509805,clean_glacier_ice
91,99,173,-8.03921568627451,mixed_snow_ice
91,100,201,-5.2941176470588225,debris_rock
91,101,189,-6.470588235294116,debris_rock
91,102,175,-7.843137254901961,mixed_snow_ice
91,103,125,-12.745098039215687,regular_glacier_ice
91,104,179,-7.450980392156865,mixed_snow_ice
91,105,243,-1.176470588235297,debris_rock
91,106,214,-4.019607843137255,debris_rock
91,107,203,-5.098039215686274,debris_rock
91,108,208,-4.607843137254903,debris_rock
91,109,211,-4.313725490196081,debris_rock
91,110,205,-4.901960784313726,debris_rock
91,111,179,-7.450980392156865,mixed_snow_ice
91,112,143,-10.980392156862745,clean_glacier_ice
91,113,155,-9.803921568627452,clean_glacier_ice
91,114,86,-16.568627450980394,deep_glacier_ice
91,115,99,-15.294117647058822,regular_glacier_ice
91,116,128,-12.450980392156863,regular_glacier_ice
91,117,204,-5.0,debris_rock
91,118,222,-3.235294117647058,debris_rock
91,119,182,-7.156862745098039,mixed_snow_ice
91,120,213,-4.117647058823529,debris_rock
91,121,188,-6.56862745098039,debris_rock
91,122,179,-7.450980392156865,mixed_snow_ice
91,123,197,-5.686274509803919,debris_rock
91,124,179,-7.450980392156865,mixed_snow_ice
91,125,173,-8.03921568627451,mixed_snow_ice
91,126,167,-8.627450980392158,mixed_snow_ice
91,128,255,0.0,debris_rock
91,129,215,-3.9215686274509807,debris_rock
91,130,255,0.0,debris_rock
91,131,234,-2.0588235294117645,debris_rock
91,132,187,-6.666666666666668,debris_rock
91,133,187,-6.666666666666668,debris_rock
91,134,190,-6.372549019607842,debris_rock
91,135,188,-6.56862745098039,debris_rock
91,136,185,-6.862745098039216,mixed_snow_ice
91,137,174,-7.9411764705882355,mixed_snow_ice
91,138,193,-6.078431372549019,debris_rock
91,139,217,-3.7254901960784323,debris_rock
91,140,176,-7.745098039215687,mixed_snow_ice
91,141,159,-9.411764705882353,clean_glacier_ice
91,142,169,-8.43137254901961,mixed_snow_ice
91,143,170,-8.333333333333336,mixed_snow_ice
91,144,188,-6.56862745098039,debris_rock
91,145,204,-5.0,debris_rock
91,146,205,-4.901960784313726,debris_rock
91,147,222,-3.235294117647058,debris_rock
91,148,220,-3.4313725490196063,debris_rock
91,149,180,-7.352941176470587,mixed_snow_ice
91,150,188,-6.56862745098039,debris_rock
91,151,185,-6.862745098039216,mixed_snow_ice
91,152,196,-5.784313725490193,debris_rock
91,153,181,-7.254901960784313,mixed_snow_ice
91,154,117,-13.529411764705882,regular_glacier_ice
91,155,161,-9.215686274509805,clean_glacier_ice
91,156,140,-11.274509803921568,clean_glacier_ice
91,157,116,-13.627450980392156,regular_glacier_ice
91,158,123,-12.941176470588236,regular_glacier_ice
91,159,127,-12.549019607843137,regular_glacier_ice
91,160,117,-13.529411764705882,regular_glacier_ice
91,161,99,-15.294117647058822,regular_glacier_ice
91,162,131,-12.15686274509804,clean_glacier_ice
91,163,116,-13.627450980392156,regular_glacier_ice
91,164,130,-12.254901960784315,clean_glacier_ice
91,165,136,-11.666666666666666,clean_glacier_ice
91,166,113,-13.92156862745098,regular_glacier_ice
91,170,111,-14.117647058823529,regular_glacier_ice
91,171,173,-8.03921568627451,mixed_snow_ice
91,172,248,-0.6862745098039227,debris_rock
91,173,200,-5.392156862745097,debris_rock
91,174,202,-5.196078431372548,debris_rock
91,175,160,-9.313725490196079,clean_glacier_ice
91,176,198,-5.588235294117645,debris_rock
91,177,177,-7.647058823529413,mixed_snow_ice
91,178,181,-7.254901960784313,mixed_snow_ice
91,179,193,-6.078431372549019,debris_rock
91,180,158,-9.509803921568627,clean_glacier_ice
91,181,179,-7.450980392156865,mixed_snow_ice
91,182,181,-7.254901960784313,mixed_snow_ice
91,183,197,-5.686274509803919,debris_rock
91,184,206,-4.803921568627452,debris_rock
91,185,167,-8.627450980392158,mixed_snow_ice
91,186,221,-3.333333333333332,debris_rock
91,187,180,-7.352941176470587,mixed_snow_ice
91,188,183,-7.0588235294117645,mixed_snow_ice
91,189,198,-5.588235294117645,debris_rock
91,190,190,-6.372549019607842,debris_rock
91,191,184,-6.96078431372549,mixed_snow_ice
91,192,194,-5.980392156862745,debris_rock
91,193,194,-5.980392156862745,debris_rock
91,194,206,-4.803921568627452,debris_rock
91,195,180,-7.352941176470587,mixed_snow_ice
91,196,150,-10.294117647058822,clean_glacier_ice
91,197,173,-8.03921568627451,mixed_snow_ice
91,198,169,-8.43137254901961,mixed_snow_ice
91,199,179,-7.450980392156865,mixed_snow_ice
91,200,211,-4.313725490196081,debris_rock
91,201,141,-11.176470588235293,clean_glacier_ice
91,202,250,-0.49019607843137436,debris_rock
91,205,184,-6.96078431372549,mixed_snow_ice
91,206,169,-8.43137254901961,mixed_snow_ice
91,207,186,-6.764705882352942,debris_rock
91,210,188,-6.56862745098039,debris_rock
91,211,182,-7.156862745098039,mixed_snow_ice
91,212,178,-7.549019607843139,mixed_snow_ice
91,213,152,-10.098039215686274,clean_glacier_ice
91,214,181,-7.254901960784313,mixed_snow_ice
91,215,190,-6.372549019607842,debris_rock
91,216,182,-7.156862745098039,mixed_snow_ice
91,217,195,-5.882352941176471,debris_rock
91,218,255,0.0,debris_rock
91,219,213,-4.117647058823529,debris_rock
91,220,169,-8.43137254901961,mixed_snow_ice
91,221,145,-10.784313725490197,clean_glacier_ice
91,222,177,-7.647058823529413,mixed_snow_ice
92,0,124,-12.843137254901961,regular_glacier_ice
92,1,136,-11.666666666666666,clean_glacier_ice
92,2,138,-11.470588235294118,clean_glacier_ice
92,3,125,-12.745098039215687,regular_glacier_ice
92,4,141,-11.176470588235293,clean_glacier_ice
92,5,126,-12.647058823529411,regular_glacier_ice
92,6,140,-11.274509803921568,clean_glacier_ice
92,7,106,-14.607843137254902,regular_glacier_ice
92,8,180,-7.352941176470587,mixed_snow_ice
92,9,255,0.0,debris_rock
92,10,254,-0.09803921568627416,debris_rock
92,11,171,-8.235294117647062,mixed_snow_ice
92,12,213,-4.117647058823529,debris_rock
92,13,210,-4.411764705882355,debris_rock
92,14,183,-7.0588235294117645,mixed_snow_ice
92,15,235,-1.9607843137254903,debris_rock
92,16,178,-7.549019607843139,mixed_snow_ice
92,17,210,-4.411764705882355,debris_rock
92,18,191,-6.274509803921568,debris_rock
92,19,141,-11.176470588235293,clean_glacier_ice
92,20,109,-14.313725490196079,regular_glacier_ice
92,21,151,-10.196078431372548,clean_glacier_ice
92,22,155,-9.803921568627452,clean_glacier_ice
92,23,127,-12.549019607843137,regular_glacier_ice
92,24,110,-14.215686274509803,regular_glacier_ice
92,25,132,-12.058823529411763,clean_glacier_ice
92,26,131,-12.15686274509804,clean_glacier_ice
92,27,135,-11.76470588235294,clean_glacier_ice
92,28,107,-14.509803921568627,regular_glacier_ice
92,29,112,-14.019607843137255,regular_glacier_ice
92,30,139,-11.372549019607844,clean_glacier_ice
92,31,124,-12.843137254901961,regular_glacier_ice
92,32,112,-14.019607843137255,regular_glacier_ice
92,33,123,-12.941176470588236,regular_glacier_ice
92,34,201,-5.2941176470588225,debris_rock
92,35,186,-6.764705882352942,debris_rock
92,36,138,-11.470588235294118,clean_glacier_ice
92,37,124,-12.843137254901961,regular_glacier_ice
92,38,157,-9.607843137254902,clean_glacier_ice
92,39,179,-7.450980392156865,mixed_snow_ice
92,40,183,-7.0588235294117645,mixed_snow_ice
92,41,186,-6.764705882352942,debris_rock
92,42,196,-5.784313725490193,debris_rock
92,43,199,-5.490196078431371,debris_rock
92,44,185,-6.862745098039216,mixed_snow_ice
92,45,134,-11.862745098039214,clean_glacier_ice
92,46,171,-8.235294117647062,mixed_snow_ice
92,47,196,-5.784313725490193,debris_rock
92,48,171,-8.235294117647062,mixed_snow_ice
92,49,230,-2.450980392156861,debris_rock
92,50,205,-4.901960784313726,debris_rock
92,51,195,-5.882352941176471,debris_rock
92,52,174,-7.9411764705882355,mixed_snow_ice
92,53,182,-7.156862745098039,mixed_snow_ice
92,54,154,-9.901960784313726,clean_glacier_ice
92,55,252,-0.2941176470588225,debris_rock
92,56,139,-11.372549019607844,clean_glacier_ice
92,57,81,-17.058823529411764,deep_glacier_ice
92,58,134,-11.862745098039214,clean_glacier_ice
92,59,170,-8.333333333333336,mixed_snow_ice
92,60,195,-5.882352941176471,debris_rock
92,61,209,-4.509803921568629,debris_rock
92,62,210,-4.411764705882355,debris_rock
92,63,200,-5.392156862745097,debris_rock
92,64,206,-4.803921568627452,debris_rock
92,65,219,-3.529411764705884,debris_rock
92,66,167,-8.627450980392158,mixed_snow_ice
92,67,146,-10.686274509803923,clean_glacier_ice
92,68,181,-7.254901960784313,mixed_snow_ice
92,69,255,0.0,debris_rock
92,70,255,0.0,debris_rock
92,71,238,-1.6666666666666679,debris_rock
92,72,251,-0.3921568627451002,debris_rock
92,73,255,0.0,debris_rock
92,74,250,-0.49019607843137436,debris_rock
92,75,222,-3.235294117647058,debris_rock
92,76,186,-6.764705882352942,debris_rock
92,77,187,-6.666666666666668,debris_rock
92,78,175,-7.843137254901961,mixed_snow_ice
92,79,181,-7.254901960784313,mixed_snow_ice
92,80,184,-6.96078431372549,mixed_snow_ice
92,81,181,-7.254901960784313,mixed_snow_ice
92,82,180,-7.352941176470587,mixed_snow_ice
92,83,185,-6.862745098039216,mixed_snow_ice
92,84,191,-6.274509803921568,debris_rock
92,85,204,-5.0,debris_rock
92,86,206,-4.803921568627452,debris_rock
92,87,173,-8.03921568627451,mixed_snow_ice
92,88,155,-9.803921568627452,clean_glacier_ice
92,89,160,-9.313725490196079,clean_glacier_ice
92,90,193,-6.078431372549019,debris_rock
92,91,201,-5.2941176470588225,debris_rock
92,92,196,-5.784313725490193,debris_rock
92,93,178,-7.549019607843139,mixed_snow_ice
92,94,200,-5.392156862745097,debris_rock
92,95,199,-5.490196078431371,debris_rock
92,96,137,-11.568627450980392,clean_glacier_ice
92,97,148,-10.49019607843137,clean_glacier_ice
92,98,158,-9.509803921568627,clean_glacier_ice
92,99,121,-13.137254901960786,regular_glacier_ice
92,100,118,-13.431372549019608,regular_glacier_ice
92,101,164,-8.92156862745098,clean_glacier_ice
92,102,112,-14.019607843137255,regular_glacier_ice
92,103,113,-13.92156862745098,regular_glacier_ice
92,104,129,-12.352941176470589,regular_glacier_ice
92,105,96,-15.588235294117647,regular_glacier_ice
92,106,122,-13.03921568627451,regular_glacier_ice
92,107,111,-14.117647058823529,regular_glacier_ice
92,108,144,-10.882352941176471,clean_glacier_ice
92,112,109,-14.313725490196079,regular_glacier_ice
92,113,147,-10.588235294117649,clean_glacier_ice
92,114,221,-3.333333333333332,debris_rock
92,115,204,-5.0,debris_rock
92,116,212,-4.215686274509803,debris_rock
92,117,147,-10.588235294117649,clean_glacier_ice
92,118,194,-5.980392156862745,debris_rock
92,119,160,-9.313725490196079,clean_glacier_ice
92,120,133,-11.960784313725489,clean_glacier_ice
92,121,202,-5.196078431372548,debris_rock
92,122,203,-5.098039215686274,debris_rock
92,123,207,-4.7058823529411775,debris_rock
92,124,178,-7.549019607843139,mixed_snow_ice
92,125,201,-5.2941176470588225,debris_rock
92,126,194,-5.980392156862745,debris_rock
92,127,206,-4.803921568627452,debris_rock
92,128,201,-5.2941176470588225,debris_rock
92,129,171,-8.235294117647062,mixed_snow_ice
92,130,186,-6.764705882352942,debris_rock
92,131,192,-6.1764705882352935,debris_rock
92,132,194,-5.980392156862745,debris_rock
92,133,184,-6.96078431372549,mixed_snow_ice
92,134,190,-6.372549019607842,debris_rock
92,135,190,-6.372549019607842,debris_rock
92,136,203,-5.098039215686274,debris_rock
92,137,190,-6.372549019607842,debris_rock
92,138,171,-8.235294117647062,mixed_snow_ice
92,139,182,-7.156862745098039,mixed_snow_ice
92,140,169,-8.43137254901961,mixed_snow_ice
92,141,196,-5.784313725490193,debris_rock
92,142,191,-6.274509803921568,debris_rock
92,143,187,-6.666666666666668,debris_rock
92,144,160,-9.313725490196079,clean_glacier_ice
92,145,223,-3.137254901960784,debris_rock
92,147,164,-8.92156862745098,clean_glacier_ice
92,148,155,-9.803921568627452,clean_glacier_ice
92,149,138,-11.470588235294118,clean_glacier_ice
92,150,145,-10.784313725490197,clean_glacier_ice
92,152,217,-3.7254901960784323,debris_rock
92,153,231,-2.352941176470587,debris_rock
92,154,140,-11.274509803921568,clean_glacier_ice
92,155,132,-12.058823529411763,clean_glacier_ice
92,156,225,-2.9411764705882355,debris_rock
92,157,226,-2.8431372549019613,debris_rock
92,158,190,-6.372549019607842,debris_rock
92,159,199,-5.490196078431371,debris_rock
92,160,170,-8.333333333333336,mixed_snow_ice
92,161,190,-6.372549019607842,debris_rock
92,162,199,-5.490196078431371,debris_rock
92,163,164,-8.92156862745098,clean_glacier_ice
92,164,171,-8.235294117647062,mixed_snow_ice
92,165,156,-9.705882352941176,clean_glacier_ice
92,166,178,-7.549019607843139,mixed_snow_ice
92,167,152,-10.098039215686274,clean_glacier_ice
92,168,114,-13.823529411764705,regular_glacier_ice
92,169,154,-9.901960784313726,clean_glacier_ice
92,170,151,-10.196078431372548,clean_glacier_ice
92,171,109,-14.313725490196079,regular_glacier_ice
92,172,117,-13.529411764705882,regular_glacier_ice
92,173,125,-12.745098039215687,regular_glacier_ice
92,174,255,0.0,debris_rock
92,175,248,-0.6862745098039227,debris_rock
92,176,206,-4.803921568627452,debris_rock
92,177,207,-4.7058823529411775,debris_rock
92,178,204,-5.0,debris_rock
92,179,233,-2.1568627450980387,debris_rock
92,180,223,-3.137254901960784,debris_rock
92,181,210,-4.411764705882355,debris_rock
92,182,199,-5.490196078431371,debris_rock
92,183,153,-10.0,clean_glacier_ice
92,184,162,-9.11764705882353,clean_glacier_ice
92,185,132,-12.058823529411763,clean_glacier_ice
92,186,182,-7.156862745098039,mixed_snow_ice
92,187,123,-12.941176470588236,regular_glacier_ice
92,188,121,-13.137254901960786,regular_glacier_ice
92,189,118,-13.431372549019608,regular_glacier_ice
92,190,122,-13.03921568627451,regular_glacier_ice
92,191,120,-13.23529411764706,regular_glacier_ice
92,192,133,-11.960784313725489,clean_glacier_ice
92,193,120,-13.23529411764706,regular_glacier_ice
92,194,119,-13.333333333333334,regular_glacier_ice
92,195,123,-12.941176470588236,regular_glacier_ice
92,196,146,-10.686274509803923,clean_glacier_ice
92,197,117,-13.529411764705882,regular_glacier_ice
92,198,119,-13.333333333333334,regular_glacier_ice
92,199,126,-12.647058823529411,regular_glacier_ice
92,200,129,-12.352941176470589,regular_glacier_ice
92,201,109,-14.313725490196079,regular_glacier_ice
92,202,82,-16.96078431372549,deep_glacier_ice
92,203,127,-12.549019607843137,regular_glacier_ice
92,204,153,-10.0,clean_glacier_ice
92,205,190,-6.372549019607842,debris_rock
92,206,185,-6.862745098039216,mixed_snow_ice
92,207,176,-7.745098039215687,mixed_snow_ice
92,208,199,-5.490196078431371,debris_rock
92,209,182,-7.156862745098039,mixed_snow_ice
92,210,168,-8.529411764705884,mixed_snow_ice
92,211,186,-6.764705882352942,debris_rock
92,212,164,-8.92156862745098,clean_glacier_ice
92,213,190,-6.372549019607842,debris_rock
92,214,221,-3.333333333333332,debris_rock
92,215,160,-9.313725490196079,clean_glacier_ice
92,216,189,-6.470588235294116,debris_rock
92,217,176,-7.745098039215687,mixed_snow_ice
92,218,188,-6.56862745098039,debris_rock
92,219,164,-8.92156862745098,clean_glacier_ice
92,220,196,-5.784313725490193,debris_rock
92,221,173,-8.03921568627451,mixed_snow_ice
92,222,150,-10.294117647058822,clean_glacier_ice
93,0,187,-6.666666666666668,debris_rock
93,1,186,-6.764705882352942,debris_rock
93,2,212,-4.215686274509803,debris_rock
93,3,219,-3.529411764705884,debris_rock
93,4,199,-5.490196078431371,debris_rock
93,5,185,-6.862745098039216,mixed_snow_ice
93,6,194,-5.980392156862745,debris_rock
93,7,172,-8.137254901960784,mixed_snow_ice
93,8,162,-9.11764705882353,clean_glacier_ice
93,9,210,-4.411764705882355,debris_rock
93,10,190,-6.372549019607842,debris_rock
93,11,216,-3.8235294117647065,debris_rock
93,12,187,-6.666666666666668,debris_rock
93,13,184,-6.96078431372549,mixed_snow_ice
93,14,173,-8.03921568627451,mixed_snow_ice
93,15,255,0.0,debris_rock
93,16,255,0.0,debris_rock
93,17,241,-1.3725490196078454,debris_rock
93,18,160,-9.313725490196079,clean_glacier_ice
93,19,157,-9.607843137254902,clean_glacier_ice
93,20,154,-9.901960784313726,clean_glacier_ice
93,21,183,-7.0588235294117645,mixed_snow_ice
93,22,178,-7.549019607843139,mixed_snow_ice
93,23,193,-6.078431372549019,debris_rock
93,24,191,-6.274509803921568,debris_rock
93,25,180,-7.352941176470587,mixed_snow_ice
93,26,186,-6.764705882352942,debris_rock
93,27,222,-3.235294117647058,debris_rock
93,28,205,-4.901960784313726,debris_rock
93,29,171,-8.235294117647062,mixed_snow_ice
93,30,182,-7.156862745098039,mixed_snow_ice
93,31,220,-3.4313725490196063,debris_rock
93,32,234,-2.0588235294117645,debris_rock
93,33,231,-2.352941176470587,debris_rock
93,34,198,-5.588235294117645,debris_rock
93,35,192,-6.1764705882352935,debris_rock
93,36,195,-5.882352941176471,debris_rock
93,37,149,-10.392156862745097,clean_glacier_ice
93,38,179,-7.450980392156865,mixed_snow_ice
93,39,150,-10.294117647058822,clean_glacier_ice
93,40,160,-9.313725490196079,clean_glacier_ice
93,41,147,-10.588235294117649,clean_glacier_ice
93,42,98,-15.392156862745097,regular_glacier_ice
93,43,154,-9.901960784313726,clean_glacier_ice
93,44,114,-13.823529411764705,regular_glacier_ice
93,45,99,-15.294117647058822,regular_glacier_ice
93,46,126,-12.647058823529411,regular_glacier_ice
93,47,77,-17.450980392156865,deep_glacier_ice
93,48,117,-13.529411764705882,regular_glacier_ice
93,49,117,-13.529411764705882,regular_glacier_ice
93,50,142,-11.07843137254902,clean_glacier_ice
93,54,115,-13.72549019607843,regular_glacier_ice
93,55,91,-16.07843137254902,regular_glacier_ice
93,57,238,-1.6666666666666679,debris_rock
93,58,214,-4.019607843137255,debris_rock
93,59,211,-4.313725490196081,debris_rock
93,60,145,-10.784313725490197,clean_glacier_ice
93,61,114,-13.823529411764705,regular_glacier_ice
93,62,166,-8.725490196078432,mixed_snow_ice
93,63,182,-7.156862745098039,mixed_snow_ice
93,64,185,-6.862745098039216,mixed_snow_ice
93,65,185,-6.862745098039216,mixed_snow_ice
93,66,179,-7.450980392156865,mixed_snow_ice
93,67,199,-5.490196078431371,debris_rock
93,68,203,-5.098039215686274,debris_rock
93,69,202,-5.196078431372548,debris_rock
93,70,210,-4.411764705882355,debris_rock
93,71,198,-5.588235294117645,debris_rock
93,72,212,-4.215686274509803,debris_rock
93,73,198,-5.588235294117645,debris_rock
93,74,201,-5.2941176470588225,debris_rock
93,75,185,-6.862745098039216,mixed_snow_ice
93,76,181,-7.254901960784313,mixed_snow_ice
93,77,189,-6.470588235294116,debris_rock
93,78,192,-6.1764705882352935,debris_rock
93,79,192,-6.1764705882352935,debris_rock
93,80,205,-4.901960784313726,debris_rock
93,81,178,-7.549019607843139,mixed_snow_ice
93,82,163,-9.019607843137257,clean_glacier_ice
93,83,208,-4.607843137254903,debris_rock
93,84,172,-8.137254901960784,mixed_snow_ice
93,85,203,-5.098039215686274,debris_rock
93,86,134,-11.862745098039214,clean_glacier_ice
93,87,183,-7.0588235294117645,mixed_snow_ice
93,88,202,-5.196078431372548,debris_rock
93,89,196,-5.784313725490193,debris_rock
93,90,166,-8.725490196078432,mixed_snow_ice
93,91,145,-10.784313725490197,clean_glacier_ice
93,92,147,-10.588235294117649,clean_glacier_ice
93,95,241,-1.3725490196078454,debris_rock
93,96,135,-11.76470588235294,clean_glacier_ice
93,97,171,-8.235294117647062,mixed_snow_ice
93,98,201,-5.2941176470588225,debris_rock
93,99,196,-5.784313725490193,debris_rock
93,100,106,-14.607843137254902,regular_glacier_ice
93,101,226,-2.8431372549019613,debris_rock
93,102,161,-9.215686274509805,clean_glacier_ice
93,103,245,-0.9803921568627452,debris_rock
93,104,197,-5.686274509803919,debris_rock
93,105,183,-7.0588235294117645,mixed_snow_ice
93,106,154,-9.901960784313726,clean_glacier_ice
93,107,157,-9.607843137254902,clean_glacier_ice
93,108,155,-9.803921568627452,clean_glacier_ice
93,109,135,-11.76470588235294,clean_glacier_ice
93,110,151,-10.196078431372548,clean_glacier_ice
93,111,99,-15.294117647058822,regular_glacier_ice
93,112,127,-12.549019607843137,regular_glacier_ice
93,113,89,-16.274509803921568,regular_glacier_ice
93,114,74,-17.745098039215684,deep_glacier_ice
93,115,114,-13.823529411764705,regular_glacier_ice
93,116,207,-4.7058823529411775,debris_rock
93,117,208,-4.607843137254903,debris_rock
93,118,199,-5.490196078431371,debris_rock
93,119,135,-11.76470588235294,clean_glacier_ice
93,120,153,-10.0,clean_glacier_ice
93,121,146,-10.686274509803923,clean_glacier_ice
93,122,175,-7.843137254901961,mixed_snow_ice
93,123,226,-2.8431372549019613,debris_rock
93,124,179,-7.450980392156865,mixed_snow_ice
93,125,180,-7.352941176470587,mixed_snow_ice
93,126,165,-8.823529411764707,clean_glacier_ice
93,127,135,-11.76470588235294,clean_glacier_ice
93,128,128,-12.450980392156863,regular_glacier_ice
93,129,163,-9.019607843137257,clean_glacier_ice
93,130,164,-8.92156862745098,clean_glacier_ice
93,131,131,-12.15686274509804,clean_glacier_ice
93,132,128,-12.450980392156863,regular_glacier_ice
93,133,131,-12.15686274509804,clean_glacier_ice
93,134,144,-10.882352941176471,clean_glacier_ice
93,135,111,-14.117647058823529,regular_glacier_ice
93,136,107,-14.509803921568627,regular_glacier_ice
93,137,123,-12.941176470588236,regular_glacier_ice
93,138,119,-13.333333333333334,regular_glacier_ice
93,139,111,-14.117647058823529,regular_glacier_ice
93,140,135,-11.76470588235294,clean_glacier_ice
93,141,99,-15.294117647058822,regular_glacier_ice
93,142,116,-13.627450980392156,regular_glacier_ice
93,143,113,-13.92156862745098,regular_glacier_ice
93,144,112,-14.019607843137255,regular_glacier_ice
93,145,117,-13.529411764705882,regular_glacier_ice
93,146,153,-10.0,clean_glacier_ice
93,147,174,-7.9411764705882355,mixed_snow_ice
93,148,180,-7.352941176470587,mixed_snow_ice
93,149,180,-7.352941176470587,mixed_snow_ice
93,150,177,-7.647058823529413,mixed_snow_ice
93,151,199,-5.490196078431371,debris_rock
93,152,183,-7.0588235294117645,mixed_snow_ice
93,153,178,-7.549019607843139,mixed_snow_ice
93,154,180,-7.352941176470587,mixed_snow_ice
93,155,184,-6.96078431372549,mixed_snow_ice
93,156,201,-5.2941176470588225,debris_rock
93,157,146,-10.686274509803923,clean_glacier_ice
93,158,188,-6.56862745098039,debris_rock
93,159,177,-7.647058823529413,mixed_snow_ice
93,160,176,-7.745098039215687,mixed_snow_ice
93,161,183,-7.0588235294117645,mixed_snow_ice
93,162,156,-9.705882352941176,clean_glacier_ice
93,163,164,-8.92156862745098,clean_glacier_ice
93,164,150,-10.294117647058822,clean_glacier_ice
93,165,188,-6.56862745098039,debris_rock
93,166,207,-4.7058823529411775,debris_rock
93,167,209,-4.509803921568629,debris_rock
93,168,208,-4.607843137254903,debris_rock
93,169,160,-9.313725490196079,clean_glacier_ice
93,170,172,-8.137254901960784,mixed_snow_ice
93,171,205,-4.901960784313726,debris_rock
93,172,205,-4.901960784313726,debris_rock
93,173,171,-8.235294117647062,mixed_snow_ice
93,174,186,-6.764705882352942,debris_rock
93,175,189,-6.470588235294116,debris_rock
93,176,233,-2.1568627450980387,debris_rock
93,177,188,-6.56862745098039,debris_rock
93,178,175,-7.843137254901961,mixed_snow_ice
93,179,212,-4.215686274509803,debris_rock
93,180,216,-3.8235294117647065,debris_rock
93,181,255,0.0,debris_rock
93,182,226,-2.8431372549019613,debris_rock
93,183,191,-6.274509803921568,debris_rock
93,184,133,-11.960784313725489,clean_glacier_ice
93,185,91,-16.07843137254902,regular_glacier_ice
93,186,72,-17.941176470588236,deep_glacier_ice
93,187,79,-17.254901960784313,deep_glacier_ice
93,188,107,-14.509803921568627,regular_glacier_ice
93,189,130,-12.254901960784315,clean_glacier_ice
93,190,126,-12.647058823529411,regular_glacier_ice
93,191,170,-8.333333333333336,mixed_snow_ice
93,192,202,-5.196078431372548,debris_rock
93,193,189,-6.470588235294116,debris_rock
93,194,204,-5.0,debris_rock
93,195,220,-3.4313725490196063,debris_rock
93,196,240,-1.4705882352941195,debris_rock
93,197,242,-1.2745098039215712,debris_rock
93,198,227,-2.745098039215687,debris_rock
93,199,208,-4.607843137254903,debris_rock
93,200,197,-5.686274509803919,debris_rock
93,201,194,-5.980392156862745,debris_rock
93,202,193,-6.078431372549019,debris_rock
93,203,187,-6.666666666666668,debris_rock
93,204,151,-10.196078431372548,clean_glacier_ice
93,205,141,-11.176470588235293,clean_glacier_ice
93,206,146,-10.686274509803923,clean_glacier_ice
93,207,111,-14.117647058823529,regular_glacier_ice
93,208,141,-11.176470588235293,clean_glacier_ice
93,209,138,-11.470588235294118,clean_glacier_ice
93,210,128,-12.450980392156863,regular_glacier_ice
93,211,106,-14.607843137254902,regular_glacier_ice
93,212,142,-11.07843137254902,clean_glacier_ice
93,213,157,-9.607843137254902,clean_glacier_ice
93,214,132,-12.058823529411763,clean_glacier_ice
93,215,145,-10.784313725490197,clean_glacier_ice
93,219,156,-9.705882352941176,clean_glacier_ice
94,2,116,-13.627450980392156,regular_glacier_ice
94,3,103,-14.901960784313726,regular_glacier_ice
94,4,127,-12.549019607843137,regular_glacier_ice
94,5,161,-9.215686274509805,clean_glacier_ice
94,6,151,-10.196078431372548,clean_glacier_ice
94,7,152,-10.098039215686274,clean_glacier_ice
94,8,198,-5.588235294117645,debris_rock
94,9,200,-5.392156862745097,debris_rock
94,10,213,-4.117647058823529,debris_rock
94,11,198,-5.588235294117645,debris_rock
94,12,196,-5.784313725490193,debris_rock
94,13,198,-5.588235294117645,debris_rock
94,14,179,-7.450980392156865,mixed_snow_ice
94,15,208,-4.607843137254903,debris_rock
94,16,179,-7.450980392156865,mixed_snow_ice
94,17,144,-10.882352941176471,clean_glacier_ice
94,18,175,-7.843137254901961,mixed_snow_ice
94,19,190,-6.372549019607842,debris_rock
94,20,220,-3.4313725490196063,debris_rock
94,21,200,-5.392156862745097,debris_rock
94,22,187,-6.666666666666668,debris_rock
94,23,168,-8.529411764705884,mixed_snow_ice
94,24,184,-6.96078431372549,mixed_snow_ice
94,25,206,-4.803921568627452,debris_rock
94,26,181,-7.254901960784313,mixed_snow_ice
94,27,200,-5.392156862745097,debris_rock
94,28,192,-6.1764705882352935,debris_rock
94,29,172,-8.137254901960784,mixed_snow_ice
94,30,178,-7.549019607843139,mixed_snow_ice
94,31,215,-3.9215686274509807,debris_rock
94,32,179,-7.450980392156865,mixed_snow_ice
94,33,111,-14.117647058823529,regular_glacier_ice
94,34,181,-7.254901960784313,mixed_snow_ice
94,37,238,-1.6666666666666679,debris_rock
94,38,144,-10.882352941176471,clean_glacier_ice
94,39,191,-6.274509803921568,debris_rock
94,40,173,-8.03921568627451,mixed_snow_ice
94,41,185,-6.862745098039216,mixed_snow_ice
94,42,113,-13.92156862745098,regular_glacier_ice
94,43,220,-3.4313725490196063,debris_rock
94,44,148,-10.49019607843137,clean_glacier_ice
94,45,255,0.0,debris_rock
94,46,149,-10.392156862745097,clean_glacier_ice
94,47,116,-13.627450980392156,regular_glacier_ice
94,48,185,-6.862745098039216,mixed_snow_ice
94,49,140,-11.274509803921568,clean_glacier_ice
94,50,152,-10.098039215686274,clean_glacier_ice
94,51,167,-8.627450980392158,mixed_snow_ice
94,52,160,-9.313725490196079,clean_glacier_ice
94,53,134,-11.862745098039214,clean_glacier_ice
94,54,64,-18.725490196078432,deep_glacier_ice
94,55,68,-18.333333333333332,deep_glacier_ice
94,56,77,-17.450980392156865,deep_glacier_ice
94,57,118,-13.431372549019608,regular_glacier_ice
94,58,244,-1.0784313725490193,debris_rock
94,59,248,-0.6862745098039227,debris_rock
94,60,221,-3.333333333333332,debris_rock
94,61,179,-7.450980392156865,mixed_snow_ice
94,62,125,-12.745098039215687,regular_glacier_ice
94,63,131,-12.15686274509804,clean_glacier_ice
94,64,175,-7.843137254901961,mixed_snow_ice
94,65,253,-0.19607843137254832,debris_rock
94,66,206,-4.803921568627452,debris_rock
94,67,202,-5.196078431372548,debris_rock
94,68,179,-7.450980392156865,mixed_snow_ice
94,69,133,-11.960784313725489,clean_glacier_ice
94,70,139,-11.372549019607844,clean_glacier_ice
94,71,142,-11.07843137254902,clean_glacier_ice
94,72,147,-10.588235294117649,clean_glacier_ice
94,73,139,-11.372549019607844,clean_glacier_ice
94,74,113,-13.92156862745098,regular_glacier_ice
94,75,117,-13.529411764705882,regular_glacier_ice
94,76,132,-12.058823529411763,clean_glacier_ice
94,77,118,-13.431372549019608,regular_glacier_ice
94,78,113,-13.92156862745098,regular_glacier_ice
94,79,116,-13.627450980392156,regular_glacier_ice
94,80,113,-13.92156862745098,regular_glacier_ice
94,81,111,-14.117647058823529,regular_glacier_ice
94,82,117,-13.529411764705882,regular_glacier_ice
94,83,121,-13.137254901960786,regular_glacier_ice
94,84,118,-13.431372549019608,regular_glacier_ice
94,85,116,-13.627450980392156,regular_glacier_ice
94,86,111,-14.117647058823529,regular_glacier_ice
94,87,96,-15.588235294117647,regular_glacier_ice
94,88,119,-13.333333333333334,regular_glacier_ice
94,89,158,-9.509803921568627,clean_glacier_ice
94,90,171,-8.235294117647062,mixed_snow_ice
94,91,200,-5.392156862745097,debris_rock
94,92,183,-7.0588235294117645,mixed_snow_ice
94,93,177,-7.647058823529413,mixed_snow_ice
94,94,218,-3.627450980392158,debris_rock
94,95,183,-7.0588235294117645,mixed_snow_ice
94,96,159,-9.411764705882353,clean_glacier_ice
94,97,186,-6.764705882352942,debris_rock
94,98,175,-7.843137254901961,mixed_snow_ice
94,99,146,-10.686274509803923,clean_glacier_ice
94,100,172,-8.137254901960784,mixed_snow_ice
94,101,180,-7.352941176470587,mixed_snow_ice
94,102,150,-10.294117647058822,clean_glacier_ice
94,103,170,-8.333333333333336,mixed_snow_ice
94,104,142,-11.07843137254902,clean_glacier_ice
94,105,172,-8.137254901960784,mixed_snow_ice
94,106,208,-4.607843137254903,debris_rock
94,107,206,-4.803921568627452,debris_rock
94,108,227,-2.745098039215687,debris_rock
94,109,209,-4.509803921568629,debris_rock
94,110,209,-4.509803921568629,debris_rock
94,111,183,-7.0588235294117645,mixed_snow_ice
94,112,173,-8.03921568627451,mixed_snow_ice
94,113,192,-6.1764705882352935,debris_rock
94,114,195,-5.882352941176471,debris_rock
94,115,176,-7.745098039215687,mixed_snow_ice
94,116,205,-4.901960784313726,debris_rock
94,117,188,-6.56862745098039,debris_rock
94,118,166,-8.725490196078432,mixed_snow_ice
94,119,194,-5.980392156862745,debris_rock
94,120,234,-2.0588235294117645,debris_rock
94,121,181,-7.254901960784313,mixed_snow_ice
94,122,185,-6.862745098039216,mixed_snow_ice
94,123,200,-5.392156862745097,debris_rock
94,124,255,0.0,debris_rock
94,125,230,-2.450980392156861,debris_rock
94,126,123,-12.941176470588236,regular_glacier_ice
94,127,80,-17.15686274509804,deep_glacier_ice
94,128,86,-16.568627450980394,deep_glacier_ice
94,129,85,-16.666666666666668,deep_glacier_ice
94,130,83,-16.862745098039216,deep_glacier_ice
94,131,80,-17.15686274509804,deep_glacier_ice
94,132,97,-15.490196078431373,regular_glacier_ice
94,133,119,-13.333333333333334,regular_glacier_ice
94,134,142,-11.07843137254902,clean_glacier_ice
94,135,168,-8.529411764705884,mixed_snow_ice
94,136,231,-2.352941176470587,debris_rock
94,137,254,-0.09803921568627416,debris_rock
94,138,236,-1.8627450980392162,debris_rock
94,139,213,-4.117647058823529,debris_rock
94,140,181,-7.254901960784313,mixed_snow_ice
94,141,172,-8.137254901960784,mixed_snow_ice
94,142,191,-6.274509803921568,debris_rock
94,143,241,-1.3725490196078454,debris_rock
94,144,227,-2.745098039215687,debris_rock
94,145,216,-3.8235294117647065,debris_rock
94,146,200,-5.392156862745097,debris_rock
94,147,117,-13.529411764705882,regular_glacier_ice
94,148,147,-10.588235294117649,clean_glacier_ice
94,149,140,-11.274509803921568,clean_glacier_ice
94,150,121,-13.137254901960786,regular_glacier_ice
94,151,108,-14.411764705882353,regular_glacier_ice
94,152,152,-10.098039215686274,clean_glacier_ice
94,153,93,-15.882352941176471,regular_glacier_ice
94,154,129,-12.352941176470589,regular_glacier_ice
94,155,140,-11.274509803921568,clean_glacier_ice
94,156,96,-15.588235294117647,regular_glacier_ice
94,157,126,-12.647058823529411,regular_glacier_ice
94,161,163,-9.019607843137257,clean_glacier_ice
94,167,92,-15.980392156862745,regular_glacier_ice
94,168,122,-13.03921568627451,regular_glacier_ice
94,169,119,-13.333333333333334,regular_glacier_ice
94,170,148,-10.49019607843137,clean_glacier_ice
94,171,175,-7.843137254901961,mixed_snow_ice
94,172,188,-6.56862745098039,debris_rock
94,173,196,-5.784313725490193,debris_rock
94,174,193,-6.078431372549019,debris_rock
94,175,205,-4.901960784313726,debris_rock
94,176,205,-4.901960784313726,debris_rock
94,177,186,-6.764705882352942,debris_rock
94,178,178,-7.549019607843139,mixed_snow_ice
94,179,193,-6.078431372549019,debris_rock
94,180,198,-5.588235294117645,debris_rock
94,181,179,-7.450980392156865,mixed_snow_ice
94,182,178,-7.549019607843139,mixed_snow_ice
94,183,181,-7.254901960784313,mixed_snow_ice
94,184,184,-6.96078431372549,mixed_snow_ice
94,185,194,-5.980392156862745,debris_rock
94,186,207,-4.7058823529411775,debris_rock
94,187,178,-7.549019607843139,mixed_snow_ice
94,188,187,-6.666666666666668,debris_rock
94,189,188,-6.56862745098039,debris_rock
94,190,198,-5.588235294117645,debris_rock
94,191,217,-3.7254901960784323,debris_rock
94,192,169,-8.43137254901961,mixed_snow_ice
94,193,170,-8.333333333333336,mixed_snow_ice
94,194,193,-6.078431372549019,debris_rock
94,195,161,-9.215686274509805,clean_glacier_ice
94,196,200,-5.392156862745097,debris_rock
94,197,177,-7.647058823529413,mixed_snow_ice
94,198,130,-12.254901960784315,clean_glacier_ice
94,199,184,-6.96078431372549,mixed_snow_ice
94,202,207,-4.7058823529411775,debris_rock
94,203,189,-6.470588235294116,debris_rock
94,204,155,-9.803921568627452,clean_glacier_ice
94,205,172,-8.137254901960784,mixed_snow_ice
94,206,157,-9.607843137254902,clean_glacier_ice
94,207,168,-8.529411764705884,mixed_snow_ice
94,208,168,-8.529411764705884,mixed_snow_ice
94,209,190,-6.372549019607842,debris_rock
94,210,227,-2.745098039215687,debris_rock
94,211,220,-3.4313725490196063,debris_rock
94,212,166,-8.725490196078432,mixed_snow_ice
94,213,215,-3.9215686274509807,debris_rock
94,214,193,-6.078431372549019,debris_rock
94,215,191,-6.274509803921568,debris_rock
94,216,176,-7.745098039215687,mixed_snow_ice
94,217,156,-9.705882352941176,clean_glacier_ice
94,218,154,-9.901960784313726,clean_glacier_ice
94,219,105,-14.705882352941178,regular_glacier_ice
94,220,50,-20.098039215686274,deep_glacier_ice
94,221,57,-19.41176470588235,deep_glacier_ice
94,222,190,-6.372549019607842,debris_rock
95,0,255,0.0,debris_rock
95,1,253,-0.19607843137254832,debris_rock
95,2,198,-5.588235294117645,debris_rock
95,3,186,-6.764705882352942,debris_rock
95,4,140,-11.274509803921568,clean_glacier_ice
95,5,116,-13.627450980392156,regular_glacier_ice
95,6,113,-13.92156862745098,regular_glacier_ice
95,7,191,-6.274509803921568,debris_rock
95,8,221,-3.333333333333332,debris_rock
95,9,192,-6.1764705882352935,debris_rock
95,10,212,-4.215686274509803,debris_rock
95,11,167,-8.627450980392158,mixed_snow_ice
95,12,125,-12.745098039215687,regular_glacier_ice
95,13,115,-13.72549019607843,regular_glacier_ice
95,14,132,-12.058823529411763,clean_glacier_ice
95,15,158,-9.509803921568627,clean_glacier_ice
95,16,121,-13.137254901960786,regular_glacier_ice
95,17,112,-14.019607843137255,regular_glacier_ice
95,18,106,-14.607843137254902,regular_glacier_ice
95,19,141,-11.176470588235293,clean_glacier_ice
95,20,122,-13.03921568627451,regular_glacier_ice
95,21,117,-13.529411764705882,regular_glacier_ice
95,22,106,-14.607843137254902,regular_glacier_ice
95,23,123,-12.941176470588236,regular_glacier_ice
95,24,109,-14.313725490196079,regular_glacier_ice
95,25,102,-15.0,regular_glacier_ice
95,26,106,-14.607843137254902,regular_glacier_ice
95,27,120,-13.23529411764706,regular_glacier_ice
95,28,96,-15.588235294117647,regular_glacier_ice
95,29,99,-15.294117647058822,regular_glacier_ice
95,30,90,-16.176470588235293,regular_glacier_ice
95,31,118,-13.431372549019608,regular_glacier_ice
95,32,165,-8.823529411764707,clean_glacier_ice
95,33,163,-9.019607843137257,clean_glacier_ice
95,34,190,-6.372549019607842,debris_rock
95,35,177,-7.647058823529413,mixed_snow_ice
95,36,199,-5.490196078431371,debris_rock
95,37,229,-2.5490196078431353,debris_rock
95,38,160,-9.313725490196079,clean_glacier_ice
95,39,161,-9.215686274509805,clean_glacier_ice
95,40,168,-8.529411764705884,mixed_snow_ice
95,41,204,-5.0,debris_rock
95,42,197,-5.686274509803919,debris_rock
95,43,172,-8.137254901960784,mixed_snow_ice
95,44,192,-6.1764705882352935,debris_rock
95,45,182,-7.156862745098039,mixed_snow_ice
95,46,196,-5.784313725490193,debris_rock
95,47,238,-1.6666666666666679,debris_rock
95,48,215,-3.9215686274509807,debris_rock
95,49,214,-4.019607843137255,debris_rock
95,50,156,-9.705882352941176,clean_glacier_ice
95,51,243,-1.176470588235297,debris_rock
95,52,254,-0.09803921568627416,debris_rock
95,53,187,-6.666666666666668,debris_rock
95,54,188,-6.56862745098039,debris_rock
95,55,172,-8.137254901960784,mixed_snow_ice
95,56,169,-8.43137254901961,mixed_snow_ice
95,57,169,-8.43137254901961,mixed_snow_ice
95,58,177,-7.647058823529413,mixed_snow_ice
95,59,176,-7.745098039215687,mixed_snow_ice
95,60,217,-3.7254901960784323,debris_rock
95,61,225,-2.9411764705882355,debris_rock
95,62,218,-3.627450980392158,debris_rock
95,63,152,-10.098039215686274,clean_glacier_ice
95,64,190,-6.372549019607842,debris_rock
95,65,194,-5.980392156862745,debris_rock
95,66,255,0.0,debris_rock
95,67,212,-4.215686274509803,debris_rock
95,68,177,-7.647058823529413,mixed_snow_ice
95,69,123,-12.941176470588236,regular_glacier_ice
95,70,127,-12.549019607843137,regular_glacier_ice
95,71,105,-14.705882352941178,regular_glacier_ice
95,72,110,-14.215686274509803,regular_glacier_ice
95,73,103,-14.901960784313726,regular_glacier_ice
95,74,73,-17.84313725490196,deep_glacier_ice
95,75,117,-13.529411764705882,regular_glacier_ice
95,76,134,-11.862745098039214,clean_glacier_ice
95,77,148,-10.49019607843137,clean_glacier_ice
95,78,199,-5.490196078431371,debris_rock
95,79,236,-1.8627450980392162,debris_rock
95,80,215,-3.9215686274509807,debris_rock
95,81,206,-4.803921568627452,debris_rock
95,82,203,-5.098039215686274,debris_rock
95,83,198,-5.588235294117645,debris_rock
95,84,233,-2.1568627450980387,debris_rock
95,85,237,-1.764705882352942,debris_rock
95,86,190,-6.372549019607842,debris_rock
95,87,175,-7.843137254901961,mixed_snow_ice
95,88,228,-2.6470588235294095,debris_rock
95,89,153,-10.0,clean_glacier_ice
95,90,132,-12.058823529411763,clean_glacier_ice
95,91,124,-12.843137254901961,regular_glacier_ice
95,92,129,-12.352941176470589,regular_glacier_ice
95,93,123,-12.941176470588236,regular_glacier_ice
95,94,126,-12.647058823529411,regular_glacier_ice
95,95,112,-14.019607843137255,regular_glacier_ice
95,96,101,-15.098039215686274,regular_glacier_ice
95,97,127,-12.549019607843137,regular_glacier_ice
95,98,102,-15.0,regular_glacier_ice
95,99,133,-11.960784313725489,clean_glacier_ice
95,102,188,-6.56862745098039,debris_rock
95,103,170,-8.333333333333336,mixed_snow_ice
95,104,190,-6.372549019607842,debris_rock
95,109,119,-13.333333333333334,regular_glacier_ice
95,110,115,-13.72549019607843,regular_glacier_ice
95,111,104,-14.803921568627452,regular_glacier_ice
95,112,114,-13.823529411764705,regular_glacier_ice
95,113,118,-13.431372549019608,regular_glacier_ice
95,114,187,-6.666666666666668,debris_rock
95,115,221,-3.333333333333332,debris_rock
95,116,211,-4.313725490196081,debris_rock
95,117,207,-4.7058823529411775,debris_rock
95,118,210,-4.411764705882355,debris_rock
95,119,169,-8.43137254901961,mixed_snow_ice
95,120,174,-7.9411764705882355,mixed_snow_ice
95,121,166,-8.725490196078432,mixed_snow_ice
95,122,189,-6.470588235294116,debris_rock
95,123,192,-6.1764705882352935,debris_rock
95,124,194,-5.980392156862745,debris_rock
95,125,161,-9.215686274509805,clean_glacier_ice
95,126,185,-6.862745098039216,mixed_snow_ice
95,127,193,-6.078431372549019,debris_rock
95,128,199,-5.490196078431371,debris_rock
95,129,180,-7.352941176470587,mixed_snow_ice
95,130,190,-6.372549019607842,debris_rock
95,131,177,-7.647058823529413,mixed_snow_ice
95,132,191,-6.274509803921568,debris_rock
95,133,200,-5.392156862745097,debris_rock
95,134,183,-7.0588235294117645,mixed_snow_ice
95,135,196,-5.784313725490193,debris_rock
95,136,203,-5.098039215686274,debris_rock
95,137,192,-6.1764705882352935,debris_rock
95,138,173,-8.03921568627451,mixed_snow_ice
95,139,164,-8.92156862745098,clean_glacier_ice
95,140,151,-10.196078431372548,clean_glacier_ice
95,141,155,-9.803921568627452,clean_glacier_ice
95,142,216,-3.8235294117647065,debris_rock
95,143,255,0.0,debris_rock
95,144,238,-1.6666666666666679,debris_rock
95,145,182,-7.156862745098039,mixed_snow_ice
95,146,167,-8.627450980392158,mixed_snow_ice
95,147,199,-5.490196078431371,debris_rock
95,148,175,-7.843137254901961,mixed_snow_ice
95,149,159,-9.411764705882353,clean_glacier_ice
95,150,174,-7.9411764705882355,mixed_snow_ice
95,151,194,-5.980392156862745,debris_rock
95,152,166,-8.725490196078432,mixed_snow_ice
95,153,118,-13.431372549019608,regular_glacier_ice
95,154,255,0.0,debris_rock
95,155,196,-5.784313725490193,debris_rock
95,156,185,-6.862745098039216,mixed_snow_ice
95,157,172,-8.137254901960784,mixed_snow_ice
95,158,169,-8.43137254901961,mixed_snow_ice
95,159,157,-9.607843137254902,clean_glacier_ice
95,160,167,-8.627450980392158,mixed_snow_ice
95,161,144,-10.882352941176471,clean_glacier_ice
95,162,125,-12.745098039215687,regular_glacier_ice
95,163,107,-14.509803921568627,regular_glacier_ice
95,164,200,-5.392156862745097,debris_rock
95,165,248,-0.6862745098039227,debris_rock
95,166,255,0.0,debris_rock
95,167,190,-6.372549019607842,debris_rock
95,168,197,-5.686274509803919,debris_rock
95,169,164,-8.92156862745098,clean_glacier_ice
95,170,154,-9.901960784313726,clean_glacier_ice
95,171,155,-9.803921568627452,clean_glacier_ice
95,172,160,-9.313725490196079,clean_glacier_ice
95,173,233,-2.1568627450980387,debris_rock
95,174,227,-2.745098039215687,debris_rock
95,175,212,-4.215686274509803,debris_rock
95,176,181,-7.254901960784313,mixed_snow_ice
95,177,127,-12.549019607843137,regular_glacier_ice
95,178,124,-12.843137254901961,regular_glacier_ice
95,179,144,-10.882352941176471,clean_glacier_ice
95,180,120,-13.23529411764706,regular_glacier_ice
95,181,113,-13.92156862745098,regular_glacier_ice
95,182,103,-14.901960784313726,regular_glacier_ice
95,183,131,-12.15686274509804,clean_glacier_ice
95,184,110,-14.215686274509803,regular_glacier_ice
95,185,121,-13.137254901960786,regular_glacier_ice
95,186,129,-12.352941176470589,regular_glacier_ice
95,187,121,-13.137254901960786,regular_glacier_ice
95,188,151,-10.196078431372548,clean_glacier_ice
95,189,116,-13.627450980392156,regular_glacier_ice
95,190,101,-15.098039215686274,regular_glacier_ice
95,191,104,-14.803921568627452,regular_glacier_ice
95,192,100,-15.196078431372548,regular_glacier_ice
95,193,116,-13.627450980392156,regular_glacier_ice
95,194,134,-11.862745098039214,clean_glacier_ice
95,195,96,-15.588235294117647,regular_glacier_ice
95,196,112,-14.019607843137255,regular_glacier_ice
95,197,138,-11.470588235294118,clean_glacier_ice
95,198,122,-13.03921568627451,regular_glacier_ice
95,199,189,-6.470588235294116,debris_rock
95,200,184,-6.96078431372549,mixed_snow_ice
95,201,183,-7.0588235294117645,mixed_snow_ice
95,202,203,-5.098039215686274,debris_rock
95,203,194,-5.980392156862745,debris_rock
95,204,186,-6.764705882352942,debris_rock
95,205,189,-6.470588235294116,debris_rock
95,206,216,-3.8235294117647065,debris_rock
95,207,151,-10.196078431372548,clean_glacier_ice
95,208,199,-5.490196078431371,debris_rock
95,209,186,-6.764705882352942,debris_rock
95,210,201,-5.2941176470588225,debris_rock
95,211,188,-6.56862745098039,debris_rock
95,212,230,-2.450980392156861,debris_rock
95,213,197,-5.686274509803919,debris_rock
95,214,144,-10.882352941176471,clean_glacier_ice
95,215,172,-8.137254901960784,mixed_snow_ice
95,216,255,0.0,debris_rock
95,217,219,-3.529411764705884,debris_rock
95,218,184,-6.96078431372549,mixed_snow_ice
95,219,158,-9.509803921568627,clean_glacier_ice
95,220,128,-12.450980392156863,regular_glacier_ice
95,221,165,-8.823529411764707,clean_glacier_ice
95,222,198,-5.588235294117645,debris_rock
96,0,247,-0.7843137254901968,debris_rock
96,1,228,-2.6470588235294095,debris_rock
96,2,225,-2.9411764705882355,debris_rock
96,3,217,-3.7254901960784323,debris_rock
96,4,185,-6.862745098039216,mixed_snow_ice
96,5,146,-10.686274509803923,clean_glacier_ice
96,6,188,-6.56862745098039,debris_rock
96,7,172,-8.137254901960784,mixed_snow_ice
96,8,207,-4.7058823529411775,debris_rock
96,9,204,-5.0,debris_rock
96,10,181,-7.254901960784313,mixed_snow_ice
96,11,227,-2.745098039215687,debris_rock
96,12,240,-1.4705882352941195,debris_rock
96,13,238,-1.6666666666666679,debris_rock
96,14,210,-4.411764705882355,debris_rock
96,15,138,-11.470588235294118,clean_glacier_ice
96,16,156,-9.705882352941176,clean_glacier_ice
96,17,95,-15.686274509803921,regular_glacier_ice
96,18,209,-4.509803921568629,debris_rock
96,19,255,0.0,debris_rock
96,20,255,0.0,debris_rock
96,21,254,-0.09803921568627416,debris_rock
96,22,220,-3.4313725490196063,debris_rock
96,23,208,-4.607843137254903,debris_rock
96,24,209,-4.509803921568629,debris_rock
96,25,209,-4.509803921568629,debris_rock
96,26,241,-1.3725490196078454,debris_rock
96,27,211,-4.313725490196081,debris_rock
96,28,213,-4.117647058823529,debris_rock
96,29,255,0.0,debris_rock
96,30,248,-0.6862745098039227,debris_rock
96,31,201,-5.2941176470588225,debris_rock
96,32,113,-13.92156862745098,regular_glacier_ice
96,33,126,-12.647058823529411,regular_glacier_ice
96,34,112,-14.019607843137255,regular_glacier_ice
96,35,144,-10.882352941176471,clean_glacier_ice
96,36,128,-12.450980392156863,regular_glacier_ice
96,37,107,-14.509803921568627,regular_glacier_ice
96,38,125,-12.745098039215687,regular_glacier_ice
96,39,121,-13.137254901960786,regular_glacier_ice
96,40,129,-12.352941176470589,regular_glacier_ice
96,41,111,-14.117647058823529,regular_glacier_ice
96,44,150,-10.294117647058822,clean_glacier_ice
96,45,200,-5.392156862745097,debris_rock
96,46,200,-5.392156862745097,debris_rock
96,47,188,-6.56862745098039,debris_rock
96,48,188,-6.56862745098039,debris_rock
96,50,247,-0.7843137254901968,debris_rock
96,51,160,-9.313725490196079,clean_glacier_ice
96,52,137,-11.568627450980392,clean_glacier_ice
96,53,78,-17.352941176470587,deep_glacier_ice
96,54,86,-16.568627450980394,deep_glacier_ice
96,55,151,-10.196078431372548,clean_glacier_ice
96,56,200,-5.392156862745097,debris_rock
96,57,231,-2.352941176470587,debris_rock
96,58,210,-4.411764705882355,debris_rock
96,59,195,-5.882352941176471,debris_rock
96,60,204,-5.0,debris_rock
96,61,165,-8.823529411764707,clean_glacier_ice
96,62,207,-4.7058823529411775,debris_rock
96,63,190,-6.372549019607842,debris_rock
96,64,170,-8.333333333333336,mixed_snow_ice
96,65,190,-6.372549019607842,debris_rock
96,66,202,-5.196078431372548,debris_rock
96,67,189,-6.470588235294116,debris_rock
96,68,199,-5.490196078431371,debris_rock
96,69,194,-5.980392156862745,debris_rock
96,70,187,-6.666666666666668,debris_rock
96,71,193,-6.078431372549019,debris_rock
96,72,200,-5.392156862745097,debris_rock
96,73,184,-6.96078431372549,mixed_snow_ice
96,74,192,-6.1764705882352935,debris_rock
96,75,200,-5.392156862745097,debris_rock
96,76,172,-8.137254901960784,mixed_snow_ice
96,77,192,-6.1764705882352935,debris_rock
96,78,196,-5.784313725490193,debris_rock
96,79,199,-5.490196078431371,debris_rock
96,80,157,-9.607843137254902,clean_glacier_ice
96,81,176,-7.745098039215687,mixed_snow_ice
96,82,151,-10.196078431372548,clean_glacier_ice
96,84,241,-1.3725490196078454,debris_rock
96,85,202,-5.196078431372548,debris_rock
96,86,220,-3.4313725490196063,debris_rock
96,87,92,-15.980392156862745,regular_glacier_ice
96,88,199,-5.490196078431371,debris_rock
96,89,204,-5.0,debris_rock
96,90,174,-7.9411764705882355,mixed_snow_ice
96,91,204,-5.0,debris_rock
96,92,193,-6.078431372549019,debris_rock
96,93,190,-6.372549019607842,debris_rock
96,94,175,-7.843137254901961,mixed_snow_ice
96,95,198,-5.588235294117645,debris_rock
96,96,175,-7.843137254901961,mixed_snow_ice
96,97,251,-0.3921568627451002,debris_rock
96,98,211,-4.313725490196081,debris_rock
96,99,187,-6.666666666666668,debris_rock
96,100,179,-7.450980392156865,mixed_snow_ice
96,101,164,-8.92156862745098,clean_glacier_ice
96,102,162,-9.11764705882353,clean_glacier_ice
96,103,182,-7.156862745098039,mixed_snow_ice
96,104,165,-8.823529411764707,clean_glacier_ice
96,105,81,-17.058823529411764,deep_glacier_ice
96,106,142,-11.07843137254902,clean_glacier_ice
96,107,235,-1.9607843137254903,debris_rock
96,108,243,-1.176470588235297,debris_rock
96,109,200,-5.392156862745097,debris_rock
96,110,197,-5.686274509803919,debris_rock
96,111,142,-11.07843137254902,clean_glacier_ice
96,112,175,-7.843137254901961,mixed_snow_ice
96,113,146,-10.686274509803923,clean_glacier_ice
96,114,143,-10.980392156862745,clean_glacier_ice
96,115,194,-5.980392156862745,debris_rock
96,116,233,-2.1568627450980387,debris_rock
96,117,204,-5.0,debris_rock
96,118,197,-5.686274509803919,debris_rock
96,119,167,-8.627450980392158,mixed_snow_ice
96,120,117,-13.529411764705882,regular_glacier_ice
96,121,126,-12.647058823529411,regular_glacier_ice
96,122,78,-17.352941176470587,deep_glacier_ice
96,123,122,-13.03921568627451,regular_glacier_ice
96,124,109,-14.313725490196079,regular_glacier_ice
96,125,119,-13.333333333333334,regular_glacier_ice
96,126,123,-12.941176470588236,regular_glacier_ice
96,127,127,-12.549019607843137,regular_glacier_ice
96,128,115,-13.72549019607843,regular_glacier_ice
96,129,125,-12.745098039215687,regular_glacier_ice
96,130,121,-13.137254901960786,regular_glacier_ice
96,131,146,-10.686274509803923,clean_glacier_ice
96,132,124,-12.843137254901961,regular_glacier_ice
96,133,122,-13.03921568627451,regular_glacier_ice
96,134,89,-16.274509803921568,regular_glacier_ice
96,135,124,-12.843137254901961,regular_glacier_ice
96,136,112,-14.019607843137255,regular_glacier_ice
96,137,148,-10.49019607843137,clean_glacier_ice
96,138,80,-17.15686274509804,deep_glacier_ice
96,139,128,-12.450980392156863,regular_glacier_ice
96,140,128,-12.450980392156863,regular_glacier_ice
96,141,140,-11.274509803921568,clean_glacier_ice
96,142,198,-5.588235294117645,debris_rock
96,143,172,-8.137254901960784,mixed_snow_ice
96,144,201,-5.2941176470588225,debris_rock
96,145,196,-5.784313725490193,debris_rock
96,146,168,-8.529411764705884,mixed_snow_ice
96,147,183,-7.0588235294117645,mixed_snow_ice
96,148,151,-10.196078431372548,clean_glacier_ice
96,149,156,-9.705882352941176,clean_glacier_ice
96,150,193,-6.078431372549019,debris_rock
96,151,177,-7.647058823529413,mixed_snow_ice
96,152,190,-6.372549019607842,debris_rock
96,153,167,-8.627450980392158,mixed_snow_ice
96,154,188,-6.56862745098039,debris_rock
96,155,178,-7.549019607843139,mixed_snow_ice
96,156,232,-2.254901960784313,debris_rock
96,157,203,-5.098039215686274,debris_rock
96,158,185,-6.862745098039216,mixed_snow_ice
96,159,171,-8.235294117647062,mixed_snow_ice
96,160,159,-9.411764705882353,clean_glacier_ice
96,161,182,-7.156862745098039,mixed_snow_ice
96,162,161,-9.215686274509805,clean_glacier_ice
96,163,227,-2.745098039215687,debris_rock
96,164,255,0.0,debris_rock
96,165,247,-0.7843137254901968,debris_rock
96,166,196,-5.784313725490193,debris_rock
96,167,135,-11.76470588235294,clean_glacier_ice
96,168,155,-9.803921568627452,clean_glacier_ice
96,169,163,-9.019607843137257,clean_glacier_ice
96,170,131,-12.15686274509804,clean_glacier_ice
96,171,158,-9.509803921568627,clean_glacier_ice
96,172,168,-8.529411764705884,mixed_snow_ice
96,173,255,0.0,debris_rock
96,174,207,-4.7058823529411775,debris_rock
96,175,225,-2.9411764705882355,debris_rock
96,176,214,-4.019607843137255,debris_rock
96,177,184,-6.96078431372549,mixed_snow_ice
96,178,185,-6.862745098039216,mixed_snow_ice
96,179,202,-5.196078431372548,debris_rock
96,180,219,-3.529411764705884,debris_rock
96,181,149,-10.392156862745097,clean_glacier_ice
96,182,142,-11.07843137254902,clean_glacier_ice
96,183,242,-1.2745098039215712,debris_rock
96,184,238,-1.6666666666666679,debris_rock
96,185,194,-5.980392156862745,debris_rock
96,186,142,-11.07843137254902,clean_glacier_ice
96,187,132,-12.058823529411763,clean_glacier_ice
96,188,129,-12.352941176470589,regular_glacier_ice
96,189,123,-12.941176470588236,regular_glacier_ice
96,190,139,-11.372549019607844,clean_glacier_ice
96,191,192,-6.1764705882352935,debris_rock
96,192,232,-2.254901960784313,debris_rock
96,193,252,-0.2941176470588225,debris_rock
96,194,235,-1.9607843137254903,debris_rock
96,195,200,-5.392156862745097,debris_rock
96,196,222,-3.235294117647058,debris_rock
96,197,163,-9.019607843137257,clean_glacier_ice
96,198,143,-10.980392156862745,clean_glacier_ice
96,199,128,-12.450980392156863,regular_glacier_ice
96,200,142,-11.07843137254902,clean_glacier_ice
96,201,147,-10.588235294117649,clean_glacier_ice
96,202,97,-15.490196078431373,regular_glacier_ice
96,203,118,-13.431372549019608,regular_glacier_ice
96,204,122,-13.03921568627451,regular_glacier_ice
96,205,119,-13.333333333333334,regular_glacier_ice
96,206,132,-12.058823529411763,clean_glacier_ice
96,209,210,-4.411764705882355,debris_rock
96,210,209,-4.509803921568629,debris_rock
96,211,193,-6.078431372549019,debris_rock
96,212,222,-3.235294117647058,debris_rock
96,213,246,-0.882352941176471,debris_rock
96,214,167,-8.627450980392158,mixed_snow_ice
96,215,224,-3.0392156862745097,debris_rock
96,216,200,-5.392156862745097,debris_rock
96,217,187,-6.666666666666668,debris_rock
96,218,152,-10.098039215686274,clean_glacier_ice
96,219,90,-16.176470588235293,regular_glacier_ice
96,220,126,-12.647058823529411,regular_glacier_ice
96,221,213,-4.117647058823529,debris_rock
96,222,232,-2.254901960784313,debris_rock
97,0,213,-4.117647058823529,debris_rock
97,1,199,-5.490196078431371,debris_rock
97,2,201,-5.2941176470588225,debris_rock
97,3,218,-3.627450980392158,debris_rock
97,4,162,-9.11764705882353,clean_glacier_ice
97,5,192,-6.1764705882352935,debris_rock
97,6,176,-7.745098039215687,mixed_snow_ice
97,7,201,-5.2941176470588225,debris_rock
97,8,141,-11.176470588235293,clean_glacier_ice
97,9,180,-7.352941176470587,mixed_snow_ice
97,10,181,-7.254901960784313,mixed_snow_ice
97,11,195,-5.882352941176471,debris_rock
97,12,199,-5.490196078431371,debris_rock
97,13,208,-4.607843137254903,debris_rock
97,14,198,-5.588235294117645,debris_rock
97,15,190,-6.372549019607842,debris_rock
97,16,202,-5.196078431372548,debris_rock
97,17,219,-3.529411764705884,debris_rock
97,18,200,-5.392156862745097,debris_rock
97,19,177,-7.647058823529413,mixed_snow_ice
97,20,205,-4.901960784313726,debris_rock
97,21,183,-7.0588235294117645,mixed_snow_ice
97,22,201,-5.2941176470588225,debris_rock
97,23,195,-5.882352941176471,debris_rock
97,24,127,-12.549019607843137,regular_glacier_ice
97,27,144,-10.882352941176471,clean_glacier_ice
97,28,149,-10.392156862745097,clean_glacier_ice
97,29,112,-14.019607843137255,regular_glacier_ice
97,30,191,-6.274509803921568,debris_rock
97,31,218,-3.627450980392158,debris_rock
97,32,186,-6.764705882352942,debris_rock
97,33,188,-6.56862745098039,debris_rock
97,34,180,-7.352941176470587,mixed_snow_ice
97,35,187,-6.666666666666668,debris_rock
97,36,210,-4.411764705882355,debris_rock
97,37,207,-4.7058823529411775,debris_rock
97,38,196,-5.784313725490193,debris_rock
97,39,173,-8.03921568627451,mixed_snow_ice
97,40,172,-8.137254901960784,mixed_snow_ice
97,41,190,-6.372549019607842,debris_rock
97,42,211,-4.313725490196081,debris_rock
97,43,174,-7.9411764705882355,mixed_snow_ice
97,44,179,-7.450980392156865,mixed_snow_ice
97,45,176,-7.745098039215687,mixed_snow_ice
97,46,153,-10.0,clean_glacier_ice
97,47,113,-13.92156862745098,regular_glacier_ice
97,48,70,-18.137254901960784,deep_glacier_ice
97,49,207,-4.7058823529411775,debris_rock
97,50,235,-1.9607843137254903,debris_rock
97,51,211,-4.313725490196081,debris_rock
97,52,209,-4.509803921568629,debris_rock
97,53,187,-6.666666666666668,debris_rock
97,54,163,-9.019607843137257,clean_glacier_ice
97,55,153,-10.0,clean_glacier_ice
97,56,155,-9.803921568627452,clean_glacier_ice
97,57,143,-10.980392156862745,clean_glacier_ice
97,58,185,-6.862745098039216,mixed_snow_ice
97,59,229,-2.5490196078431353,debris_rock
97,60,211,-4.313725490196081,debris_rock
97,61,183,-7.0588235294117645,mixed_snow_ice
97,62,131,-12.15686274509804,clean_glacier_ice
97,63,116,-13.627450980392156,regular_glacier_ice
97,64,133,-11.960784313725489,clean_glacier_ice
97,65,125,-12.745098039215687,regular_glacier_ice
97,66,133,-11.960784313725489,clean_glacier_ice
97,67,120,-13.23529411764706,regular_glacier_ice
97,68,103,-14.901960784313726,regular_glacier_ice
97,69,127,-12.549019607843137,regular_glacier_ice
97,70,95,-15.686274509803921,regular_glacier_ice
97,71,145,-10.784313725490197,clean_glacier_ice
97,72,114,-13.823529411764705,regular_glacier_ice
97,73,106,-14.607843137254902,regular_glacier_ice
97,74,112,-14.019607843137255,regular_glacier_ice
97,75,91,-16.07843137254902,regular_glacier_ice
97,76,95,-15.686274509803921,regular_glacier_ice
97,77,116,-13.627450980392156,regular_glacier_ice
97,78,92,-15.980392156862745,regular_glacier_ice
97,79,99,-15.294117647058822,regular_glacier_ice
97,80,58,-19.313725490196077,deep_glacier_ice
97,81,124,-12.843137254901961,regular_glacier_ice
97,82,113,-13.92156862745098,regular_glacier_ice
97,83,124,-12.843137254901961,regular_glacier_ice
97,84,178,-7.549019607843139,mixed_snow_ice
97,85,177,-7.647058823529413,mixed_snow_ice
97,86,192,-6.1764705882352935,debris_rock
97,87,230,-2.450980392156861,debris_rock
97,88,195,-5.882352941176471,debris_rock
97,89,188,-6.56862745098039,debris_rock
97,90,199,-5.490196078431371,debris_rock
97,91,181,-7.254901960784313,mixed_snow_ice
97,92,179,-7.450980392156865,mixed_snow_ice
97,93,182,-7.156862745098039,mixed_snow_ice
97,94,177,-7.647058823529413,mixed_snow_ice
97,95,161,-9.215686274509805,clean_glacier_ice
97,96,165,-8.823529411764707,clean_glacier_ice
97,97,188,-6.56862745098039,debris_rock
97,98,179,-7.450980392156865,mixed_snow_ice
97,99,176,-7.745098039215687,mixed_snow_ice
97,100,175,-7.843137254901961,mixed_snow_ice
97,101,198,-5.588235294117645,debris_rock
97,102,196,-5.784313725490193,debris_rock
97,103,180,-7.352941176470587,mixed_snow_ice
97,104,156,-9.705882352941176,clean_glacier_ice
97,105,229,-2.5490196078431353,debris_rock
97,106,255,0.0,debris_rock
97,107,150,-10.294117647058822,clean_glacier_ice
97,108,116,-13.627450980392156,regular_glacier_ice
97,109,134,-11.862745098039214,clean_glacier_ice
97,110,120,-13.23529411764706,regular_glacier_ice
97,111,154,-9.901960784313726,clean_glacier_ice
97,112,109,-14.313725490196079,regular_glacier_ice
97,113,150,-10.294117647058822,clean_glacier_ice
97,114,231,-2.352941176470587,debris_rock
97,115,255,0.0,debris_rock
97,116,241,-1.3725490196078454,debris_rock
97,117,253,-0.19607843137254832,debris_rock
97,118,255,0.0,debris_rock
97,119,185,-6.862745098039216,mixed_snow_ice
97,120,144,-10.882352941176471,clean_glacier_ice
97,121,118,-13.431372549019608,regular_glacier_ice
97,122,207,-4.7058823529411775,debris_rock
97,123,226,-2.8431372549019613,debris_rock
97,124,223,-3.137254901960784,debris_rock
97,125,218,-3.627450980392158,debris_rock
97,126,212,-4.215686274509803,debris_rock
97,127,217,-3.7254901960784323,debris_rock
97,128,217,-3.7254901960784323,debris_rock
97,129,201,-5.2941176470588225,debris_rock
97,130,197,-5.686274509803919,debris_rock
97,131,202,-5.196078431372548,debris_rock
97,132,206,-4.803921568627452,debris_rock
97,133,195,-5.882352941176471,debris_rock
97,134,188,-6.56862745098039,debris_rock
97,135,153,-10.0,clean_glacier_ice
97,136,113,-13.92156862745098,regular_glacier_ice
97,137,176,-7.745098039215687,mixed_snow_ice
97,138,210,-4.411764705882355,debris_rock
97,139,184,-6.96078431372549,mixed_snow_ice
97,140,127,-12.549019607843137,regular_glacier_ice
97,141,125,-12.745098039215687,regular_glacier_ice
97,142,124,-12.843137254901961,regular_glacier_ice
97,143,106,-14.607843137254902,regular_glacier_ice
97,144,126,-12.647058823529411,regular_glacier_ice
97,145,114,-13.823529411764705,regular_glacier_ice
97,146,121,-13.137254901960786,regular_glacier_ice
97,147,125,-12.745098039215687,regular_glacier_ice
97,148,86,-16.568627450980394,deep_glacier_ice
97,152,185,-6.862745098039216,mixed_snow_ice
97,153,164,-8.92156862745098,clean_glacier_ice
97,156,182,-7.156862745098039,mixed_snow_ice
97,157,173,-8.03921568627451,mixed_snow_ice
97,160,179,-7.450980392156865,mixed_snow_ice
97,161,87,-16.470588235294116,deep_glacier_ice
97,162,123,-12.941176470588236,regular_glacier_ice
97,163,219,-3.529411764705884,debris_rock
97,164,255,0.0,debris_rock
97,165,219,-3.529411764705884,debris_rock
97,166,209,-4.509803921568629,debris_rock
97,167,235,-1.9607843137254903,debris_rock
97,168,207,-4.7058823529411775,debris_rock
97,169,172,-8.137254901960784,mixed_snow_ice
97,170,214,-4.019607843137255,debris_rock
97,171,208,-4.607843137254903,debris_rock
97,172,208,-4.607843137254903,debris_rock
97,173,190,-6.372549019607842,debris_rock
97,174,181,-7.254901960784313,mixed_snow_ice
97,175,197,-5.686274509803919,debris_rock
97,176,215,-3.9215686274509807,debris_rock
97,177,194,-5.980392156862745,debris_rock
97,178,195,-5.882352941176471,debris_rock
97,179,220,-3.4313725490196063,debris_rock
97,180,198,-5.588235294117645,debris_rock
97,181,197,-5.686274509803919,debris_rock
97,182,199,-5.490196078431371,debris_rock
97,183,184,-6.96078431372549,mixed_snow_ice
97,184,203,-5.098039215686274,debris_rock
97,185,180,-7.352941176470587,mixed_snow_ice
97,186,179,-7.450980392156865,mixed_snow_ice
97,187,179,-7.450980392156865,mixed_snow_ice
97,188,205,-4.901960784313726,debris_rock
97,189,146,-10.686274509803923,clean_glacier_ice
97,191,236,-1.8627450980392162,debris_rock
97,192,193,-6.078431372549019,debris_rock
97,193,146,-10.686274509803923,clean_glacier_ice
97,194,174,-7.9411764705882355,mixed_snow_ice
97,195,213,-4.117647058823529,debris_rock
97,196,190,-6.372549019607842,debris_rock
97,197,152,-10.098039215686274,clean_glacier_ice
97,198,187,-6.666666666666668,debris_rock
97,199,183,-7.0588235294117645,mixed_snow_ice
97,200,183,-7.0588235294117645,mixed_snow_ice
97,201,202,-5.196078431372548,debris_rock
97,202,211,-4.313725490196081,debris_rock
97,203,207,-4.7058823529411775,debris_rock
97,204,198,-5.588235294117645,debris_rock
97,205,196,-5.784313725490193,debris_rock
97,206,189,-6.470588235294116,debris_rock
97,207,177,-7.647058823529413,mixed_snow_ice
97,208,187,-6.666666666666668,debris_rock
97,209,159,-9.411764705882353,clean_glacier_ice
97,210,168,-8.529411764705884,mixed_snow_ice
97,211,116,-13.627450980392156,regular_glacier_ice
97,212,112,-14.019607843137255,regular_glacier_ice
97,213,79,-17.254901960784313,deep_glacier_ice
97,214,159,-9.411764705882353,clean_glacier_ice
97,215,160,-9.313725490196079,clean_glacier_ice
97,216,145,-10.784313725490197,clean_glacier_ice
97,217,219,-3.529411764705884,debris_rock
97,218,230,-2.450980392156861,debris_rock
97,219,182,-7.156862745098039,mixed_snow_ice
97,220,153,-10.0,clean_glacier_ice
97,221,143,-10.980392156862745,clean_glacier_ice
97,222,160,-9.313725490196079,clean_glacier_ice
98,0,167,-8.627450980392158,mixed_snow_ice
98,1,232,-2.254901960784313,debris_rock
98,2,254,-0.09803921568627416,debris_rock
98,3,213,-4.117647058823529,debris_rock
98,4,169,-8.43137254901961,mixed_snow_ice
98,5,116,-13.627450980392156,regular_glacier_ice
98,6,121,-13.137254901960786,regular_glacier_ice
98,7,124,-12.843137254901961,regular_glacier_ice
98,8,121,-13.137254901960786,regular_glacier_ice
98,9,128,-12.450980392156863,regular_glacier_ice
98,10,121,-13.137254901960786,regular_glacier_ice
98,11,112,-14.019607843137255,regular_glacier_ice
98,12,107,-14.509803921568627,regular_glacier_ice
98,13,126,-12.647058823529411,regular_glacier_ice
98,14,118,-13.431372549019608,regular_glacier_ice
98,15,90,-16.176470588235293,regular_glacier_ice
98,16,106,-14.607843137254902,regular_glacier_ice
98,17,116,-13.627450980392156,regular_glacier_ice
98,18,120,-13.23529411764706,regular_glacier_ice
98,19,110,-14.215686274509803,regular_glacier_ice
98,20,119,-13.333333333333334,regular_glacier_ice
98,21,110,-14.215686274509803,regular_glacier_ice
98,22,96,-15.588235294117647,regular_glacier_ice
98,23,119,-13.333333333333334,regular_glacier_ice
98,24,99,-15.294117647058822,regular_glacier_ice
98,25,140,-11.274509803921568,clean_glacier_ice
98,26,110,-14.215686274509803,regular_glacier_ice
98,27,156,-9.705882352941176,clean_glacier_ice
98,28,198,-5.588235294117645,debris_rock
98,29,174,-7.9411764705882355,mixed_snow_ice
98,30,185,-6.862745098039216,mixed_snow_ice
98,31,184,-6.96078431372549,mixed_snow_ice
98,32,199,-5.490196078431371,debris_rock
98,33,175,-7.843137254901961,mixed_snow_ice
98,34,168,-8.529411764705884,mixed_snow_ice
98,35,194,-5.980392156862745,debris_rock
98,36,187,-6.666666666666668,debris_rock
98,37,185,-6.862745098039216,mixed_snow_ice
98,38,185,-6.862745098039216,mixed_snow_ice
98,39,160,-9.313725490196079,clean_glacier_ice
98,40,192,-6.1764705882352935,debris_rock
98,41,197,-5.686274509803919,debris_rock
98,42,192,-6.1764705882352935,debris_rock
98,43,208,-4.607843137254903,debris_rock
98,44,192,-6.1764705882352935,debris_rock
98,45,135,-11.76470588235294,clean_glacier_ice
98,46,151,-10.196078431372548,clean_glacier_ice
98,47,154,-9.901960784313726,clean_glacier_ice
98,48,135,-11.76470588235294,clean_glacier_ice
98,49,117,-13.529411764705882,regular_glacier_ice
98,50,209,-4.509803921568629,debris_rock
98,51,119,-13.333333333333334,regular_glacier_ice
98,52,113,-13.92156862745098,regular_glacier_ice
98,53,131,-12.15686274509804,clean_glacier_ice
98,54,169,-8.43137254901961,mixed_snow_ice
98,55,206,-4.803921568627452,debris_rock
98,56,215,-3.9215686274509807,debris_rock
98,57,222,-3.235294117647058,debris_rock
98,58,248,-0.6862745098039227,debris_rock
98,59,223,-3.137254901960784,debris_rock
98,60,225,-2.9411764705882355,debris_rock
98,61,230,-2.450980392156861,debris_rock
98,62,251,-0.3921568627451002,debris_rock
98,63,231,-2.352941176470587,debris_rock
98,64,209,-4.509803921568629,debris_rock
98,65,220,-3.4313725490196063,debris_rock
98,66,217,-3.7254901960784323,debris_rock
98,67,170,-8.333333333333336,mixed_snow_ice
98,68,193,-6.078431372549019,debris_rock
98,69,226,-2.8431372549019613,debris_rock
98,70,191,-6.274509803921568,debris_rock
98,71,170,-8.333333333333336,mixed_snow_ice
98,72,178,-7.549019607843139,mixed_snow_ice
98,73,184,-6.96078431372549,mixed_snow_ice
98,74,187,-6.666666666666668,debris_rock
98,75,177,-7.647058823529413,mixed_snow_ice
98,76,183,-7.0588235294117645,mixed_snow_ice
98,77,190,-6.372549019607842,debris_rock
98,78,190,-6.372549019607842,debris_rock
98,79,196,-5.784313725490193,debris_rock
98,80,219,-3.529411764705884,debris_rock
98,81,183,-7.0588235294117645,mixed_snow_ice
98,82,121,-13.137254901960786,regular_glacier_ice
98,83,105,-14.705882352941178,regular_glacier_ice
98,84,150,-10.294117647058822,clean_glacier_ice
98,85,143,-10.980392156862745,clean_glacier_ice
98,86,129,-12.352941176470589,regular_glacier_ice
98,87,115,-13.72549019607843,regular_glacier_ice
98,88,120,-13.23529411764706,regular_glacier_ice
98,89,128,-12.450980392156863,regular_glacier_ice
98,90,106,-14.607843137254902,regular_glacier_ice
98,97,201,-5.2941176470588225,debris_rock
98,98,160,-9.313725490196079,clean_glacier_ice
98,99,181,-7.254901960784313,mixed_snow_ice
98,100,197,-5.686274509803919,debris_rock
98,102,115,-13.72549019607843,regular_glacier_ice
98,103,166,-8.725490196078432,mixed_snow_ice
98,104,193,-6.078431372549019,debris_rock
98,105,255,0.0,debris_rock
98,106,236,-1.8627450980392162,debris_rock
98,107,132,-12.058823529411763,clean_glacier_ice
98,108,161,-9.215686274509805,clean_glacier_ice
98,109,214,-4.019607843137255,debris_rock
98,110,211,-4.313725490196081,debris_rock
98,111,184,-6.96078431372549,mixed_snow_ice
98,112,206,-4.803921568627452,debris_rock
98,113,203,-5.098039215686274,debris_rock
98,114,202,-5.196078431372548,debris_rock
98,115,189,-6.470588235294116,debris_rock
98,116,184,-6.96078431372549,mixed_snow_ice
98,117,205,-4.901960784313726,debris_rock
98,118,189,-6.470588235294116,debris_rock
98,119,225,-2.9411764705882355,debris_rock
98,120,217,-3.7254901960784323,debris_rock
98,121,189,-6.470588235294116,debris_rock
98,122,222,-3.235294117647058,debris_rock
98,123,213,-4.117647058823529,debris_rock
98,124,179,-7.450980392156865,mixed_snow_ice
98,125,189,-6.470588235294116,debris_rock
98,126,194,-5.980392156862745,debris_rock
98,127,201,-5.2941176470588225,debris_rock
98,128,180,-7.352941176470587,mixed_snow_ice
98,129,194,-5.980392156862745,debris_rock
98,130,203,-5.098039215686274,debris_rock
98,131,191,-6.274509803921568,debris_rock
98,132,172,-8.137254901960784,mixed_snow_ice
98,133,206,-4.803921568627452,debris_rock
98,134,187,-6.666666666666668,debris_rock
98,135,151,-10.196078431372548,clean_glacier_ice
98,136,218,-3.627450980392158,debris_rock
98,137,211,-4.313725490196081,debris_rock
98,138,161,-9.215686274509805,clean_glacier_ice
98,139,184,-6.96078431372549,mixed_snow_ice
98,140,180,-7.352941176470587,mixed_snow_ice
98,141,211,-4.313725490196081,debris_rock
98,142,212,-4.215686274509803,debris_rock
98,143,196,-5.784313725490193,debris_rock
98,144,233,-2.1568627450980387,debris_rock
98,145,204,-5.0,debris_rock
98,146,197,-5.686274509803919,debris_rock
98,147,209,-4.509803921568629,debris_rock
98,148,172,-8.137254901960784,mixed_snow_ice
98,149,192,-6.1764705882352935,debris_rock
98,150,171,-8.235294117647062,mixed_snow_ice
98,151,179,-7.450980392156865,mixed_snow_ice
98,152,203,-5.098039215686274,debris_rock
98,153,189,-6.470588235294116,debris_rock
98,154,91,-16.07843137254902,regular_glacier_ice
98,155,82,-16.96078431372549,deep_glacier_ice
98,156,111,-14.117647058823529,regular_glacier_ice
98,157,127,-12.549019607843137,regular_glacier_ice
98,158,158,-9.509803921568627,clean_glacier_ice
98,159,203,-5.098039215686274,debris_rock
98,160,209,-4.509803921568629,debris_rock
98,161,167,-8.627450980392158,mixed_snow_ice
98,162,135,-11.76470588235294,clean_glacier_ice
98,163,125,-12.745098039215687,regular_glacier_ice
98,164,98,-15.392156862745097,regular_glacier_ice
98,165,143,-10.980392156862745,clean_glacier_ice
98,166,188,-6.56862745098039,debris_rock
98,167,251,-0.3921568627451002,debris_rock
98,168,240,-1.4705882352941195,debris_rock
98,169,187,-6.666666666666668,debris_rock
98,170,131,-12.15686274509804,clean_glacier_ice
98,171,120,-13.23529411764706,regular_glacier_ice
98,172,125,-12.745098039215687,regular_glacier_ice
98,173,137,-11.568627450980392,clean_glacier_ice
98,174,110,-14.215686274509803,regular_glacier_ice
98,175,116,-13.627450980392156,regular_glacier_ice
98,176,140,-11.274509803921568,clean_glacier_ice
98,177,151,-10.196078431372548,clean_glacier_ice
98,178,113,-13.92156862745098,regular_glacier_ice
98,179,110,-14.215686274509803,regular_glacier_ice
98,180,131,-12.15686274509804,clean_glacier_ice
98,181,131,-12.15686274509804,clean_glacier_ice
98,182,128,-12.450980392156863,regular_glacier_ice
98,183,125,-12.745098039215687,regular_glacier_ice
98,184,123,-12.941176470588236,regular_glacier_ice
98,185,128,-12.450980392156863,regular_glacier_ice
98,186,107,-14.509803921568627,regular_glacier_ice
98,187,124,-12.843137254901961,regular_glacier_ice
98,188,118,-13.431372549019608,regular_glacier_ice
98,189,123,-12.941176470588236,regular_glacier_ice
98,190,119,-13.333333333333334,regular_glacier_ice
98,191,130,-12.254901960784315,clean_glacier_ice
98,192,145,-10.784313725490197,clean_glacier_ice
98,193,165,-8.823529411764707,clean_glacier_ice
98,194,167,-8.627450980392158,mixed_snow_ice
98,195,174,-7.9411764705882355,mixed_snow_ice
98,196,188,-6.56862745098039,debris_rock
98,197,194,-5.980392156862745,debris_rock
98,198,182,-7.156862745098039,mixed_snow_ice
98,199,169,-8.43137254901961,mixed_snow_ice
98,200,195,-5.882352941176471,debris_rock
98,201,193,-6.078431372549019,debris_rock
98,202,186,-6.764705882352942,debris_rock
98,203,189,-6.470588235294116,debris_rock
98,204,182,-7.156862745098039,mixed_snow_ice
98,205,186,-6.764705882352942,debris_rock
98,206,188,-6.56862745098039,debris_rock
98,207,176,-7.745098039215687,mixed_snow_ice
98,208,211,-4.313725490196081,debris_rock
98,209,134,-11.862745098039214,clean_glacier_ice
98,210,119,-13.333333333333334,regular_glacier_ice
98,211,123,-12.941176470588236,regular_glacier_ice
98,212,184,-6.96078431372549,mixed_snow_ice
98,213,170,-8.333333333333336,mixed_snow_ice
98,214,216,-3.8235294117647065,debris_rock
98,215,255,0.0,debris_rock
98,216,167,-8.627450980392158,mixed_snow_ice
98,217,137,-11.568627450980392,clean_glacier_ice
98,218,148,-10.49019607843137,clean_glacier_ice
98,219,208,-4.607843137254903,debris_rock
98,220,255,0.0,debris_rock
98,221,145,-10.784313725490197,clean_glacier_ice
98,222,188,-6.56862745098039,debris_rock
99,0,202,-5.196078431372548,debris_rock
99,1,177,-7.647058823529413,mixed_snow_ice
99,2,220,-3.4313725490196063,debris_rock
99,3,225,-2.9411764705882355,debris_rock
99,4,255,0.0,debris_rock
99,5,178,-7.549019607843139,mixed_snow_ice
99,6,216,-3.8235294117647065,debris_rock
99,7,250,-0.49019607843137436,debris_rock
99,8,227,-2.745098039215687,debris_rock
99,9,206,-4.803921568627452,debris_rock
99,10,210,-4.411764705882355,debris_rock
99,11,183,-7.0588235294117645,mixed_snow_ice
99,12,192,-6.1764705882352935,debris_rock
99,13,221,-3.333333333333332,debris_rock
99,14,209,-4.509803921568629,debris_rock
99,15,178,-7.549019607843139,mixed_snow_ice
99,16,201,-5.2941176470588225,debris_rock
99,17,185,-6.862745098039216,mixed_snow_ice
99,18,170,-8.333333333333336,mixed_snow_ice
99,19,174,-7.9411764705882355,mixed_snow_ice
99,20,187,-6.666666666666668,debris_rock
99,21,236,-1.8627450980392162,debris_rock
99,22,226,-2.8431372549019613,debris_rock
99,23,205,-4.901960784313726,debris_rock
99,24,148,-10.49019607843137,clean_glacier_ice
99,25,141,-11.176470588235293,clean_glacier_ice
99,26,129,-12.352941176470589,regular_glacier_ice
99,27,140,-11.274509803921568,clean_glacier_ice
99,28,129,-12.352941176470589,regular_glacier_ice
99,29,118,-13.431372549019608,regular_glacier_ice
99,30,110,-14.215686274509803,regular_glacier_ice
99,31,102,-15.0,regular_glacier_ice
99,32,112,-14.019607843137255,regular_glacier_ice
99,39,189,-6.470588235294116,debris_rock
99,40,170,-8.333333333333336,mixed_snow_ice
99,41,167,-8.627450980392158,mixed_snow_ice
99,42,197,-5.686274509803919,debris_rock
99,43,213,-4.117647058823529,debris_rock
99,44,132,-12.058823529411763,clean_glacier_ice
99,45,161,-9.215686274509805,clean_glacier_ice
99,46,255,0.0,debris_rock
99,47,251,-0.3921568627451002,debris_rock
99,48,124,-12.843137254901961,regular_glacier_ice
99,49,99,-15.294117647058822,regular_glacier_ice
99,50,190,-6.372549019607842,debris_rock
99,51,211,-4.313725490196081,debris_rock
99,52,187,-6.666666666666668,debris_rock
99,53,190,-6.372549019607842,debris_rock
99,54,184,-6.96078431372549,mixed_snow_ice
99,55,218,-3.627450980392158,debris_rock
99,56,220,-3.4313725490196063,debris_rock
99,57,201,-5.2941176470588225,debris_rock
99,58,196,-5.784313725490193,debris_rock
99,59,179,-7.450980392156865,mixed_snow_ice
99,60,196,-5.784313725490193,debris_rock
99,61,207,-4.7058823529411775,debris_rock
99,62,199,-5.490196078431371,debris_rock
99,63,194,-5.980392156862745,debris_rock
99,64,194,-5.980392156862745,debris_rock
99,65,181,-7.254901960784313,mixed_snow_ice
99,66,202,-5.196078431372548,debris_rock
99,67,195,-5.882352941176471,debris_rock
99,68,216,-3.8235294117647065,debris_rock
99,69,179,-7.450980392156865,mixed_snow_ice
99,70,200,-5.392156862745097,debris_rock
99,71,187,-6.666666666666668,debris_rock
99,72,189,-6.470588235294116,debris_rock
99,73,196,-5.784313725490193,debris_rock
99,74,189,-6.470588235294116,debris_rock
99,75,184,-6.96078431372549,mixed_snow_ice
99,76,181,-7.254901960784313,mixed_snow_ice
99,77,150,-10.294117647058822,clean_glacier_ice
99,78,208,-4.607843137254903,debris_rock
99,79,191,-6.274509803921568,debris_rock
99,80,187,-6.666666666666668,debris_rock
99,81,207,-4.7058823529411775,debris_rock
99,82,180,-7.352941176470587,mixed_snow_ice
99,83,181,-7.254901960784313,mixed_snow_ice
99,84,210,-4.411764705882355,debris_rock
99,85,208,-4.607843137254903,debris_rock
99,86,199,-5.490196078431371,debris_rock
99,87,170,-8.333333333333336,mixed_snow_ice
99,88,196,-5.784313725490193,debris_rock
99,89,217,-3.7254901960784323,debris_rock
99,90,199,-5.490196078431371,debris_rock
99,91,200,-5.392156862745097,debris_rock
99,92,181,-7.254901960784313,mixed_snow_ice
99,93,194,-5.980392156862745,debris_rock
99,94,157,-9.607843137254902,clean_glacier_ice
99,95,211,-4.313725490196081,debris_rock
99,96,162,-9.11764705882353,clean_glacier_ice
99,97,113,-13.92156862745098,regular_glacier_ice
99,98,118,-13.431372549019608,regular_glacier_ice
99,99,155,-9.803921568627452,clean_glacier_ice
99,100,150,-10.294117647058822,clean_glacier_ice
99,101,179,-7.450980392156865,mixed_snow_ice
99,102,172,-8.137254901960784,mixed_snow_ice
99,103,142,-11.07843137254902,clean_glacier_ice
99,104,106,-14.607843137254902,regular_glacier_ice
99,105,97,-15.490196078431373,regular_glacier_ice
99,106,72,-17.941176470588236,deep_glacier_ice
99,107,78,-17.352941176470587,deep_glacier_ice
99,108,39,-21.176470588235293,very_deep_glacier_ice
99,109,228,-2.6470588235294095,debris_rock
99,110,255,0.0,debris_rock
99,111,188,-6.56862745098039,debris_rock
99,112,183,-7.0588235294117645,mixed_snow_ice
99,113,140,-11.274509803921568,clean_glacier_ice
99,114,130,-12.254901960784315,clean_glacier_ice
99,115,117,-13.529411764705882,regular_glacier_ice
99,116,136,-11.666666666666666,clean_glacier_ice
99,117,145,-10.784313725490197,clean_glacier_ice
99,118,120,-13.23529411764706,regular_glacier_ice
99,119,105,-14.705882352941178,regular_glacier_ice
99,120,104,-14.803921568627452,regular_glacier_ice
99,121,122,-13.03921568627451,regular_glacier_ice
99,122,115,-13.72549019607843,regular_glacier_ice
99,123,108,-14.411764705882353,regular_glacier_ice
99,124,109,-14.313725490196079,regular_glacier_ice
99,125,131,-12.15686274509804,clean_glacier_ice
99,126,128,-12.450980392156863,regular_glacier_ice
99,127,125,-12.745098039215687,regular_glacier_ice
99,128,98,-15.392156862745097,regular_glacier_ice
99,129,135,-11.76470588235294,clean_glacier_ice
99,130,137,-11.568627450980392,clean_glacier_ice
99,131,128,-12.450980392156863,regular_glacier_ice
99,132,108,-14.411764705882353,regular_glacier_ice
99,133,133,-11.960784313725489,clean_glacier_ice
99,134,100,-15.196078431372548,regular_glacier_ice
99,135,193,-6.078431372549019,debris_rock
99,136,181,-7.254901960784313,mixed_snow_ice
99,137,174,-7.9411764705882355,mixed_snow_ice
99,138,173,-8.03921568627451,mixed_snow_ice
99,139,185,-6.862745098039216,mixed_snow_ice
99,140,176,-7.745098039215687,mixed_snow_ice
99,141,186,-6.764705882352942,debris_rock
99,142,184,-6.96078431372549,mixed_snow_ice
99,143,196,-5.784313725490193,debris_rock
99,144,195,-5.882352941176471,debris_rock
99,145,172,-8.137254901960784,mixed_snow_ice
99,146,191,-6.274509803921568,debris_rock
99,147,193,-6.078431372549019,debris_rock
99,148,197,-5.686274509803919,debris_rock
99,149,168,-8.529411764705884,mixed_snow_ice
99,150,195,-5.882352941176471,debris_rock
99,151,126,-12.647058823529411,regular_glacier_ice
99,152,110,-14.215686274509803,regular_glacier_ice
99,153,130,-12.254901960784315,clean_glacier_ice
99,155,255,0.0,debris_rock
99,156,219,-3.529411764705884,debris_rock
99,157,193,-6.078431372549019,debris_rock
99,158,143,-10.980392156862745,clean_glacier_ice
99,159,116,-13.627450980392156,regular_glacier_ice
99,160,119,-13.333333333333334,regular_glacier_ice
99,161,198,-5.588235294117645,debris_rock
99,162,255,0.0,debris_rock
99,163,116,-13.627450980392156,regular_glacier_ice
99,164,202,-5.196078431372548,debris_rock
99,165,152,-10.098039215686274,clean_glacier_ice
99,166,199,-5.490196078431371,debris_rock
99,167,199,-5.490196078431371,debris_rock
99,168,186,-6.764705882352942,debris_rock
99,169,216,-3.8235294117647065,debris_rock
99,170,255,0.0,debris_rock
99,171,251,-0.3921568627451002,debris_rock
99,172,248,-0.6862745098039227,debris_rock
99,173,231,-2.352941176470587,debris_rock
99,174,216,-3.8235294117647065,debris_rock
99,175,168,-8.529411764705884,mixed_snow_ice
99,176,166,-8.725490196078432,mixed_snow_ice
99,177,211,-4.313725490196081,debris_rock
99,178,212,-4.215686274509803,debris_rock
99,179,168,-8.529411764705884,mixed_snow_ice
99,180,159,-9.411764705882353,clean_glacier_ice
99,181,200,-5.392156862745097,debris_rock
99,182,224,-3.0392156862745097,debris_rock
99,183,183,-7.0588235294117645,mixed_snow_ice
99,184,173,-8.03921568627451,mixed_snow_ice
99,185,225,-2.9411764705882355,debris_rock
99,186,206,-4.803921568627452,debris_rock
99,187,226,-2.8431372549019613,debris_rock
99,188,201,-5.2941176470588225,debris_rock
99,189,179,-7.450980392156865,mixed_snow_ice
99,190,135,-11.76470588235294,clean_glacier_ice
99,191,145,-10.784313725490197,clean_glacier_ice
99,192,124,-12.843137254901961,regular_glacier_ice
99,193,127,-12.549019607843137,regular_glacier_ice
99,194,111,-14.117647058823529,regular_glacier_ice
99,195,124,-12.843137254901961,regular_glacier_ice
99,196,103,-14.901960784313726,regular_glacier_ice
99,197,100,-15.196078431372548,regular_glacier_ice
99,203,241,-1.3725490196078454,debris_rock
99,204,190,-6.372549019607842,debris_rock
99,205,143,-10.980392156862745,clean_glacier_ice
99,206,93,-15.882352941176471,regular_glacier_ice
99,207,201,-5.2941176470588225,debris_rock
99,208,255,0.0,debris_rock
99,209,163,-9.019607843137257,clean_glacier_ice
99,210,174,-7.9411764705882355,mixed_snow_ice
99,211,206,-4.803921568627452,debris_rock
99,212,196,-5.784313725490193,debris_rock
99,213,115,-13.72549019607843,regular_glacier_ice
99,214,172,-8.137254901960784,mixed_snow_ice
99,215,220,-3.4313725490196063,debris_rock
99,216,174,-7.9411764705882355,mixed_snow_ice
99,217,168,-8.529411764705884,mixed_snow_ice
99,218,165,-8.823529411764707,clean_glacier_ice
99,219,205,-4.901960784313726,debris_rock
99,220,209,-4.509803921568629,debris_rock
99,221,181,-7.254901960784313,mixed_snow_ice
99,222,215,-3.9215686274509807,debris_rock
100,0,195,-5.882352941176471,debris_rock
100,1,190,-6.372549019607842,debris_rock
100,2,194,-5.980392156862745,debris_rock
100,3,187,-6.666666666666668,debris_rock
100,4,197,-5.686274509803919,debris_rock
100,5,176,-7.745098039215687,mixed_snow_ice
100,6,193,-6.078431372549019,debris_rock
100,7,193,-6.078431372549019,debris_rock
100,8,206,-4.803921568627452,debris_rock
100,9,179,-7.450980392156865,mixed_snow_ice
100,10,196,-5.784313725490193,debris_rock
100,11,157,-9.607843137254902,clean_glacier_ice
100,12,212,-4.215686274509803,debris_rock
100,13,207,-4.7058823529411775,debris_rock
100,14,221,-3.333333333333332,debris_rock
100,15,201,-5.2941176470588225,debris_rock
100,16,187,-6.666666666666668,debris_rock
100,17,185,-6.862745098039216,mixed_snow_ice
100,18,189,-6.470588235294116,debris_rock
100,19,181,-7.254901960784313,mixed_snow_ice
100,20,196,-5.784313725490193,debris_rock
100,21,189,-6.470588235294116,debris_rock
100,22,204,-5.0,debris_rock
100,23,171,-8.235294117647062,mixed_snow_ice
100,24,192,-6.1764705882352935,debris_rock
100,25,178,-7.549019607843139,mixed_snow_ice
100,26,197,-5.686274509803919,debris_rock
100,27,204,-5.0,debris_rock
100,28,180,-7.352941176470587,mixed_snow_ice
100,29,209,-4.509803921568629,debris_rock
100,30,174,-7.9411764705882355,mixed_snow_ice
100,31,240,-1.4705882352941195,debris_rock
100,32,190,-6.372549019607842,debris_rock
100,33,163,-9.019607843137257,clean_glacier_ice
100,34,178,-7.549019607843139,mixed_snow_ice
100,35,175,-7.843137254901961,mixed_snow_ice
100,36,184,-6.96078431372549,mixed_snow_ice
100,37,178,-7.549019607843139,mixed_snow_ice
100,38,209,-4.509803921568629,debris_rock
100,39,153,-10.0,clean_glacier_ice
100,40,136,-11.666666666666666,clean_glacier_ice
100,41,189,-6.470588235294116,debris_rock
100,42,163,-9.019607843137257,clean_glacier_ice
100,43,129,-12.352941176470589,regular_glacier_ice
100,44,161,-9.215686274509805,clean_glacier_ice
100,45,119,-13.333333333333334,regular_glacier_ice
100,46,107,-14.509803921568627,regular_glacier_ice
100,47,115,-13.72549019607843,regular_glacier_ice
100,48,105,-14.705882352941178,regular_glacier_ice
100,49,114,-13.823529411764705,regular_glacier_ice
100,50,114,-13.823529411764705,regular_glacier_ice
100,51,213,-4.117647058823529,debris_rock
100,52,255,0.0,debris_rock
100,53,206,-4.803921568627452,debris_rock
100,54,208,-4.607843137254903,debris_rock
100,55,180,-7.352941176470587,mixed_snow_ice
100,56,131,-12.15686274509804,clean_glacier_ice
100,57,92,-15.980392156862745,regular_glacier_ice
100,58,140,-11.274509803921568,clean_glacier_ice
100,59,137,-11.568627450980392,clean_glacier_ice
100,60,135,-11.76470588235294,clean_glacier_ice
100,61,102,-15.0,regular_glacier_ice
100,62,118,-13.431372549019608,regular_glacier_ice
100,63,97,-15.490196078431373,regular_glacier_ice
100,64,117,-13.529411764705882,regular_glacier_ice
100,65,101,-15.098039215686274,regular_glacier_ice
100,66,122,-13.03921568627451,regular_glacier_ice
100,67,109,-14.313725490196079,regular_glacier_ice
100,68,128,-12.450980392156863,regular_glacier_ice
100,69,127,-12.549019607843137,regular_glacier_ice
100,70,119,-13.333333333333334,regular_glacier_ice
100,71,135,-11.76470588235294,clean_glacier_ice
100,72,120,-13.23529411764706,regular_glacier_ice
100,73,159,-9.411764705882353,clean_glacier_ice
100,74,125,-12.745098039215687,regular_glacier_ice
100,75,119,-13.333333333333334,regular_glacier_ice
100,76,126,-12.647058823529411,regular_glacier_ice
100,77,155,-9.803921568627452,clean_glacier_ice
100,78,175,-7.843137254901961,mixed_snow_ice
100,79,165,-8.823529411764707,clean_glacier_ice
100,80,177,-7.647058823529413,mixed_snow_ice
100,81,156,-9.705882352941176,clean_glacier_ice
100,82,167,-8.627450980392158,mixed_snow_ice
100,83,163,-9.019607843137257,clean_glacier_ice
100,84,177,-7.647058823529413,mixed_snow_ice
100,85,203,-5.098039215686274,debris_rock
100,86,182,-7.156862745098039,mixed_snow_ice
100,87,195,-5.882352941176471,debris_rock
100,88,186,-6.764705882352942,debris_rock
100,89,202,-5.196078431372548,debris_rock
100,90,209,-4.509803921568629,debris_rock
100,91,184,-6.96078431372549,mixed_snow_ice
100,92,154,-9.901960784313726,clean_glacier_ice
100,93,190,-6.372549019607842,debris_rock
100,94,141,-11.176470588235293,clean_glacier_ice
100,97,255,0.0,debris_rock
100,98,159,-9.411764705882353,clean_glacier_ice
100,99,132,-12.058823529411763,clean_glacier_ice
100,100,158,-9.509803921568627,clean_glacier_ice
100,101,91,-16.07843137254902,regular_glacier_ice
100,102,123,-12.941176470588236,regular_glacier_ice
100,103,204,-5.0,debris_rock
100,104,240,-1.4705882352941195,debris_rock
100,105,151,-10.196078431372548,clean_glacier_ice
100,106,198,-5.588235294117645,debris_rock
100,107,159,-9.411764705882353,clean_glacier_ice
100,108,167,-8.627450980392158,mixed_snow_ice
100,109,189,-6.470588235294116,debris_rock
100,110,176,-7.745098039215687,mixed_snow_ice
100,111,163,-9.019607843137257,clean_glacier_ice
100,112,255,0.0,debris_rock
100,113,255,0.0,debris_rock
100,114,235,-1.9607843137254903,debris_rock
100,115,223,-3.137254901960784,debris_rock
100,116,199,-5.490196078431371,debris_rock
100,117,185,-6.862745098039216,mixed_snow_ice
100,118,187,-6.666666666666668,debris_rock
100,119,241,-1.3725490196078454,debris_rock
100,120,205,-4.901960784313726,debris_rock
100,121,155,-9.803921568627452,clean_glacier_ice
100,122,143,-10.980392156862745,clean_glacier_ice
100,123,200,-5.392156862745097,debris_rock
100,124,214,-4.019607843137255,debris_rock
100,125,185,-6.862745098039216,mixed_snow_ice
100,126,187,-6.666666666666668,debris_rock
100,127,217,-3.7254901960784323,debris_rock
100,128,206,-4.803921568627452,debris_rock
100,129,196,-5.784313725490193,debris_rock
100,130,181,-7.254901960784313,mixed_snow_ice
100,131,173,-8.03921568627451,mixed_snow_ice
100,132,149,-10.392156862745097,clean_glacier_ice
100,133,137,-11.568627450980392,clean_glacier_ice
100,134,125,-12.745098039215687,regular_glacier_ice
100,135,153,-10.0,clean_glacier_ice
100,136,142,-11.07843137254902,clean_glacier_ice
100,137,112,-14.019607843137255,regular_glacier_ice
100,138,106,-14.607843137254902,regular_glacier_ice
100,139,107,-14.509803921568627,regular_glacier_ice
100,145,212,-4.215686274509803,debris_rock
100,146,177,-7.647058823529413,mixed_snow_ice
100,147,125,-12.745098039215687,regular_glacier_ice
100,148,92,-15.980392156862745,regular_glacier_ice
100,149,145,-10.784313725490197,clean_glacier_ice
100,150,255,0.0,debris_rock
100,151,198,-5.588235294117645,debris_rock
100,152,170,-8.333333333333336,mixed_snow_ice
100,153,185,-6.862745098039216,mixed_snow_ice
100,154,175,-7.843137254901961,mixed_snow_ice
100,155,134,-11.862745098039214,clean_glacier_ice
100,156,187,-6.666666666666668,debris_rock
100,157,187,-6.666666666666668,debris_rock
100,158,175,-7.843137254901961,mixed_snow_ice
100,159,203,-5.098039215686274,debris_rock
100,160,210,-4.411764705882355,debris_rock
100,161,220,-3.4313725490196063,debris_rock
100,162,190,-6.372549019607842,debris_rock
100,163,186,-6.764705882352942,debris_rock
100,164,178,-7.549019607843139,mixed_snow_ice
100,165,169,-8.43137254901961,mixed_snow_ice
100,166,198,-5.588235294117645,debris_rock
100,167,177,-7.647058823529413,mixed_snow_ice
100,168,207,-4.7058823529411775,debris_rock
100,169,201,-5.2941176470588225,debris_rock
100,170,160,-9.313725490196079,clean_glacier_ice
100,171,183,-7.0588235294117645,mixed_snow_ice
100,172,205,-4.901960784313726,debris_rock
100,173,219,-3.529411764705884,debris_rock
100,174,174,-7.9411764705882355,mixed_snow_ice
100,175,199,-5.490196078431371,debris_rock
100,176,185,-6.862745098039216,mixed_snow_ice
100,177,215,-3.9215686274509807,debris_rock
100,178,195,-5.882352941176471,debris_rock
100,179,209,-4.509803921568629,debris_rock
100,180,175,-7.843137254901961,mixed_snow_ice
100,181,184,-6.96078431372549,mixed_snow_ice
100,182,202,-5.196078431372548,debris_rock
100,183,171,-8.235294117647062,mixed_snow_ice
100,184,191,-6.274509803921568,debris_rock
100,185,174,-7.9411764705882355,mixed_snow_ice
100,186,155,-9.803921568627452,clean_glacier_ice
100,187,185,-6.862745098039216,mixed_snow_ice
100,188,196,-5.784313725490193,debris_rock
100,189,193,-6.078431372549019,debris_rock
100,190,181,-7.254901960784313,mixed_snow_ice
100,191,192,-6.1764705882352935,debris_rock
100,192,195,-5.882352941176471,debris_rock
100,193,187,-6.666666666666668,debris_rock
100,194,198,-5.588235294117645,debris_rock
100,195,219,-3.529411764705884,debris_rock
100,196,224,-3.0392156862745097,debris_rock
100,197,183,-7.0588235294117645,mixed_snow_ice
100,198,178,-7.549019607843139,mixed_snow_ice
100,199,210,-4.411764705882355,debris_rock
100,200,198,-5.588235294117645,debris_rock
100,201,211,-4.313725490196081,debris_rock
100,202,175,-7.843137254901961,mixed_snow_ice
100,203,217,-3.7254901960784323,debris_rock
100,204,189,-6.470588235294116,debris_rock
100,205,203,-5.098039215686274,debris_rock
100,206,179,-7.450980392156865,mixed_snow_ice
100,207,174,-7.9411764705882355,mixed_snow_ice
100,208,175,-7.843137254901961,mixed_snow_ice
100,209,106,-14.607843137254902,regular_glacier_ice
100,210,155,-9.803921568627452,clean_glacier_ice
100,211,174,-7.9411764705882355,mixed_snow_ice
100,212,147,-10.588235294117649,clean_glacier_ice
100,213,130,-12.254901960784315,clean_glacier_ice
100,214,95,-15.686274509803921,regular_glacier_ice
100,215,106,-14.607843137254902,regular_glacier_ice
100,216,233,-2.1568627450980387,debris_rock
100,217,255,0.0,debris_rock
100,218,253,-0.19607843137254832,debris_rock
100,219,187,-6.666666666666668,debris_rock
100,220,167,-8.627450980392158,mixed_snow_ice
100,221,133,-11.960784313725489,clean_glacier_ice
100,222,111,-14.117647058823529,regular_glacier_ice
101,0,120,-13.23529411764706,regular_glacier_ice
101,1,132,-12.058823529411763,clean_glacier_ice
101,2,114,-13.823529411764705,regular_glacier_ice
101,3,115,-13.72549019607843,regular_glacier_ice
101,4,125,-12.745098039215687,regular_glacier_ice
101,5,129,-12.352941176470589,regular_glacier_ice
101,6,102,-15.0,regular_glacier_ice
101,7,116,-13.627450980392156,regular_glacier_ice
101,8,107,-14.509803921568627,regular_glacier_ice
101,9,115,-13.72549019607843,regular_glacier_ice
101,10,121,-13.137254901960786,regular_glacier_ice
101,11,125,-12.745098039215687,regular_glacier_ice
101,12,128,-12.450980392156863,regular_glacier_ice
101,13,140,-11.274509803921568,clean_glacier_ice
101,14,133,-11.960784313725489,clean_glacier_ice
101,15,168,-8.529411764705884,mixed_snow_ice
101,16,142,-11.07843137254902,clean_glacier_ice
101,17,120,-13.23529411764706,regular_glacier_ice
101,18,116,-13.627450980392156,regular_glacier_ice
101,19,127,-12.549019607843137,regular_glacier_ice
101,20,193,-6.078431372549019,debris_rock
101,21,188,-6.56862745098039,debris_rock
101,22,182,-7.156862745098039,mixed_snow_ice
101,23,132,-12.058823529411763,clean_glacier_ice
101,24,175,-7.843137254901961,mixed_snow_ice
101,25,171,-8.235294117647062,mixed_snow_ice
101,26,171,-8.235294117647062,mixed_snow_ice
101,27,183,-7.0588235294117645,mixed_snow_ice
101,28,182,-7.156862745098039,mixed_snow_ice
101,29,188,-6.56862745098039,debris_rock
101,30,192,-6.1764705882352935,debris_rock
101,31,182,-7.156862745098039,mixed_snow_ice
101,32,179,-7.450980392156865,mixed_snow_ice
101,33,182,-7.156862745098039,mixed_snow_ice
101,34,167,-8.627450980392158,mixed_snow_ice
101,35,183,-7.0588235294117645,mixed_snow_ice
101,39,149,-10.392156862745097,clean_glacier_ice
101,40,130,-12.254901960784315,clean_glacier_ice
101,41,146,-10.686274509803923,clean_glacier_ice
101,42,105,-14.705882352941178,regular_glacier_ice
101,43,158,-9.509803921568627,clean_glacier_ice
101,44,174,-7.9411764705882355,mixed_snow_ice
101,45,247,-0.7843137254901968,debris_rock
101,46,194,-5.980392156862745,debris_rock
101,47,184,-6.96078431372549,mixed_snow_ice
101,48,164,-8.92156862745098,clean_glacier_ice
101,49,190,-6.372549019607842,debris_rock
101,50,171,-8.235294117647062,mixed_snow_ice
101,51,177,-7.647058823529413,mixed_snow_ice
101,52,184,-6.96078431372549,mixed_snow_ice
101,53,191,-6.274509803921568,debris_rock
101,54,184,-6.96078431372549,mixed_snow_ice
101,55,225,-2.9411764705882355,debris_rock
101,56,197,-5.686274509803919,debris_rock
101,57,192,-6.1764705882352935,debris_rock
101,58,188,-6.56862745098039,debris_rock
101,59,209,-4.509803921568629,debris_rock
101,60,236,-1.8627450980392162,debris_rock
101,61,244,-1.0784313725490193,debris_rock
101,62,217,-3.7254901960784323,debris_rock
101,63,169,-8.43137254901961,mixed_snow_ice
101,64,186,-6.764705882352942,debris_rock
101,65,237,-1.764705882352942,debris_rock
101,66,238,-1.6666666666666679,debris_rock
101,67,172,-8.137254901960784,mixed_snow_ice
101,68,172,-8.137254901960784,mixed_snow_ice
101,69,147,-10.588235294117649,clean_glacier_ice
101,70,222,-3.235294117647058,debris_rock
101,71,192,-6.1764705882352935,debris_rock
101,72,196,-5.784313725490193,debris_rock
101,73,209,-4.509803921568629,debris_rock
101,74,190,-6.372549019607842,debris_rock
101,75,132,-12.058823529411763,clean_glacier_ice
101,76,95,-15.686274509803921,regular_glacier_ice
101,77,115,-13.72549019607843,regular_glacier_ice
101,78,125,-12.745098039215687,regular_glacier_ice
101,79,119,-13.333333333333334,regular_glacier_ice
101,80,113,-13.92156862745098,regular_glacier_ice
101,81,116,-13.627450980392156,regular_glacier_ice
101,82,100,-15.196078431372548,regular_glacier_ice
101,87,204,-5.0,debris_rock
101,88,142,-11.07843137254902,clean_glacier_ice
101,89,85,-16.666666666666668,deep_glacier_ice
101,90,107,-14.509803921568627,regular_glacier_ice
101,93,229,-2.5490196078431353,debris_rock
101,94,180,-7.352941176470587,mixed_snow_ice
101,95,148,-10.49019607843137,clean_glacier_ice
101,96,131,-12.15686274509804,clean_glacier_ice
101,97,166,-8.725490196078432,mixed_snow_ice
101,98,181,-7.254901960784313,mixed_snow_ice
101,99,201,-5.2941176470588225,debris_rock
101,100,213,-4.117647058823529,debris_rock
101,101,150,-10.294117647058822,clean_glacier_ice
101,102,132,-12.058823529411763,clean_glacier_ice
101,103,147,-10.588235294117649,clean_glacier_ice
101,104,175,-7.843137254901961,mixed_snow_ice
101,105,189,-6.470588235294116,debris_rock
101,106,183,-7.0588235294117645,mixed_snow_ice
101,107,184,-6.96078431372549,mixed_snow_ice
101,108,205,-4.901960784313726,debris_rock
101,109,195,-5.882352941176471,debris_rock
101,110,180,-7.352941176470587,mixed_snow_ice
101,111,179,-7.450980392156865,mixed_snow_ice
101,112,184,-6.96078431372549,mixed_snow_ice
101,113,186,-6.764705882352942,debris_rock
101,114,196,-5.784313725490193,debris_rock
101,115,194,-5.980392156862745,debris_rock
101,116,211,-4.313725490196081,debris_rock
101,117,195,-5.882352941176471,debris_rock
101,118,185,-6.862745098039216,mixed_snow_ice
101,119,189,-6.470588235294116,debris_rock
101,120,191,-6.274509803921568,debris_rock
101,121,185,-6.862745098039216,mixed_snow_ice
101,122,205,-4.901960784313726,debris_rock
101,123,173,-8.03921568627451,mixed_snow_ice
101,124,195,-5.882352941176471,debris_rock
101,125,191,-6.274509803921568,debris_rock
101,126,186,-6.764705882352942,debris_rock
101,127,178,-7.549019607843139,mixed_snow_ice
101,128,163,-9.019607843137257,clean_glacier_ice
101,129,210,-4.411764705882355,debris_rock
101,130,207,-4.7058823529411775,debris_rock
101,131,175,-7.843137254901961,mixed_snow_ice
101,132,185,-6.862745098039216,mixed_snow_ice
101,133,197,-5.686274509803919,debris_rock
101,134,162,-9.11764705882353,clean_glacier_ice
101,135,176,-7.745098039215687,mixed_snow_ice
101,136,185,-6.862745098039216,mixed_snow_ice
101,137,188,-6.56862745098039,debris_rock
101,138,200,-5.392156862745097,debris_rock
101,139,187,-6.666666666666668,debris_rock
101,140,197,-5.686274509803919,debris_rock
101,141,215,-3.9215686274509807,debris_rock
101,142,215,-3.9215686274509807,debris_rock
101,143,230,-2.450980392156861,debris_rock
101,144,207,-4.7058823529411775,debris_rock
101,145,202,-5.196078431372548,debris_rock
101,146,188,-6.56862745098039,debris_rock
101,147,176,-7.745098039215687,mixed_snow_ice
101,148,185,-6.862745098039216,mixed_snow_ice
101,149,166,-8.725490196078432,mixed_snow_ice
101,150,127,-12.549019607843137,regular_glacier_ice
101,151,117,-13.529411764705882,regular_glacier_ice
101,152,160,-9.313725490196079,clean_glacier_ice
101,153,189,-6.470588235294116,debris_rock
101,154,165,-8.823529411764707,clean_glacier_ice
101,155,179,-7.450980392156865,mixed_snow_ice
101,156,187,-6.666666666666668,debris_rock
101,157,179,-7.450980392156865,mixed_snow_ice
101,158,217,-3.7254901960784323,debris_rock
101,159,255,0.0,debris_rock
101,160,221,-3.333333333333332,debris_rock
101,161,189,-6.470588235294116,debris_rock
101,162,184,-6.96078431372549,mixed_snow_ice
101,163,174,-7.9411764705882355,mixed_snow_ice
101,164,128,-12.450980392156863,regular_glacier_ice
101,165,142,-11.07843137254902,clean_glacier_ice
101,166,128,-12.450980392156863,regular_glacier_ice
101,167,135,-11.76470588235294,clean_glacier_ice
101,168,147,-10.588235294117649,clean_glacier_ice
101,169,106,-14.607843137254902,regular_glacier_ice
101,170,125,-12.745098039215687,regular_glacier_ice
101,171,123,-12.941176470588236,regular_glacier_ice
101,172,114,-13.823529411764705,regular_glacier_ice
101,173,105,-14.705882352941178,regular_glacier_ice
101,174,118,-13.431372549019608,regular_glacier_ice
101,175,129,-12.352941176470589,regular_glacier_ice
101,176,131,-12.15686274509804,clean_glacier_ice
101,177,122,-13.03921568627451,regular_glacier_ice
101,178,123,-12.941176470588236,regular_glacier_ice
101,179,151,-10.196078431372548,clean_glacier_ice
101,180,135,-11.76470588235294,clean_glacier_ice
101,181,109,-14.313725490196079,regular_glacier_ice
101,182,131,-12.15686274509804,clean_glacier_ice
101,183,96,-15.588235294117647,regular_glacier_ice
101,184,109,-14.313725490196079,regular_glacier_ice
101,185,156,-9.705882352941176,clean_glacier_ice
101,186,197,-5.686274509803919,debris_rock
101,187,181,-7.254901960784313,mixed_snow_ice
101,188,138,-11.470588235294118,clean_glacier_ice
101,189,172,-8.137254901960784,mixed_snow_ice
101,190,203,-5.098039215686274,debris_rock
101,191,196,-5.784313725490193,debris_rock
101,192,185,-6.862745098039216,mixed_snow_ice
101,193,182,-7.156862745098039,mixed_snow_ice
101,194,211,-4.313725490196081,debris_rock
101,195,180,-7.352941176470587,mixed_snow_ice
101,196,179,-7.450980392156865,mixed_snow_ice
101,197,182,-7.156862745098039,mixed_snow_ice
101,198,123,-12.941176470588236,regular_glacier_ice
101,199,99,-15.294117647058822,regular_glacier_ice
101,200,130,-12.254901960784315,clean_glacier_ice
101,202,223,-3.137254901960784,debris_rock
101,203,198,-5.588235294117645,debris_rock
101,204,139,-11.372549019607844,clean_glacier_ice
101,205,132,-12.058823529411763,clean_glacier_ice
101,206,191,-6.274509803921568,debris_rock
101,207,180,-7.352941176470587,mixed_snow_ice
101,208,190,-6.372549019607842,debris_rock
101,209,193,-6.078431372549019,debris_rock
101,210,204,-5.0,debris_rock
101,211,192,-6.1764705882352935,debris_rock
101,212,178,-7.549019607843139,mixed_snow_ice
101,213,167,-8.627450980392158,mixed_snow_ice
101,214,206,-4.803921568627452,debris_rock
101,215,176,-7.745098039215687,mixed_snow_ice
101,216,186,-6.764705882352942,debris_rock
101,217,150,-10.294117647058822,clean_glacier_ice
101,218,186,-6.764705882352942,debris_rock
101,219,234,-2.0588235294117645,debris_rock
101,220,170,-8.333333333333336,mixed_snow_ice
101,221,186,-6.764705882352942,debris_rock
101,222,207,-4.7058823529411775,debris_rock
102,0,217,-3.7254901960784323,debris_rock
102,1,211,-4.313725490196081,debris_rock
102,2,202,-5.196078431372548,debris_rock
102,3,222,-3.235294117647058,debris_rock
102,4,172,-8.137254901960784,mixed_snow_ice
102,5,127,-12.549019607843137,regular_glacier_ice
102,6,167,-8.627450980392158,mixed_snow_ice
102,7,235,-1.9607843137254903,debris_rock
102,8,242,-1.2745098039215712,debris_rock
102,9,213,-4.117647058823529,debris_rock
102,10,177,-7.647058823529413,mixed_snow_ice
102,11,179,-7.450980392156865,mixed_snow_ice
102,12,186,-6.764705882352942,debris_rock
102,13,246,-0.882352941176471,debris_rock
102,14,204,-5.0,debris_rock
102,15,223,-3.137254901960784,debris_rock
102,16,170,-8.333333333333336,mixed_snow_ice
102,17,144,-10.882352941176471,clean_glacier_ice
102,18,88,-16.372549019607845,regular_glacier_ice
102,19,96,-15.588235294117647,regular_glacier_ice
102,20,85,-16.666666666666668,deep_glacier_ice
102,21,114,-13.823529411764705,regular_glacier_ice
102,22,112,-14.019607843137255,regular_glacier_ice
102,23,104,-14.803921568627452,regular_glacier_ice
102,24,144,-10.882352941176471,clean_glacier_ice
102,25,145,-10.784313725490197,clean_glacier_ice
102,29,216,-3.8235294117647065,debris_rock
102,30,186,-6.764705882352942,debris_rock
102,31,97,-15.490196078431373,regular_glacier_ice
102,35,199,-5.490196078431371,debris_rock
102,36,144,-10.882352941176471,clean_glacier_ice
102,37,150,-10.294117647058822,clean_glacier_ice
102,38,134,-11.862745098039214,clean_glacier_ice
102,39,142,-11.07843137254902,clean_glacier_ice
102,40,205,-4.901960784313726,debris_rock
102,41,166,-8.725490196078432,mixed_snow_ice
102,42,156,-9.705882352941176,clean_glacier_ice
102,43,185,-6.862745098039216,mixed_snow_ice
102,44,165,-8.823529411764707,clean_glacier_ice
102,45,186,-6.764705882352942,debris_rock
102,46,184,-6.96078431372549,mixed_snow_ice
102,47,147,-10.588235294117649,clean_glacier_ice
102,48,122,-13.03921568627451,regular_glacier_ice
102,49,134,-11.862745098039214,clean_glacier_ice
102,50,219,-3.529411764705884,debris_rock
102,51,241,-1.3725490196078454,debris_rock
102,52,210,-4.411764705882355,debris_rock
102,53,183,-7.0588235294117645,mixed_snow_ice
102,54,186,-6.764705882352942,debris_rock
102,55,169,-8.43137254901961,mixed_snow_ice
102,56,188,-6.56862745098039,debris_rock
102,57,196,-5.784313725490193,debris_rock
102,58,206,-4.803921568627452,debris_rock
102,59,209,-4.509803921568629,debris_rock
102,60,213,-4.117647058823529,debris_rock
102,61,178,-7.549019607843139,mixed_snow_ice
102,62,154,-9.901960784313726,clean_glacier_ice
102,63,173,-8.03921568627451,mixed_snow_ice
102,64,223,-3.137254901960784,debris_rock
102,65,180,-7.352941176470587,mixed_snow_ice
102,66,194,-5.980392156862745,debris_rock
102,67,217,-3.7254901960784323,debris_rock
102,68,198,-5.588235294117645,debris_rock
102,69,182,-7.156862745098039,mixed_snow_ice
102,70,193,-6.078431372549019,debris_rock
102,71,184,-6.96078431372549,mixed_snow_ice
102,72,181,-7.254901960784313,mixed_snow_ice
102,73,181,-7.254901960784313,mixed_snow_ice
102,74,210,-4.411764705882355,debris_rock
102,75,215,-3.9215686274509807,debris_rock
102,76,166,-8.725490196078432,mixed_snow_ice
102,77,144,-10.882352941176471,clean_glacier_ice
102,78,193,-6.078431372549019,debris_rock
102,79,186,-6.764705882352942,debris_rock
102,80,184,-6.96078431372549,mixed_snow_ice
102,81,170,-8.333333333333336,mixed_snow_ice
102,82,198,-5.588235294117645,debris_rock
102,83,206,-4.803921568627452,debris_rock
102,84,205,-4.901960784313726,debris_rock
102,85,194,-5.980392156862745,debris_rock
102,86,181,-7.254901960784313,mixed_snow_ice
102,87,208,-4.607843137254903,debris_rock
102,88,165,-8.823529411764707,clean_glacier_ice
102,89,151,-10.196078431372548,clean_glacier_ice
102,90,144,-10.882352941176471,clean_glacier_ice
102,91,158,-9.509803921568627,clean_glacier_ice
102,92,140,-11.274509803921568,clean_glacier_ice
102,93,169,-8.43137254901961,mixed_snow_ice
102,94,183,-7.0588235294117645,mixed_snow_ice
102,95,183,-7.0588235294117645,mixed_snow_ice
102,96,155,-9.803921568627452,clean_glacier_ice
102,97,154,-9.901960784313726,clean_glacier_ice
102,98,152,-10.098039215686274,clean_glacier_ice
102,99,165,-8.823529411764707,clean_glacier_ice
102,100,192,-6.1764705882352935,debris_rock
102,101,237,-1.764705882352942,debris_rock
102,102,208,-4.607843137254903,debris_rock
102,103,183,-7.0588235294117645,mixed_snow_ice
102,104,171,-8.235294117647062,mixed_snow_ice
102,105,192,-6.1764705882352935,debris_rock
102,106,127,-12.549019607843137,regular_glacier_ice
102,107,158,-9.509803921568627,clean_glacier_ice
102,108,118,-13.431372549019608,regular_glacier_ice
102,109,117,-13.529411764705882,regular_glacier_ice
102,110,127,-12.549019607843137,regular_glacier_ice
102,111,113,-13.92156862745098,regular_glacier_ice
102,112,139,-11.372549019607844,clean_glacier_ice
102,113,140,-11.274509803921568,clean_glacier_ice
102,114,124,-12.843137254901961,regular_glacier_ice
102,115,99,-15.294117647058822,regular_glacier_ice
102,116,114,-13.823529411764705,regular_glacier_ice
102,117,132,-12.058823529411763,clean_glacier_ice
102,118,118,-13.431372549019608,regular_glacier_ice
102,119,132,-12.058823529411763,clean_glacier_ice
102,120,106,-14.607843137254902,regular_glacier_ice
102,121,134,-11.862745098039214,clean_glacier_ice
102,122,135,-11.76470588235294,clean_glacier_ice
102,123,123,-12.941176470588236,regular_glacier_ice
102,124,129,-12.352941176470589,regular_glacier_ice
102,125,95,-15.686274509803921,regular_glacier_ice
102,126,126,-12.647058823529411,regular_glacier_ice
102,127,164,-8.92156862745098,clean_glacier_ice
102,128,173,-8.03921568627451,mixed_snow_ice
102,129,188,-6.56862745098039,debris_rock
102,130,163,-9.019607843137257,clean_glacier_ice
102,131,182,-7.156862745098039,mixed_snow_ice
102,132,189,-6.470588235294116,debris_rock
102,133,181,-7.254901960784313,mixed_snow_ice
102,134,190,-6.372549019607842,debris_rock
102,135,193,-6.078431372549019,debris_rock
102,136,194,-5.980392156862745,debris_rock
102,137,182,-7.156862745098039,mixed_snow_ice
102,138,203,-5.098039215686274,debris_rock
102,139,154,-9.901960784313726,clean_glacier_ice
102,140,90,-16.176470588235293,regular_glacier_ice
102,141,88,-16.372549019607845,regular_glacier_ice
102,145,234,-2.0588235294117645,debris_rock
102,146,204,-5.0,debris_rock
102,147,200,-5.392156862745097,debris_rock
102,148,212,-4.215686274509803,debris_rock
102,149,177,-7.647058823529413,mixed_snow_ice
102,150,225,-2.9411764705882355,debris_rock
102,151,201,-5.2941176470588225,debris_rock
102,152,202,-5.196078431372548,debris_rock
102,153,203,-5.098039215686274,debris_rock
102,154,171,-8.235294117647062,mixed_snow_ice
102,155,172,-8.137254901960784,mixed_snow_ice
102,156,212,-4.215686274509803,debris_rock
102,157,177,-7.647058823529413,mixed_snow_ice
102,158,163,-9.019607843137257,clean_glacier_ice
102,159,157,-9.607843137254902,clean_glacier_ice
102,160,208,-4.607843137254903,debris_rock
102,161,250,-0.49019607843137436,debris_rock
102,162,189,-6.470588235294116,debris_rock
102,163,196,-5.784313725490193,debris_rock
102,164,248,-0.6862745098039227,debris_rock
102,165,255,0.0,debris_rock
102,166,232,-2.254901960784313,debris_rock
102,167,213,-4.117647058823529,debris_rock
102,168,184,-6.96078431372549,mixed_snow_ice
102,169,198,-5.588235294117645,debris_rock
102,170,174,-7.9411764705882355,mixed_snow_ice
102,171,154,-9.901960784313726,clean_glacier_ice
102,172,188,-6.56862745098039,debris_rock
102,173,201,-5.2941176470588225,debris_rock
102,174,203,-5.098039215686274,debris_rock
102,175,208,-4.607843137254903,debris_rock
102,176,204,-5.0,debris_rock
102,177,212,-4.215686274509803,debris_rock
102,178,237,-1.764705882352942,debris_rock
102,179,227,-2.745098039215687,debris_rock
102,180,151,-10.196078431372548,clean_glacier_ice
102,181,163,-9.019607843137257,clean_glacier_ice
102,182,121,-13.137254901960786,regular_glacier_ice
102,183,123,-12.941176470588236,regular_glacier_ice
102,184,106,-14.607843137254902,regular_glacier_ice
102,185,93,-15.882352941176471,regular_glacier_ice
102,186,108,-14.411764705882353,regular_glacier_ice
102,187,126,-12.647058823529411,regular_glacier_ice
102,188,120,-13.23529411764706,regular_glacier_ice
102,189,132,-12.058823529411763,clean_glacier_ice
102,190,97,-15.490196078431373,regular_glacier_ice
102,191,96,-15.588235294117647,regular_glacier_ice
102,194,192,-6.1764705882352935,debris_rock
102,195,208,-4.607843137254903,debris_rock
102,196,154,-9.901960784313726,clean_glacier_ice
102,200,193,-6.078431372549019,debris_rock
102,201,159,-9.411764705882353,clean_glacier_ice
102,202,168,-8.529411764705884,mixed_snow_ice
102,203,184,-6.96078431372549,mixed_snow_ice
102,204,184,-6.96078431372549,mixed_snow_ice
102,205,159,-9.411764705882353,clean_glacier_ice
102,206,162,-9.11764705882353,clean_glacier_ice
102,207,167,-8.627450980392158,mixed_snow_ice
102,208,189,-6.470588235294116,debris_rock
102,209,160,-9.313725490196079,clean_glacier_ice
102,210,222,-3.235294117647058,debris_rock
102,211,193,-6.078431372549019,debris_rock
102,212,175,-7.843137254901961,mixed_snow_ice
102,213,188,-6.56862745098039,debris_rock
102,214,188,-6.56862745098039,debris_rock
102,215,247,-0.7843137254901968,debris_rock
102,216,246,-0.882352941176471,debris_rock
102,217,193,-6.078431372549019,debris_rock
102,218,215,-3.9215686274509807,debris_rock
102,219,207,-4.7058823529411775,debris_rock
102,220,170,-8.333333333333336,mixed_snow_ice
102,221,190,-6.372549019607842,debris_rock
102,222,187,-6.666666666666668,debris_rock
103,0,212,-4.215686274509803,debris_rock
103,1,228,-2.6470588235294095,debris_rock
103,2,205,-4.901960784313726,debris_rock
103,3,175,-7.843137254901961,mixed_snow_ice
103,4,188,-6.56862745098039,debris_rock
103,5,190,-6.372549019607842,debris_rock
103,6,201,-5.2941176470588225,debris_rock
103,7,194,-5.980392156862745,debris_rock
103,8,219,-3.529411764705884,debris_rock
103,9,181,-7.254901960784313,mixed_snow_ice
103,10,203,-5.098039215686274,debris_rock
103,11,170,-8.333333333333336,mixed_snow_ice
103,12,179,-7.450980392156865,mixed_snow_ice
103,13,183,-7.0588235294117645,mixed_snow_ice
103,14,197,-5.686274509803919,debris_rock
103,15,202,-5.196078431372548,debris_rock
103,16,214,-4.019607843137255,debris_rock
103,17,192,-6.1764705882352935,debris_rock
103,18,197,-5.686274509803919,debris_rock
103,19,173,-8.03921568627451,mixed_snow_ice
103,20,165,-8.823529411764707,clean_glacier_ice
103,21,185,-6.862745098039216,mixed_snow_ice
103,22,167,-8.627450980392158,mixed_snow_ice
103,23,179,-7.450980392156865,mixed_snow_ice
103,24,191,-6.274509803921568,debris_rock
103,25,212,-4.215686274509803,debris_rock
103,26,178,-7.549019607843139,mixed_snow_ice
103,27,147,-10.588235294117649,clean_glacier_ice
103,28,168,-8.529411764705884,mixed_snow_ice
103,29,213,-4.117647058823529,debris_rock
103,30,138,-11.470588235294118,clean_glacier_ice
103,31,113,-13.92156862745098,regular_glacier_ice
103,32,134,-11.862745098039214,clean_glacier_ice
103,33,178,-7.549019607843139,mixed_snow_ice
103,34,155,-9.803921568627452,clean_glacier_ice
103,35,196,-5.784313725490193,debris_rock
103,36,182,-7.156862745098039,mixed_snow_ice
103,37,193,-6.078431372549019,debris_rock
103,38,211,-4.313725490196081,debris_rock
103,39,177,-7.647058823529413,mixed_snow_ice
103,40,185,-6.862745098039216,mixed_snow_ice
103,41,178,-7.549019607843139,mixed_snow_ice
103,42,178,-7.549019607843139,mixed_snow_ice
103,43,209,-4.509803921568629,debris_rock
103,44,225,-2.9411764705882355,debris_rock
103,45,232,-2.254901960784313,debris_rock
103,46,177,-7.647058823529413,mixed_snow_ice
103,47,234,-2.0588235294117645,debris_rock
103,48,119,-13.333333333333334,regular_glacier_ice
103,49,120,-13.23529411764706,regular_glacier_ice
103,50,129,-12.352941176470589,regular_glacier_ice
103,51,128,-12.450980392156863,regular_glacier_ice
103,52,120,-13.23529411764706,regular_glacier_ice
103,53,116,-13.627450980392156,regular_glacier_ice
103,54,125,-12.745098039215687,regular_glacier_ice
103,55,148,-10.49019607843137,clean_glacier_ice
103,56,139,-11.372549019607844,clean_glacier_ice
103,57,101,-15.098039215686274,regular_glacier_ice
103,58,145,-10.784313725490197,clean_glacier_ice
103,59,133,-11.960784313725489,clean_glacier_ice
103,60,139,-11.372549019607844,clean_glacier_ice
103,61,94,-15.784313725490195,regular_glacier_ice
103,62,93,-15.882352941176471,regular_glacier_ice
103,63,128,-12.450980392156863,regular_glacier_ice
103,64,114,-13.823529411764705,regular_glacier_ice
103,65,121,-13.137254901960786,regular_glacier_ice
103,66,121,-13.137254901960786,regular_glacier_ice
103,67,138,-11.470588235294118,clean_glacier_ice
103,68,132,-12.058823529411763,clean_glacier_ice
103,69,146,-10.686274509803923,clean_glacier_ice
103,70,179,-7.450980392156865,mixed_snow_ice
103,71,186,-6.764705882352942,debris_rock
103,72,174,-7.9411764705882355,mixed_snow_ice
103,73,198,-5.588235294117645,debris_rock
103,74,203,-5.098039215686274,debris_rock
103,75,167,-8.627450980392158,mixed_snow_ice
103,76,227,-2.745098039215687,debris_rock
103,77,197,-5.686274509803919,debris_rock
103,78,196,-5.784313725490193,debris_rock
103,79,204,-5.0,debris_rock
103,80,163,-9.019607843137257,clean_glacier_ice
103,81,89,-16.274509803921568,regular_glacier_ice
103,82,88,-16.372549019607845,regular_glacier_ice
103,83,88,-16.372549019607845,regular_glacier_ice
103,84,97,-15.490196078431373,regular_glacier_ice
103,87,255,0.0,debris_rock
103,88,249,-0.5882352941176485,debris_rock
103,89,247,-0.7843137254901968,debris_rock
103,90,216,-3.8235294117647065,debris_rock
103,91,183,-7.0588235294117645,mixed_snow_ice
103,92,219,-3.529411764705884,debris_rock
103,93,198,-5.588235294117645,debris_rock
103,94,191,-6.274509803921568,debris_rock
103,95,220,-3.4313725490196063,debris_rock
103,96,200,-5.392156862745097,debris_rock
103,97,184,-6.96078431372549,mixed_snow_ice
103,98,175,-7.843137254901961,mixed_snow_ice
103,99,194,-5.980392156862745,debris_rock
103,100,191,-6.274509803921568,debris_rock
103,101,202,-5.196078431372548,debris_rock
103,102,219,-3.529411764705884,debris_rock
103,103,196,-5.784313725490193,debris_rock
103,104,166,-8.725490196078432,mixed_snow_ice
103,105,226,-2.8431372549019613,debris_rock
103,106,226,-2.8431372549019613,debris_rock
103,107,255,0.0,debris_rock
103,108,219,-3.529411764705884,debris_rock
103,109,205,-4.901960784313726,debris_rock
103,110,219,-3.529411764705884,debris_rock
103,111,198,-5.588235294117645,debris_rock
103,112,163,-9.019607843137257,clean_glacier_ice
103,113,222,-3.235294117647058,debris_rock
103,114,211,-4.313725490196081,debris_rock
103,115,202,-5.196078431372548,debris_rock
103,116,223,-3.137254901960784,debris_rock
103,117,228,-2.6470588235294095,debris_rock
103,118,210,-4.411764705882355,debris_rock
103,119,189,-6.470588235294116,debris_rock
103,120,195,-5.882352941176471,debris_rock
103,121,204,-5.0,debris_rock
103,122,124,-12.843137254901961,regular_glacier_ice
103,123,175,-7.843137254901961,mixed_snow_ice
103,124,108,-14.411764705882353,regular_glacier_ice
103,125,85,-16.666666666666668,deep_glacier_ice
103,126,88,-16.372549019607845,regular_glacier_ice
103,127,91,-16.07843137254902,regular_glacier_ice
103,128,93,-15.882352941176471,regular_glacier_ice
103,129,94,-15.784313725490195,regular_glacier_ice
103,130,115,-13.72549019607843,regular_glacier_ice
103,131,134,-11.862745098039214,clean_glacier_ice
103,132,90,-16.176470588235293,regular_glacier_ice
103,133,102,-15.0,regular_glacier_ice
103,135,250,-0.49019607843137436,debris_rock
103,136,138,-11.470588235294118,clean_glacier_ice
103,137,169,-8.43137254901961,mixed_snow_ice
103,138,193,-6.078431372549019,debris_rock
103,143,132,-12.058823529411763,clean_glacier_ice
103,144,197,-5.686274509803919,debris_rock
103,145,242,-1.2745098039215712,debris_rock
103,146,178,-7.549019607843139,mixed_snow_ice
103,147,150,-10.294117647058822,clean_glacier_ice
103,148,177,-7.647058823529413,mixed_snow_ice
103,149,155,-9.803921568627452,clean_glacier_ice
103,150,171,-8.235294117647062,mixed_snow_ice
103,151,154,-9.901960784313726,clean_glacier_ice
103,152,173,-8.03921568627451,mixed_snow_ice
103,153,193,-6.078431372549019,debris_rock
103,154,236,-1.8627450980392162,debris_rock
103,155,195,-5.882352941176471,debris_rock
103,156,148,-10.49019607843137,clean_glacier_ice
103,157,187,-6.666666666666668,debris_rock
103,158,191,-6.274509803921568,debris_rock
103,159,217,-3.7254901960784323,debris_rock
103,160,238,-1.6666666666666679,debris_rock
103,161,174,-7.9411764705882355,mixed_snow_ice
103,162,196,-5.784313725490193,debris_rock
103,163,169,-8.43137254901961,mixed_snow_ice
103,164,181,-7.254901960784313,mixed_snow_ice
103,165,220,-3.4313725490196063,debris_rock
103,166,248,-0.6862745098039227,debris_rock
103,167,188,-6.56862745098039,debris_rock
103,168,194,-5.980392156862745,debris_rock
103,169,202,-5.196078431372548,debris_rock
103,170,173,-8.03921568627451,mixed_snow_ice
103,171,184,-6.96078431372549,mixed_snow_ice
103,172,180,-7.352941176470587,mixed_snow_ice
103,173,185,-6.862745098039216,mixed_snow_ice
103,174,173,-8.03921568627451,mixed_snow_ice
103,175,178,-7.549019607843139,mixed_snow_ice
103,176,190,-6.372549019607842,debris_rock
103,177,166,-8.725490196078432,mixed_snow_ice
103,178,181,-7.254901960784313,mixed_snow_ice
103,179,180,-7.352941176470587,mixed_snow_ice
103,180,200,-5.392156862745097,debris_rock
103,181,197,-5.686274509803919,debris_rock
103,182,178,-7.549019607843139,mixed_snow_ice
103,183,178,-7.549019607843139,mixed_snow_ice
103,184,169,-8.43137254901961,mixed_snow_ice
103,185,170,-8.333333333333336,mixed_snow_ice
103,186,163,-9.019607843137257,clean_glacier_ice
103,187,181,-7.254901960784313,mixed_snow_ice
103,188,174,-7.9411764705882355,mixed_snow_ice
103,189,133,-11.960784313725489,clean_glacier_ice
103,190,193,-6.078431372549019,debris_rock
103,191,215,-3.9215686274509807,debris_rock
103,192,173,-8.03921568627451,mixed_snow_ice
103,193,213,-4.117647058823529,debris_rock
103,194,204,-5.0,debris_rock
103,195,191,-6.274509803921568,debris_rock
103,196,98,-15.392156862745097,regular_glacier_ice
103,197,106,-14.607843137254902,regular_glacier_ice
103,198,153,-10.0,clean_glacier_ice
103,199,165,-8.823529411764707,clean_glacier_ice
103,200,175,-7.843137254901961,mixed_snow_ice
103,201,189,-6.470588235294116,debris_rock
103,202,225,-2.9411764705882355,debris_rock
103,203,164,-8.92156862745098,clean_glacier_ice
103,204,177,-7.647058823529413,mixed_snow_ice
103,205,192,-6.1764705882352935,debris_rock
103,206,189,-6.470588235294116,debris_rock
103,207,188,-6.56862745098039,debris_rock
103,208,214,-4.019607843137255,debris_rock
103,209,253,-0.19607843137254832,debris_rock
103,210,238,-1.6666666666666679,debris_rock
103,211,180,-7.352941176470587,mixed_snow_ice
103,212,201,-5.2941176470588225,debris_rock
103,213,186,-6.764705882352942,debris_rock
103,214,138,-11.470588235294118,clean_glacier_ice
103,215,115,-13.72549019607843,regular_glacier_ice
103,216,98,-15.392156862745097,regular_glacier_ice
103,217,122,-13.03921568627451,regular_glacier_ice
103,218,117,-13.529411764705882,regular_glacier_ice
103,219,111,-14.117647058823529,regular_glacier_ice
103,220,144,-10.882352941176471,clean_glacier_ice
103,221,123,-12.941176470588236,regular_glacier_ice
103,222,119,-13.333333333333334,regular_glacier_ice
104,0,134,-11.862745098039214,clean_glacier_ice
104,1,132,-12.058823529411763,clean_glacier_ice
104,2,123,-12.941176470588236,regular_glacier_ice
104,3,96,-15.588235294117647,regular_glacier_ice
104,4,89,-16.274509803921568,regular_glacier_ice
104,5,109,-14.313725490196079,regular_glacier_ice
104,6,115,-13.72549019607843,regular_glacier_ice
104,7,119,-13.333333333333334,regular_glacier_ice
104,8,107,-14.509803921568627,regular_glacier_ice
104,9,144,-10.882352941176471,clean_glacier_ice
104,10,118,-13.431372549019608,regular_glacier_ice
104,11,136,-11.666666666666666,clean_glacier_ice
104,12,176,-7.745098039215687,mixed_snow_ice
104,13,179,-7.450980392156865,mixed_snow_ice
104,14,213,-4.117647058823529,debris_rock
104,15,184,-6.96078431372549,mixed_snow_ice
104,16,219,-3.529411764705884,debris_rock
104,17,205,-4.901960784313726,debris_rock
104,18,236,-1.8627450980392162,debris_rock
104,19,186,-6.764705882352942,debris_rock
104,20,180,-7.352941176470587,mixed_snow_ice
104,21,196,-5.784313725490193,debris_rock
104,22,153,-10.0,clean_glacier_ice
104,23,92,-15.980392156862745,regular_glacier_ice
104,24,95,-15.686274509803921,regular_glacier_ice
104,25,102,-15.0,regular_glacier_ice
104,26,107,-14.509803921568627,regular_glacier_ice
104,27,245,-0.9803921568627452,debris_rock
104,29,229,-2.5490196078431353,debris_rock
104,30,255,0.0,debris_rock
104,31,177,-7.647058823529413,mixed_snow_ice
104,32,201,-5.2941176470588225,debris_rock
104,33,177,-7.647058823529413,mixed_snow_ice
104,34,212,-4.215686274509803,debris_rock
104,35,195,-5.882352941176471,debris_rock
104,36,187,-6.666666666666668,debris_rock
104,37,168,-8.529411764705884,mixed_snow_ice
104,38,179,-7.450980392156865,mixed_snow_ice
104,39,182,-7.156862745098039,mixed_snow_ice
104,40,193,-6.078431372549019,debris_rock
104,41,211,-4.313725490196081,debris_rock
104,42,202,-5.196078431372548,debris_rock
104,43,180,-7.352941176470587,mixed_snow_ice
104,44,211,-4.313725490196081,debris_rock
104,45,143,-10.980392156862745,clean_glacier_ice
104,46,140,-11.274509803921568,clean_glacier_ice
104,47,222,-3.235294117647058,debris_rock
104,48,207,-4.7058823529411775,debris_rock
104,49,255,0.0,debris_rock
104,50,232,-2.254901960784313,debris_rock
104,51,219,-3.529411764705884,debris_rock
104,52,192,-6.1764705882352935,debris_rock
104,53,168,-8.529411764705884,mixed_snow_ice
104,54,180,-7.352941176470587,mixed_snow_ice
104,55,171,-8.235294117647062,mixed_snow_ice
104,56,169,-8.43137254901961,mixed_snow_ice
104,57,218,-3.627450980392158,debris_rock
104,58,221,-3.333333333333332,debris_rock
104,59,240,-1.4705882352941195,debris_rock
104,60,220,-3.4313725490196063,debris_rock
104,61,217,-3.7254901960784323,debris_rock
104,62,225,-2.9411764705882355,debris_rock
104,63,209,-4.509803921568629,debris_rock
104,64,247,-0.7843137254901968,debris_rock
104,65,216,-3.8235294117647065,debris_rock
104,66,113,-13.92156862745098,regular_glacier_ice
104,67,131,-12.15686274509804,clean_glacier_ice
104,68,97,-15.490196078431373,regular_glacier_ice
104,69,86,-16.568627450980394,deep_glacier_ice
104,70,123,-12.941176470588236,regular_glacier_ice
104,71,107,-14.509803921568627,regular_glacier_ice
104,72,96,-15.588235294117647,regular_glacier_ice
104,73,124,-12.843137254901961,regular_glacier_ice
104,74,86,-16.568627450980394,deep_glacier_ice
104,75,159,-9.411764705882353,clean_glacier_ice
104,76,203,-5.098039215686274,debris_rock
104,77,154,-9.901960784313726,clean_glacier_ice
104,78,191,-6.274509803921568,debris_rock
104,79,166,-8.725490196078432,mixed_snow_ice
104,80,161,-9.215686274509805,clean_glacier_ice
104,85,151,-10.196078431372548,clean_glacier_ice
104,86,159,-9.411764705882353,clean_glacier_ice
104,87,181,-7.254901960784313,mixed_snow_ice
104,88,146,-10.686274509803923,clean_glacier_ice
104,89,176,-7.745098039215687,mixed_snow_ice
104,90,158,-9.509803921568627,clean_glacier_ice
104,91,202,-5.196078431372548,debris_rock
104,92,156,-9.705882352941176,clean_glacier_ice
104,93,148,-10.49019607843137,clean_glacier_ice
104,94,155,-9.803921568627452,clean_glacier_ice
104,95,189,-6.470588235294116,debris_rock
104,96,200,-5.392156862745097,debris_rock
104,97,187,-6.666666666666668,debris_rock
104,98,172,-8.137254901960784,mixed_snow_ice
104,99,190,-6.372549019607842,debris_rock
104,100,190,-6.372549019607842,debris_rock
104,101,156,-9.705882352941176,clean_glacier_ice
104,102,159,-9.411764705882353,clean_glacier_ice
104,103,171,-8.235294117647062,mixed_snow_ice
104,104,223,-3.137254901960784,debris_rock
104,105,190,-6.372549019607842,debris_rock
104,106,193,-6.078431372549019,debris_rock
104,107,189,-6.470588235294116,debris_rock
104,108,174,-7.9411764705882355,mixed_snow_ice
104,109,182,-7.156862745098039,mixed_snow_ice
104,110,182,-7.156862745098039,mixed_snow_ice
104,111,206,-4.803921568627452,debris_rock
104,112,178,-7.549019607843139,mixed_snow_ice
104,113,192,-6.1764705882352935,debris_rock
104,114,189,-6.470588235294116,debris_rock
104,115,162,-9.11764705882353,clean_glacier_ice
104,116,197,-5.686274509803919,debris_rock
104,117,175,-7.843137254901961,mixed_snow_ice
104,118,208,-4.607843137254903,debris_rock
104,119,175,-7.843137254901961,mixed_snow_ice
104,120,182,-7.156862745098039,mixed_snow_ice
104,121,180,-7.352941176470587,mixed_snow_ice
104,122,237,-1.764705882352942,debris_rock
104,123,199,-5.490196078431371,debris_rock
104,124,180,-7.352941176470587,mixed_snow_ice
104,125,189,-6.470588235294116,debris_rock
104,126,172,-8.137254901960784,mixed_snow_ice
104,127,129,-12.352941176470589,regular_glacier_ice
104,128,146,-10.686274509803923,clean_glacier_ice
104,134,194,-5.980392156862745,debris_rock
104,135,200,-5.392156862745097,debris_rock
104,136,175,-7.843137254901961,mixed_snow_ice
104,137,176,-7.745098039215687,mixed_snow_ice
104,138,119,-13.333333333333334,regular_glacier_ice
104,139,98,-15.392156862745097,regular_glacier_ice
104,140,109,-14.313725490196079,regular_glacier_ice
104,141,126,-12.647058823529411,regular_glacier_ice
104,142,153,-10.0,clean_glacier_ice
104,143,171,-8.235294117647062,mixed_snow_ice
104,144,238,-1.6666666666666679,debris_rock
104,145,216,-3.8235294117647065,debris_rock
104,146,210,-4.411764705882355,debris_rock
104,147,225,-2.9411764705882355,debris_rock
104,148,210,-4.411764705882355,debris_rock
104,149,215,-3.9215686274509807,debris_rock
104,150,242,-1.2745098039215712,debris_rock
104,151,211,-4.313725490196081,debris_rock
104,152,183,-7.0588235294117645,mixed_snow_ice
104,153,176,-7.745098039215687,mixed_snow_ice
104,154,197,-5.686274509803919,debris_rock
104,155,189,-6.470588235294116,debris_rock
104,156,118,-13.431372549019608,regular_glacier_ice
104,157,114,-13.823529411764705,regular_glacier_ice
104,158,99,-15.294117647058822,regular_glacier_ice
104,159,96,-15.588235294117647,regular_glacier_ice
104,160,100,-15.196078431372548,regular_glacier_ice
104,161,139,-11.372549019607844,clean_glacier_ice
104,162,118,-13.431372549019608,regular_glacier_ice
104,163,117,-13.529411764705882,regular_glacier_ice
104,164,150,-10.294117647058822,clean_glacier_ice
104,165,110,-14.215686274509803,regular_glacier_ice
104,166,124,-12.843137254901961,regular_glacier_ice
104,167,101,-15.098039215686274,regular_glacier_ice
104,168,110,-14.215686274509803,regular_glacier_ice
104,169,118,-13.431372549019608,regular_glacier_ice
104,170,94,-15.784313725490195,regular_glacier_ice
104,171,139,-11.372549019607844,clean_glacier_ice
104,172,143,-10.980392156862745,clean_glacier_ice
104,173,132,-12.058823529411763,clean_glacier_ice
104,174,131,-12.15686274509804,clean_glacier_ice
104,175,178,-7.549019607843139,mixed_snow_ice
104,176,156,-9.705882352941176,clean_glacier_ice
104,177,169,-8.43137254901961,mixed_snow_ice
104,178,213,-4.117647058823529,debris_rock
104,179,185,-6.862745098039216,mixed_snow_ice
104,180,212,-4.215686274509803,debris_rock
104,181,223,-3.137254901960784,debris_rock
104,182,198,-5.588235294117645,debris_rock
104,183,209,-4.509803921568629,debris_rock
104,184,188,-6.56862745098039,debris_rock
104,185,204,-5.0,debris_rock
104,186,179,-7.450980392156865,mixed_snow_ice
104,187,147,-10.588235294117649,clean_glacier_ice
104,188,143,-10.980392156862745,clean_glacier_ice
104,189,137,-11.568627450980392,clean_glacier_ice
104,190,169,-8.43137254901961,mixed_snow_ice
104,191,146,-10.686274509803923,clean_glacier_ice
104,192,248,-0.6862745098039227,debris_rock
104,193,208,-4.607843137254903,debris_rock
104,194,205,-4.901960784313726,debris_rock
104,195,231,-2.352941176470587,debris_rock
104,196,178,-7.549019607843139,mixed_snow_ice
104,197,185,-6.862745098039216,mixed_snow_ice
104,198,159,-9.411764705882353,clean_glacier_ice
104,199,188,-6.56862745098039,debris_rock
104,200,194,-5.980392156862745,debris_rock
104,201,201,-5.2941176470588225,debris_rock
104,202,151,-10.196078431372548,clean_glacier_ice
104,203,206,-4.803921568627452,debris_rock
104,204,169,-8.43137254901961,mixed_snow_ice
104,205,198,-5.588235294117645,debris_rock
104,206,234,-2.0588235294117645,debris_rock
104,207,189,-6.470588235294116,debris_rock
104,208,187,-6.666666666666668,debris_rock
104,209,195,-5.882352941176471,debris_rock
104,210,167,-8.627450980392158,mixed_snow_ice
104,211,152,-10.098039215686274,clean_glacier_ice
104,212,171,-8.235294117647062,mixed_snow_ice
104,213,175,-7.843137254901961,mixed_snow_ice
104,214,184,-6.96078431372549,mixed_snow_ice
104,215,186,-6.764705882352942,debris_rock
104,216,255,0.0,debris_rock
104,217,255,0.0,debris_rock
104,218,197,-5.686274509803919,debris_rock
104,219,131,-12.15686274509804,clean_glacier_ice
104,220,139,-11.372549019607844,clean_glacier_ice
104,221,159,-9.411764705882353,clean_glacier_ice
104,222,161,-9.215686274509805,clean_glacier_ice
105,0,166,-8.725490196078432,mixed_snow_ice
105,1,167,-8.627450980392158,mixed_snow_ice
105,2,163,-9.019607843137257,clean_glacier_ice
105,3,159,-9.411764705882353,clean_glacier_ice
105,4,175,-7.843137254901961,mixed_snow_ice
105,5,201,-5.2941176470588225,debris_rock
105,6,244,-1.0784313725490193,debris_rock
105,7,151,-10.196078431372548,clean_glacier_ice
105,8,135,-11.76470588235294,clean_glacier_ice
105,9,105,-14.705882352941178,regular_glacier_ice
105,10,118,-13.431372549019608,regular_glacier_ice
105,11,153,-10.0,clean_glacier_ice
105,12,118,-13.431372549019608,regular_glacier_ice
105,13,103,-14.901960784313726,regular_glacier_ice
105,14,117,-13.529411764705882,regular_glacier_ice
105,15,96,-15.588235294117647,regular_glacier_ice
105,16,100,-15.196078431372548,regular_glacier_ice
105,17,128,-12.450980392156863,regular_glacier_ice
105,18,217,-3.7254901960784323,debris_rock
105,19,177,-7.647058823529413,mixed_snow_ice
105,20,196,-5.784313725490193,debris_rock
105,21,190,-6.372549019607842,debris_rock
105,22,163,-9.019607843137257,clean_glacier_ice
105,23,179,-7.450980392156865,mixed_snow_ice
105,26,225,-2.9411764705882355,debris_rock
105,27,163,-9.019607843137257,clean_glacier_ice
105,28,163,-9.019607843137257,clean_glacier_ice
105,29,153,-10.0,clean_glacier_ice
105,30,197,-5.686274509803919,debris_rock
105,31,172,-8.137254901960784,mixed_snow_ice
105,32,143,-10.980392156862745,clean_glacier_ice
105,33,190,-6.372549019607842,debris_rock
105,34,184,-6.96078431372549,mixed_snow_ice
105,35,152,-10.098039215686274,clean_glacier_ice
105,36,167,-8.627450980392158,mixed_snow_ice
105,37,200,-5.392156862745097,debris_rock
105,38,189,-6.470588235294116,debris_rock
105,39,182,-7.156862745098039,mixed_snow_ice
105,40,185,-6.862745098039216,mixed_snow_ice
105,41,229,-2.5490196078431353,debris_rock
105,42,197,-5.686274509803919,debris_rock
105,43,184,-6.96078431372549,mixed_snow_ice
105,44,192,-6.1764705882352935,debris_rock
105,45,159,-9.411764705882353,clean_glacier_ice
105,46,233,-2.1568627450980387,debris_rock
105,47,216,-3.8235294117647065,debris_rock
105,48,183,-7.0588235294117645,mixed_snow_ice
105,49,194,-5.980392156862745,debris_rock
105,50,147,-10.588235294117649,clean_glacier_ice
105,51,180,-7.352941176470587,mixed_snow_ice
105,52,184,-6.96078431372549,mixed_snow_ice
105,53,204,-5.0,debris_rock
105,54,183,-7.0588235294117645,mixed_snow_ice
105,55,196,-5.784313725490193,debris_rock
105,56,203,-5.098039215686274,debris_rock
105,57,189,-6.470588235294116,debris_rock
105,58,169,-8.43137254901961,mixed_snow_ice
105,59,172,-8.137254901960784,mixed_snow_ice
105,60,195,-5.882352941176471,debris_rock
105,61,184,-6.96078431372549,mixed_snow_ice
105,62,209,-4.509803921568629,debris_rock
105,63,202,-5.196078431372548,debris_rock
105,64,223,-3.137254901960784,debris_rock
105,65,212,-4.215686274509803,debris_rock
105,66,191,-6.274509803921568,debris_rock
105,67,215,-3.9215686274509807,debris_rock
105,68,171,-8.235294117647062,mixed_snow_ice
105,75,221,-3.333333333333332,debris_rock
105,76,201,-5.2941176470588225,debris_rock
105,77,184,-6.96078431372549,mixed_snow_ice
105,78,203,-5.098039215686274,debris_rock
105,79,168,-8.529411764705884,mixed_snow_ice
105,80,139,-11.372549019607844,clean_glacier_ice
105,81,108,-14.411764705882353,regular_glacier_ice
105,82,105,-14.705882352941178,regular_glacier_ice
105,83,87,-16.470588235294116,deep_glacier_ice
105,84,120,-13.23529411764706,regular_glacier_ice
105,85,154,-9.901960784313726,clean_glacier_ice
105,86,156,-9.705882352941176,clean_glacier_ice
105,87,213,-4.117647058823529,debris_rock
105,88,215,-3.9215686274509807,debris_rock
105,89,222,-3.235294117647058,debris_rock
105,90,214,-4.019607843137255,debris_rock
105,91,189,-6.470588235294116,debris_rock
105,92,144,-10.882352941176471,clean_glacier_ice
105,93,77,-17.450980392156865,deep_glacier_ice
105,94,49,-20.19607843137255,deep_glacier_ice
105,95,68,-18.333333333333332,deep_glacier_ice
105,96,103,-14.901960784313726,regular_glacier_ice
105,97,159,-9.411764705882353,clean_glacier_ice
105,98,123,-12.941176470588236,regular_glacier_ice
105,99,109,-14.313725490196079,regular_glacier_ice
105,100,94,-15.784313725490195,regular_glacier_ice
105,101,107,-14.509803921568627,regular_glacier_ice
105,102,119,-13.333333333333334,regular_glacier_ice
105,103,126,-12.647058823529411,regular_glacier_ice
105,104,114,-13.823529411764705,regular_glacier_ice
105,105,131,-12.15686274509804,clean_glacier_ice
105,106,151,-10.196078431372548,clean_glacier_ice
105,107,131,-12.15686274509804,clean_glacier_ice
105,108,117,-13.529411764705882,regular_glacier_ice
105,109,101,-15.098039215686274,regular_glacier_ice
105,110,109,-14.313725490196079,regular_glacier_ice
105,111,123,-12.941176470588236,regular_glacier_ice
105,112,108,-14.411764705882353,regular_glacier_ice
105,113,100,-15.196078431372548,regular_glacier_ice
105,114,118,-13.431372549019608,regular_glacier_ice
105,115,149,-10.392156862745097,clean_glacier_ice
105,116,95,-15.686274509803921,regular_glacier_ice
105,117,124,-12.843137254901961,regular_glacier_ice
105,118,139,-11.372549019607844,clean_glacier_ice
105,119,169,-8.43137254901961,mixed_snow_ice
105,120,178,-7.549019607843139,mixed_snow_ice
105,121,189,-6.470588235294116,debris_rock
105,122,183,-7.0588235294117645,mixed_snow_ice
105,123,208,-4.607843137254903,debris_rock
105,124,203,-5.098039215686274,debris_rock
105,125,188,-6.56862745098039,debris_rock
105,126,196,-5.784313725490193,debris_rock
105,127,201,-5.2941176470588225,debris_rock
105,128,193,-6.078431372549019,debris_rock
105,129,175,-7.843137254901961,mixed_snow_ice
105,130,180,-7.352941176470587,mixed_snow_ice
105,131,177,-7.647058823529413,mixed_snow_ice
105,132,179,-7.450980392156865,mixed_snow_ice
105,133,200,-5.392156862745097,debris_rock
105,134,224,-3.0392156862745097,debris_rock
105,135,178,-7.549019607843139,mixed_snow_ice
105,136,187,-6.666666666666668,debris_rock
105,137,190,-6.372549019607842,debris_rock
105,138,187,-6.666666666666668,debris_rock
105,139,227,-2.745098039215687,debris_rock
105,140,184,-6.96078431372549,mixed_snow_ice
105,141,159,-9.411764705882353,clean_glacier_ice
105,142,189,-6.470588235294116,debris_rock
105,143,201,-5.2941176470588225,debris_rock
105,144,167,-8.627450980392158,mixed_snow_ice
105,145,190,-6.372549019607842,debris_rock
105,146,182,-7.156862745098039,mixed_snow_ice
105,147,139,-11.372549019607844,clean_glacier_ice
105,148,255,0.0,debris_rock
105,149,210,-4.411764705882355,debris_rock
105,150,169,-8.43137254901961,mixed_snow_ice
105,151,188,-6.56862745098039,debris_rock
105,152,180,-7.352941176470587,mixed_snow_ice
105,154,219,-3.529411764705884,debris_rock
105,155,162,-9.11764705882353,clean_glacier_ice
105,156,159,-9.411764705882353,clean_glacier_ice
105,157,174,-7.9411764705882355,mixed_snow_ice
105,158,255,0.0,debris_rock
105,159,255,0.0,debris_rock
105,160,155,-9.803921568627452,clean_glacier_ice
105,161,28,-22.254901960784313,very_deep_glacier_ice
105,162,37,-21.372549019607842,very_deep_glacier_ice
105,163,144,-10.882352941176471,clean_glacier_ice
105,164,137,-11.568627450980392,clean_glacier_ice
105,165,138,-11.470588235294118,clean_glacier_ice
105,166,132,-12.058823529411763,clean_glacier_ice
105,167,141,-11.176470588235293,clean_glacier_ice
105,168,136,-11.666666666666666,clean_glacier_ice
105,169,150,-10.294117647058822,clean_glacier_ice
105,170,210,-4.411764705882355,debris_rock
105,171,223,-3.137254901960784,debris_rock
105,172,186,-6.764705882352942,debris_rock
105,173,175,-7.843137254901961,mixed_snow_ice
105,174,154,-9.901960784313726,clean_glacier_ice
105,175,152,-10.098039215686274,clean_glacier_ice
105,176,136,-11.666666666666666,clean_glacier_ice
105,177,128,-12.450980392156863,regular_glacier_ice
105,178,95,-15.686274509803921,regular_glacier_ice
105,179,125,-12.745098039215687,regular_glacier_ice
105,180,92,-15.980392156862745,regular_glacier_ice
105,181,134,-11.862745098039214,clean_glacier_ice
105,182,170,-8.333333333333336,mixed_snow_ice
105,183,161,-9.215686274509805,clean_glacier_ice
105,184,165,-8.823529411764707,clean_glacier_ice
105,185,180,-7.352941176470587,mixed_snow_ice
105,186,161,-9.215686274509805,clean_glacier_ice
105,187,155,-9.803921568627452,clean_glacier_ice
105,188,159,-9.411764705882353,clean_glacier_ice
105,189,203,-5.098039215686274,debris_rock
105,190,232,-2.254901960784313,debris_rock
105,191,202,-5.196078431372548,debris_rock
105,192,176,-7.745098039215687,mixed_snow_ice
105,193,142,-11.07843137254902,clean_glacier_ice
105,194,133,-11.960784313725489,clean_glacier_ice
105,195,225,-2.9411764705882355,debris_rock
105,196,188,-6.56862745098039,debris_rock
105,197,119,-13.333333333333334,regular_glacier_ice
105,198,242,-1.2745098039215712,debris_rock
105,199,183,-7.0588235294117645,mixed_snow_ice
105,200,161,-9.215686274509805,clean_glacier_ice
105,201,164,-8.92156862745098,clean_glacier_ice
105,202,167,-8.627450980392158,mixed_snow_ice
105,203,157,-9.607843137254902,clean_glacier_ice
105,204,152,-10.098039215686274,clean_glacier_ice
105,205,252,-0.2941176470588225,debris_rock
105,206,255,0.0,debris_rock
105,207,144,-10.882352941176471,clean_glacier_ice
105,208,156,-9.705882352941176,clean_glacier_ice
105,209,146,-10.686274509803923,clean_glacier_ice
105,210,139,-11.372549019607844,clean_glacier_ice
105,211,164,-8.92156862745098,clean_glacier_ice
105,212,143,-10.980392156862745,clean_glacier_ice
105,213,214,-4.019607843137255,debris_rock
105,214,216,-3.8235294117647065,debris_rock
105,215,200,-5.392156862745097,debris_rock
105,216,198,-5.588235294117645,debris_rock
105,217,205,-4.901960784313726,debris_rock
105,218,183,-7.0588235294117645,mixed_snow_ice
105,219,176,-7.745098039215687,mixed_snow_ice
105,220,186,-6.764705882352942,debris_rock
105,221,205,-4.901960784313726,debris_rock
105,222,207,-4.7058823529411775,debris_rock
106,0,186,-6.764705882352942,debris_rock
106,1,167,-8.627450980392158,mixed_snow_ice
106,2,191,-6.274509803921568,debris_rock
106,3,196,-5.784313725490193,debris_rock
106,4,191,-6.274509803921568,debris_rock
106,5,193,-6.078431372549019,debris_rock
106,6,182,-7.156862745098039,mixed_snow_ice
106,7,190,-6.372549019607842,debris_rock
106,8,180,-7.352941176470587,mixed_snow_ice
106,9,201,-5.2941176470588225,debris_rock
106,10,177,-7.647058823529413,mixed_snow_ice
106,17,183,-7.0588235294117645,mixed_snow_ice
106,18,149,-10.392156862745097,clean_glacier_ice
106,19,220,-3.4313725490196063,debris_rock
106,20,240,-1.4705882352941195,debris_rock
106,21,217,-3.7254901960784323,debris_rock
106,22,182,-7.156862745098039,mixed_snow_ice
106,23,130,-12.254901960784315,clean_glacier_ice
106,24,87,-16.470588235294116,deep_glacier_ice
106,25,115,-13.72549019607843,regular_glacier_ice
106,26,103,-14.901960784313726,regular_glacier_ice
106,27,140,-11.274509803921568,clean_glacier_ice
106,28,163,-9.019607843137257,clean_glacier_ice
106,29,189,-6.470588235294116,debris_rock
106,30,236,-1.8627450980392162,debris_rock
106,31,255,0.0,debris_rock
106,32,198,-5.588235294117645,debris_rock
106,33,145,-10.784313725490197,clean_glacier_ice
106,34,99,-15.294117647058822,regular_glacier_ice
106,35,38,-21.274509803921568,very_deep_glacier_ice
106,36,19,-23.137254901960784,very_deep_glacier_ice
106,37,22,-22.84313725490196,very_deep_glacier_ice
106,38,61,-19.019607843137255,deep_glacier_ice
106,39,222,-3.235294117647058,debris_rock
106,40,188,-6.56862745098039,debris_rock
106,41,122,-13.03921568627451,regular_glacier_ice
106,42,148,-10.49019607843137,clean_glacier_ice
106,43,149,-10.392156862745097,clean_glacier_ice
106,44,108,-14.411764705882353,regular_glacier_ice
106,45,146,-10.686274509803923,clean_glacier_ice
106,46,128,-12.450980392156863,regular_glacier_ice
106,47,104,-14.803921568627452,regular_glacier_ice
106,48,167,-8.627450980392158,mixed_snow_ice
106,49,117,-13.529411764705882,regular_glacier_ice
106,50,125,-12.745098039215687,regular_glacier_ice
106,51,115,-13.72549019607843,regular_glacier_ice
106,52,117,-13.529411764705882,regular_glacier_ice
106,53,107,-14.509803921568627,regular_glacier_ice
106,54,124,-12.843137254901961,regular_glacier_ice
106,55,94,-15.784313725490195,regular_glacier_ice
106,56,104,-14.803921568627452,regular_glacier_ice
106,57,108,-14.411764705882353,regular_glacier_ice
106,58,119,-13.333333333333334,regular_glacier_ice
106,59,118,-13.431372549019608,regular_glacier_ice
106,60,133,-11.960784313725489,clean_glacier_ice
106,61,141,-11.176470588235293,clean_glacier_ice
106,62,192,-6.1764705882352935,debris_rock
106,63,174,-7.9411764705882355,mixed_snow_ice
106,64,199,-5.490196078431371,debris_rock
106,65,157,-9.607843137254902,clean_glacier_ice
106,66,169,-8.43137254901961,mixed_snow_ice
106,67,190,-6.372549019607842,debris_rock
106,68,166,-8.725490196078432,mixed_snow_ice
106,69,191,-6.274509803921568,debris_rock
106,70,180,-7.352941176470587,mixed_snow_ice
106,71,194,-5.980392156862745,debris_rock
106,72,175,-7.843137254901961,mixed_snow_ice
106,73,197,-5.686274509803919,debris_rock
106,74,175,-7.843137254901961,mixed_snow_ice
106,75,187,-6.666666666666668,debris_rock
106,76,194,-5.980392156862745,debris_rock
106,77,156,-9.705882352941176,clean_glacier_ice
106,78,209,-4.509803921568629,debris_rock
106,79,209,-4.509803921568629,debris_rock
106,80,200,-5.392156862745097,debris_rock
106,81,194,-5.980392156862745,debris_rock
106,82,185,-6.862745098039216,mixed_snow_ice
106,83,180,-7.352941176470587,mixed_snow_ice
106,84,197,-5.686274509803919,debris_rock
106,85,198,-5.588235294117645,debris_rock
106,86,190,-6.372549019607842,debris_rock
106,87,198,-5.588235294117645,debris_rock
106,88,207,-4.7058823529411775,debris_rock
106,89,176,-7.745098039215687,mixed_snow_ice
106,90,220,-3.4313725490196063,debris_rock
106,91,230,-2.450980392156861,debris_rock
106,92,147,-10.588235294117649,clean_glacier_ice
106,93,190,-6.372549019607842,debris_rock
106,94,177,-7.647058823529413,mixed_snow_ice
106,96,219,-3.529411764705884,debris_rock
106,97,183,-7.0588235294117645,mixed_snow_ice
106,98,151,-10.196078431372548,clean_glacier_ice
106,99,157,-9.607843137254902,clean_glacier_ice
106,100,255,0.0,debris_rock
106,101,255,0.0,debris_rock
106,102,193,-6.078431372549019,debris_rock
106,103,131,-12.15686274509804,clean_glacier_ice
106,104,86,-16.568627450980394,deep_glacier_ice
106,105,87,-16.470588235294116,deep_glacier_ice
106,106,93,-15.882352941176471,regular_glacier_ice
106,107,106,-14.607843137254902,regular_glacier_ice
106,108,104,-14.803921568627452,regular_glacier_ice
106,109,69,-18.235294117647058,deep_glacier_ice
106,110,73,-17.84313725490196,deep_glacier_ice
106,111,131,-12.15686274509804,clean_glacier_ice
106,112,195,-5.882352941176471,debris_rock
106,113,194,-5.980392156862745,debris_rock
106,114,244,-1.0784313725490193,debris_rock
106,115,238,-1.6666666666666679,debris_rock
106,116,184,-6.96078431372549,mixed_snow_ice
106,117,171,-8.235294117647062,mixed_snow_ice
106,118,136,-11.666666666666666,clean_glacier_ice
106,119,112,-14.019607843137255,regular_glacier_ice
106,120,108,-14.411764705882353,regular_glacier_ice
106,121,105,-14.705882352941178,regular_glacier_ice
106,122,105,-14.705882352941178,regular_glacier_ice
106,123,154,-9.901960784313726,clean_glacier_ice
106,124,162,-9.11764705882353,clean_glacier_ice
106,125,175,-7.843137254901961,mixed_snow_ice
106,126,190,-6.372549019607842,debris_rock
106,127,164,-8.92156862745098,clean_glacier_ice
106,128,129,-12.352941176470589,regular_glacier_ice
106,129,184,-6.96078431372549,mixed_snow_ice
106,130,170,-8.333333333333336,mixed_snow_ice
106,131,202,-5.196078431372548,debris_rock
106,132,174,-7.9411764705882355,mixed_snow_ice
106,133,181,-7.254901960784313,mixed_snow_ice
106,134,225,-2.9411764705882355,debris_rock
106,135,178,-7.549019607843139,mixed_snow_ice
106,136,148,-10.49019607843137,clean_glacier_ice
106,137,234,-2.0588235294117645,debris_rock
106,138,185,-6.862745098039216,mixed_snow_ice
106,139,142,-11.07843137254902,clean_glacier_ice
106,140,223,-3.137254901960784,debris_rock
106,141,218,-3.627450980392158,debris_rock
106,142,177,-7.647058823529413,mixed_snow_ice
106,143,183,-7.0588235294117645,mixed_snow_ice
106,144,165,-8.823529411764707,clean_glacier_ice
106,145,156,-9.705882352941176,clean_glacier_ice
106,146,210,-4.411764705882355,debris_rock
106,147,255,0.0,debris_rock
106,148,201,-5.2941176470588225,debris_rock
106,149,144,-10.882352941176471,clean_glacier_ice
106,150,135,-11.76470588235294,clean_glacier_ice
106,151,134,-11.862745098039214,clean_glacier_ice
106,152,135,-11.76470588235294,clean_glacier_ice
106,153,108,-14.411764705882353,regular_glacier_ice
106,154,118,-13.431372549019608,regular_glacier_ice
106,155,194,-5.980392156862745,debris_rock
106,156,238,-1.6666666666666679,debris_rock
106,157,203,-5.098039215686274,debris_rock
106,158,216,-3.8235294117647065,debris_rock
106,159,212,-4.215686274509803,debris_rock
106,160,178,-7.549019607843139,mixed_snow_ice
106,161,170,-8.333333333333336,mixed_snow_ice
106,162,219,-3.529411764705884,debris_rock
106,163,188,-6.56862745098039,debris_rock
106,164,175,-7.843137254901961,mixed_snow_ice
106,165,197,-5.686274509803919,debris_rock
106,166,171,-8.235294117647062,mixed_snow_ice
106,167,210,-4.411764705882355,debris_rock
106,168,191,-6.274509803921568,debris_rock
106,169,160,-9.313725490196079,clean_glacier_ice
106,170,195,-5.882352941176471,debris_rock
106,171,194,-5.980392156862745,debris_rock
106,172,194,-5.980392156862745,debris_rock
106,173,188,-6.56862745098039,debris_rock
106,174,178,-7.549019607843139,mixed_snow_ice
106,175,181,-7.254901960784313,mixed_snow_ice
106,176,146,-10.686274509803923,clean_glacier_ice
106,182,168,-8.529411764705884,mixed_snow_ice
106,183,136,-11.666666666666666,clean_glacier_ice
106,184,158,-9.509803921568627,clean_glacier_ice
106,185,240,-1.4705882352941195,debris_rock
106,186,237,-1.764705882352942,debris_rock
106,187,160,-9.313725490196079,clean_glacier_ice
106,188,136,-11.666666666666666,clean_glacier_ice
106,189,90,-16.176470588235293,regular_glacier_ice
106,190,78,-17.352941176470587,deep_glacier_ice
106,191,109,-14.313725490196079,regular_glacier_ice
106,192,102,-15.0,regular_glacier_ice
106,193,139,-11.372549019607844,clean_glacier_ice
106,194,164,-8.92156862745098,clean_glacier_ice
106,195,255,0.0,debris_rock
106,196,222,-3.235294117647058,debris_rock
106,197,97,-15.490196078431373,regular_glacier_ice
106,198,40,-21.07843137254902,very_deep_glacier_ice
106,199,16,-23.431372549019606,very_deep_glacier_ice
106,200,21,-22.941176470588236,very_deep_glacier_ice
106,201,40,-21.07843137254902,very_deep_glacier_ice
106,202,67,-18.431372549019606,deep_glacier_ice
106,203,151,-10.196078431372548,clean_glacier_ice
106,204,253,-0.19607843137254832,debris_rock
106,205,218,-3.627450980392158,debris_rock
106,206,131,-12.15686274509804,clean_glacier_ice
106,207,117,-13.529411764705882,regular_glacier_ice
106,208,139,-11.372549019607844,clean_glacier_ice
106,209,103,-14.901960784313726,regular_glacier_ice
106,210,103,-14.901960784313726,regular_glacier_ice
106,211,112,-14.019607843137255,regular_glacier_ice
106,212,122,-13.03921568627451,regular_glacier_ice
106,213,148,-10.49019607843137,clean_glacier_ice
106,214,108,-14.411764705882353,regular_glacier_ice
106,215,143,-10.980392156862745,clean_glacier_ice
106,216,143,-10.980392156862745,clean_glacier_ice
106,217,127,-12.549019607843137,regular_glacier_ice
106,218,118,-13.431372549019608,regular_glacier_ice
106,219,111,-14.117647058823529,regular_glacier_ice
106,220,107,-14.509803921568627,regular_glacier_ice
106,221,138,-11.470588235294118,clean_glacier_ice
106,222,94,-15.784313725490195,regular_glacier_ice
107,0,103,-14.901960784313726,regular_glacier_ice
107,1,119,-13.333333333333334,regular_glacier_ice
107,2,140,-11.274509803921568,clean_glacier_ice
107,3,165,-8.823529411764707,clean_glacier_ice
107,4,204,-5.0,debris_rock
107,5,173,-8.03921568627451,mixed_snow_ice
107,6,176,-7.745098039215687,mixed_snow_ice
107,7,202,-5.196078431372548,debris_rock
107,8,190,-6.372549019607842,debris_rock
107,9,185,-6.862745098039216,mixed_snow_ice
107,10,188,-6.56862745098039,debris_rock
107,11,209,-4.509803921568629,debris_rock
107,12,190,-6.372549019607842,debris_rock
107,13,179,-7.450980392156865,mixed_snow_ice
107,14,177,-7.647058823529413,mixed_snow_ice
107,15,193,-6.078431372549019,debris_rock
107,16,193,-6.078431372549019,debris_rock
107,17,202,-5.196078431372548,debris_rock
107,18,184,-6.96078431372549,mixed_snow_ice
107,19,196,-5.784313725490193,debris_rock
107,20,198,-5.588235294117645,debris_rock
107,21,210,-4.411764705882355,debris_rock
107,22,192,-6.1764705882352935,debris_rock
107,23,190,-6.372549019607842,debris_rock
107,24,200,-5.392156862745097,debris_rock
107,25,201,-5.2941176470588225,debris_rock
107,26,193,-6.078431372549019,debris_rock
107,27,181,-7.254901960784313,mixed_snow_ice
107,28,217,-3.7254901960784323,debris_rock
107,29,208,-4.607843137254903,debris_rock
107,30,191,-6.274509803921568,debris_rock
107,31,176,-7.745098039215687,mixed_snow_ice
107,32,163,-9.019607843137257,clean_glacier_ice
107,33,185,-6.862745098039216,mixed_snow_ice
107,34,179,-7.450980392156865,mixed_snow_ice
107,35,147,-10.588235294117649,clean_glacier_ice
107,36,159,-9.411764705882353,clean_glacier_ice
107,37,140,-11.274509803921568,clean_glacier_ice
107,38,205,-4.901960784313726,debris_rock
107,40,132,-12.058823529411763,clean_glacier_ice
107,41,161,-9.215686274509805,clean_glacier_ice
107,42,249,-0.5882352941176485,debris_rock
107,43,255,0.0,debris_rock
107,44,168,-8.529411764705884,mixed_snow_ice
107,45,101,-15.098039215686274,regular_glacier_ice
107,46,100,-15.196078431372548,regular_glacier_ice
107,47,113,-13.92156862745098,regular_glacier_ice
107,48,159,-9.411764705882353,clean_glacier_ice
107,49,178,-7.549019607843139,mixed_snow_ice
107,50,147,-10.588235294117649,clean_glacier_ice
107,51,147,-10.588235294117649,clean_glacier_ice
107,52,141,-11.176470588235293,clean_glacier_ice
107,53,155,-9.803921568627452,clean_glacier_ice
107,54,153,-10.0,clean_glacier_ice
107,55,172,-8.137254901960784,mixed_snow_ice
107,56,216,-3.8235294117647065,debris_rock
107,57,194,-5.980392156862745,debris_rock
107,58,156,-9.705882352941176,clean_glacier_ice
107,59,150,-10.294117647058822,clean_glacier_ice
107,60,131,-12.15686274509804,clean_glacier_ice
107,61,128,-12.450980392156863,regular_glacier_ice
107,62,79,-17.254901960784313,deep_glacier_ice
107,63,88,-16.372549019607845,regular_glacier_ice
107,64,112,-14.019607843137255,regular_glacier_ice
107,65,120,-13.23529411764706,regular_glacier_ice
107,68,125,-12.745098039215687,regular_glacier_ice
107,69,102,-15.0,regular_glacier_ice
107,70,135,-11.76470588235294,clean_glacier_ice
107,71,255,0.0,debris_rock
107,72,181,-7.254901960784313,mixed_snow_ice
107,73,196,-5.784313725490193,debris_rock
107,74,179,-7.450980392156865,mixed_snow_ice
107,75,166,-8.725490196078432,mixed_snow_ice
107,76,168,-8.529411764705884,mixed_snow_ice
107,77,204,-5.0,debris_rock
107,78,207,-4.7058823529411775,debris_rock
107,79,227,-2.745098039215687,debris_rock
107,80,191,-6.274509803921568,debris_rock
107,81,159,-9.411764705882353,clean_glacier_ice
107,84,159,-9.411764705882353,clean_glacier_ice
107,85,172,-8.137254901960784,mixed_snow_ice
107,86,188,-6.56862745098039,debris_rock
107,87,202,-5.196078431372548,debris_rock
107,88,249,-0.5882352941176485,debris_rock
107,89,206,-4.803921568627452,debris_rock
107,90,208,-4.607843137254903,debris_rock
107,91,150,-10.294117647058822,clean_glacier_ice
107,92,99,-15.294117647058822,regular_glacier_ice
107,93,84,-16.764705882352942,deep_glacier_ice
107,94,46,-20.490196078431374,deep_glacier_ice
107,95,63,-18.823529411764707,deep_glacier_ice
107,96,80,-17.15686274509804,deep_glacier_ice
107,97,199,-5.490196078431371,debris_rock
107,98,241,-1.3725490196078454,debris_rock
107,99,192,-6.1764705882352935,debris_rock
107,100,230,-2.450980392156861,debris_rock
107,101,250,-0.49019607843137436,debris_rock
107,102,178,-7.549019607843139,mixed_snow_ice
107,103,229,-2.5490196078431353,debris_rock
107,104,200,-5.392156862745097,debris_rock
107,105,165,-8.823529411764707,clean_glacier_ice
107,106,169,-8.43137254901961,mixed_snow_ice
107,107,204,-5.0,debris_rock
107,108,163,-9.019607843137257,clean_glacier_ice
107,109,218,-3.627450980392158,debris_rock
107,110,188,-6.56862745098039,debris_rock
107,111,163,-9.019607843137257,clean_glacier_ice
107,112,196,-5.784313725490193,debris_rock
107,113,209,-4.509803921568629,debris_rock
107,114,195,-5.882352941176471,debris_rock
107,115,158,-9.509803921568627,clean_glacier_ice
107,116,198,-5.588235294117645,debris_rock
107,117,185,-6.862745098039216,mixed_snow_ice
107,118,163,-9.019607843137257,clean_glacier_ice
107,119,159,-9.411764705882353,clean_glacier_ice
107,124,212,-4.215686274509803,debris_rock
107,125,128,-12.450980392156863,regular_glacier_ice
107,126,110,-14.215686274509803,regular_glacier_ice
107,127,180,-7.352941176470587,mixed_snow_ice
107,128,213,-4.117647058823529,debris_rock
107,129,171,-8.235294117647062,mixed_snow_ice
107,130,133,-11.960784313725489,clean_glacier_ice
107,131,88,-16.372549019607845,regular_glacier_ice
107,132,79,-17.254901960784313,deep_glacier_ice
107,133,92,-15.980392156862745,regular_glacier_ice
107,134,111,-14.117647058823529,regular_glacier_ice
107,135,120,-13.23529411764706,regular_glacier_ice
107,136,195,-5.882352941176471,debris_rock
107,137,255,0.0,debris_rock
107,138,143,-10.980392156862745,clean_glacier_ice
107,139,121,-13.137254901960786,regular_glacier_ice
107,140,105,-14.705882352941178,regular_glacier_ice
107,141,41,-20.980392156862745,very_deep_glacier_ice
107,142,7,-24.313725490196077,very_deep_glacier_ice
107,143,27,-22.352941176470587,very_deep_glacier_ice
107,144,56,-19.509803921568626,deep_glacier_ice
107,145,191,-6.274509803921568,debris_rock
107,146,255,0.0,debris_rock
107,147,214,-4.019607843137255,debris_rock
107,148,128,-12.450980392156863,regular_glacier_ice
107,149,130,-12.254901960784315,clean_glacier_ice
107,150,138,-11.470588235294118,clean_glacier_ice
107,151,91,-16.07843137254902,regular_glacier_ice
107,152,85,-16.666666666666668,deep_glacier_ice
107,153,115,-13.72549019607843,regular_glacier_ice
107,154,146,-10.686274509803923,clean_glacier_ice
107,155,138,-11.470588235294118,clean_glacier_ice
107,156,92,-15.980392156862745,regular_glacier_ice
107,157,138,-11.470588235294118,clean_glacier_ice
107,158,123,-12.941176470588236,regular_glacier_ice
107,159,109,-14.313725490196079,regular_glacier_ice
107,160,114,-13.823529411764705,regular_glacier_ice
107,161,118,-13.431372549019608,regular_glacier_ice
107,162,132,-12.058823529411763,clean_glacier_ice
107,163,124,-12.843137254901961,regular_glacier_ice
107,164,110,-14.215686274509803,regular_glacier_ice
107,165,131,-12.15686274509804,clean_glacier_ice
107,166,146,-10.686274509803923,clean_glacier_ice
107,167,140,-11.274509803921568,clean_glacier_ice
107,168,142,-11.07843137254902,clean_glacier_ice
107,169,181,-7.254901960784313,mixed_snow_ice
107,170,164,-8.92156862745098,clean_glacier_ice
107,171,198,-5.588235294117645,debris_rock
107,172,220,-3.4313725490196063,debris_rock
107,173,185,-6.862745098039216,mixed_snow_ice
107,174,190,-6.372549019607842,debris_rock
107,175,196,-5.784313725490193,debris_rock
107,176,188,-6.56862745098039,debris_rock
107,177,182,-7.156862745098039,mixed_snow_ice
107,178,192,-6.1764705882352935,debris_rock
107,179,196,-5.784313725490193,debris_rock
107,180,154,-9.901960784313726,clean_glacier_ice
107,181,215,-3.9215686274509807,debris_rock
107,182,186,-6.764705882352942,debris_rock
107,183,179,-7.450980392156865,mixed_snow_ice
107,184,206,-4.803921568627452,debris_rock
107,185,175,-7.843137254901961,mixed_snow_ice
107,186,165,-8.823529411764707,clean_glacier_ice
107,187,198,-5.588235294117645,debris_rock
107,188,216,-3.8235294117647065,debris_rock
107,189,221,-3.333333333333332,debris_rock
107,190,201,-5.2941176470588225,debris_rock
107,191,193,-6.078431372549019,debris_rock
107,192,197,-5.686274509803919,debris_rock
107,193,188,-6.56862745098039,debris_rock
107,194,184,-6.96078431372549,mixed_snow_ice
107,195,191,-6.274509803921568,debris_rock
107,196,226,-2.8431372549019613,debris_rock
107,197,221,-3.333333333333332,debris_rock
107,198,139,-11.372549019607844,clean_glacier_ice
107,199,109,-14.313725490196079,regular_glacier_ice
107,200,93,-15.882352941176471,regular_glacier_ice
107,201,133,-11.960784313725489,clean_glacier_ice
107,205,206,-4.803921568627452,debris_rock
107,206,190,-6.372549019607842,debris_rock
107,207,192,-6.1764705882352935,debris_rock
107,208,248,-0.6862745098039227,debris_rock
107,209,219,-3.529411764705884,debris_rock
107,210,165,-8.823529411764707,clean_glacier_ice
107,211,115,-13.72549019607843,regular_glacier_ice
107,212,144,-10.882352941176471,clean_glacier_ice
107,213,129,-12.352941176470589,regular_glacier_ice
107,214,180,-7.352941176470587,mixed_snow_ice
107,215,246,-0.882352941176471,debris_rock
107,216,255,0.0,debris_rock
107,217,220,-3.4313725490196063,debris_rock
107,218,184,-6.96078431372549,mixed_snow_ice
107,219,175,-7.843137254901961,mixed_snow_ice
107,220,135,-11.76470588235294,clean_glacier_ice
107,221,245,-0.9803921568627452,debris_rock
107,222,242,-1.2745098039215712,debris_rock
108,0,167,-8.627450980392158,mixed_snow_ice
108,1,163,-9.019607843137257,clean_glacier_ice
108,2,150,-10.294117647058822,clean_glacier_ice
108,3,119,-13.333333333333334,regular_glacier_ice
108,4,108,-14.411764705882353,regular_glacier_ice
108,5,76,-17.549019607843135,deep_glacier_ice
108,6,204,-5.0,debris_rock
108,7,142,-11.07843137254902,clean_glacier_ice
108,8,132,-12.058823529411763,clean_glacier_ice
108,9,121,-13.137254901960786,regular_glacier_ice
108,10,100,-15.196078431372548,regular_glacier_ice
108,11,130,-12.254901960784315,clean_glacier_ice
108,12,215,-3.9215686274509807,debris_rock
108,13,255,0.0,debris_rock
108,14,163,-9.019607843137257,clean_glacier_ice
108,15,192,-6.1764705882352935,debris_rock
108,16,214,-4.019607843137255,debris_rock
108,17,177,-7.647058823529413,mixed_snow_ice
108,18,79,-17.254901960784313,deep_glacier_ice
108,19,232,-2.254901960784313,debris_rock
108,20,249,-0.5882352941176485,debris_rock
108,21,214,-4.019607843137255,debris_rock
108,22,178,-7.549019607843139,mixed_snow_ice
108,26,231,-2.352941176470587,debris_rock
108,27,160,-9.313725490196079,clean_glacier_ice
108,28,197,-5.686274509803919,debris_rock
108,29,216,-3.8235294117647065,debris_rock
108,30,199,-5.490196078431371,debris_rock
108,31,213,-4.117647058823529,debris_rock
108,32,212,-4.215686274509803,debris_rock
108,33,135,-11.76470588235294,clean_glacier_ice
108,34,120,-13.23529411764706,regular_glacier_ice
108,35,106,-14.607843137254902,regular_glacier_ice
108,36,95,-15.686274509803921,regular_glacier_ice
108,37,122,-13.03921568627451,regular_glacier_ice
108,38,92,-15.980392156862745,regular_glacier_ice
108,39,86,-16.568627450980394,deep_glacier_ice
108,40,202,-5.196078431372548,debris_rock
108,41,174,-7.9411764705882355,mixed_snow_ice
108,42,225,-2.9411764705882355,debris_rock
108,43,255,0.0,debris_rock
108,44,238,-1.6666666666666679,debris_rock
108,45,207,-4.7058823529411775,debris_rock
108,46,197,-5.686274509803919,debris_rock
108,47,191,-6.274509803921568,debris_rock
108,48,175,-7.843137254901961,mixed_snow_ice
108,49,166,-8.725490196078432,mixed_snow_ice
108,50,174,-7.9411764705882355,mixed_snow_ice
108,51,174,-7.9411764705882355,mixed_snow_ice
108,52,192,-6.1764705882352935,debris_rock
108,53,169,-8.43137254901961,mixed_snow_ice
108,54,201,-5.2941176470588225,debris_rock
108,55,200,-5.392156862745097,debris_rock
108,56,208,-4.607843137254903,debris_rock
108,57,151,-10.196078431372548,clean_glacier_ice
108,58,175,-7.843137254901961,mixed_snow_ice
108,59,156,-9.705882352941176,clean_glacier_ice
108,60,117,-13.529411764705882,regular_glacier_ice
108,61,179,-7.450980392156865,mixed_snow_ice
108,65,226,-2.8431372549019613,debris_rock
108,67,118,-13.431372549019608,regular_glacier_ice
108,68,107,-14.509803921568627,regular_glacier_ice
108,69,116,-13.627450980392156,regular_glacier_ice
108,70,164,-8.92156862745098,clean_glacier_ice
108,71,216,-3.8235294117647065,debris_rock
108,72,147,-10.588235294117649,clean_glacier_ice
108,73,94,-15.784313725490195,regular_glacier_ice
108,74,93,-15.882352941176471,regular_glacier_ice
108,75,90,-16.176470588235293,regular_glacier_ice
108,76,121,-13.137254901960786,regular_glacier_ice
108,77,136,-11.666666666666666,clean_glacier_ice
108,78,177,-7.647058823529413,mixed_snow_ice
108,79,211,-4.313725490196081,debris_rock
108,80,176,-7.745098039215687,mixed_snow_ice
108,81,143,-10.980392156862745,clean_glacier_ice
108,82,94,-15.784313725490195,regular_glacier_ice
108,85,119,-13.333333333333334,regular_glacier_ice
108,86,202,-5.196078431372548,debris_rock
108,87,190,-6.372549019607842,debris_rock
108,88,255,0.0,debris_rock
108,89,255,0.0,debris_rock
108,90,152,-10.098039215686274,clean_glacier_ice
108,91,122,-13.03921568627451,regular_glacier_ice
108,92,131,-12.15686274509804,clean_glacier_ice
108,93,118,-13.431372549019608,regular_glacier_ice
108,94,131,-12.15686274509804,clean_glacier_ice
108,95,132,-12.058823529411763,clean_glacier_ice
108,96,141,-11.176470588235293,clean_glacier_ice
108,97,141,-11.176470588235293,clean_glacier_ice
108,98,136,-11.666666666666666,clean_glacier_ice
108,99,138,-11.470588235294118,clean_glacier_ice
108,100,127,-12.549019607843137,regular_glacier_ice
108,101,111,-14.117647058823529,regular_glacier_ice
108,102,125,-12.745098039215687,regular_glacier_ice
108,103,110,-14.215686274509803,regular_glacier_ice
108,104,133,-11.960784313725489,clean_glacier_ice
108,105,155,-9.803921568627452,clean_glacier_ice
108,106,104,-14.803921568627452,regular_glacier_ice
108,107,139,-11.372549019607844,clean_glacier_ice
108,108,113,-13.92156862745098,regular_glacier_ice
108,109,125,-12.745098039215687,regular_glacier_ice
108,110,146,-10.686274509803923,clean_glacier_ice
108,111,152,-10.098039215686274,clean_glacier_ice
108,112,170,-8.333333333333336,mixed_snow_ice
108,113,199,-5.490196078431371,debris_rock
108,114,231,-2.352941176470587,debris_rock
108,115,198,-5.588235294117645,debris_rock
108,116,192,-6.1764705882352935,debris_rock
108,117,190,-6.372549019607842,debris_rock
108,118,188,-6.56862745098039,debris_rock
108,119,189,-6.470588235294116,debris_rock
108,120,196,-5.784313725490193,debris_rock
108,121,200,-5.392156862745097,debris_rock
108,122,158,-9.509803921568627,clean_glacier_ice
108,123,144,-10.882352941176471,clean_glacier_ice
108,124,142,-11.07843137254902,clean_glacier_ice
108,125,158,-9.509803921568627,clean_glacier_ice
108,126,178,-7.549019607843139,mixed_snow_ice
108,127,164,-8.92156862745098,clean_glacier_ice
108,128,191,-6.274509803921568,debris_rock
108,129,182,-7.156862745098039,mixed_snow_ice
108,130,179,-7.450980392156865,mixed_snow_ice
108,131,180,-7.352941176470587,mixed_snow_ice
108,132,193,-6.078431372549019,debris_rock
108,133,178,-7.549019607843139,mixed_snow_ice
108,134,222,-3.235294117647058,debris_rock
108,135,201,-5.2941176470588225,debris_rock
108,136,198,-5.588235294117645,debris_rock
108,137,183,-7.0588235294117645,mixed_snow_ice
108,138,206,-4.803921568627452,debris_rock
108,139,164,-8.92156862745098,clean_glacier_ice
108,140,72,-17.941176470588236,deep_glacier_ice
108,141,85,-16.666666666666668,deep_glacier_ice
108,147,255,0.0,debris_rock
108,148,255,0.0,debris_rock
108,149,118,-13.431372549019608,regular_glacier_ice
108,150,190,-6.372549019607842,debris_rock
108,151,190,-6.372549019607842,debris_rock
108,152,206,-4.803921568627452,debris_rock
108,153,208,-4.607843137254903,debris_rock
108,154,222,-3.235294117647058,debris_rock
108,155,148,-10.49019607843137,clean_glacier_ice
108,156,255,0.0,debris_rock
108,157,255,0.0,debris_rock
108,158,220,-3.4313725490196063,debris_rock
108,159,171,-8.235294117647062,mixed_snow_ice
108,160,168,-8.529411764705884,mixed_snow_ice
108,161,255,0.0,debris_rock
108,162,255,0.0,debris_rock
108,163,241,-1.3725490196078454,debris_rock
108,164,191,-6.274509803921568,debris_rock
108,165,225,-2.9411764705882355,debris_rock
108,166,136,-11.666666666666666,clean_glacier_ice
108,167,124,-12.843137254901961,regular_glacier_ice
108,168,121,-13.137254901960786,regular_glacier_ice
108,169,104,-14.803921568627452,regular_glacier_ice
108,170,108,-14.411764705882353,regular_glacier_ice
108,174,169,-8.43137254901961,mixed_snow_ice
108,175,149,-10.392156862745097,clean_glacier_ice
108,176,125,-12.745098039215687,regular_glacier_ice
108,177,147,-10.588235294117649,clean_glacier_ice
108,178,192,-6.1764705882352935,debris_rock
108,179,177,-7.647058823529413,mixed_snow_ice
108,180,193,-6.078431372549019,debris_rock
108,181,175,-7.843137254901961,mixed_snow_ice
108,182,174,-7.9411764705882355,mixed_snow_ice
108,183,73,-17.84313725490196,deep_glacier_ice
108,184,179,-7.450980392156865,mixed_snow_ice
108,185,233,-2.1568627450980387,debris_rock
108,186,190,-6.372549019607842,debris_rock
108,192,162,-9.11764705882353,clean_glacier_ice
108,193,190,-6.372549019607842,debris_rock
108,194,202,-5.196078431372548,debris_rock
108,195,201,-5.2941176470588225,debris_rock
108,196,180,-7.352941176470587,mixed_snow_ice
108,197,136,-11.666666666666666,clean_glacier_ice
108,198,119,-13.333333333333334,regular_glacier_ice
108,199,94,-15.784313725490195,regular_glacier_ice
108,200,92,-15.980392156862745,regular_glacier_ice
108,201,118,-13.431372549019608,regular_glacier_ice
108,202,172,-8.137254901960784,mixed_snow_ice
108,203,139,-11.372549019607844,clean_glacier_ice
108,204,86,-16.568627450980394,deep_glacier_ice
108,205,100,-15.196078431372548,regular_glacier_ice
108,206,134,-11.862745098039214,clean_glacier_ice
108,207,250,-0.49019607843137436,debris_rock
108,208,255,0.0,debris_rock
108,209,205,-4.901960784313726,debris_rock
108,210,208,-4.607843137254903,debris_rock
108,211,194,-5.980392156862745,debris_rock
108,212,203,-5.098039215686274,debris_rock
108,213,176,-7.745098039215687,mixed_snow_ice
108,214,180,-7.352941176470587,mixed_snow_ice
108,215,172,-8.137254901960784,mixed_snow_ice
108,216,185,-6.862745098039216,mixed_snow_ice
108,217,196,-5.784313725490193,debris_rock
108,218,174,-7.9411764705882355,mixed_snow_ice
108,219,174,-7.9411764705882355,mixed_snow_ice
108,220,190,-6.372549019607842,debris_rock
108,221,225,-2.9411764705882355,debris_rock
108,222,170,-8.333333333333336,mixed_snow_ice
109,0,178,-7.549019607843139,mixed_snow_ice
109,1,134,-11.862745098039214,clean_glacier_ice
109,2,122,-13.03921568627451,regular_glacier_ice
109,3,152,-10.098039215686274,clean_glacier_ice
109,4,121,-13.137254901960786,regular_glacier_ice
109,7,146,-10.686274509803923,clean_glacier_ice
109,9,138,-11.470588235294118,clean_glacier_ice
109,10,148,-10.49019607843137,clean_glacier_ice
109,11,144,-10.882352941176471,clean_glacier_ice
109,12,222,-3.235294117647058,debris_rock
109,13,225,-2.9411764705882355,debris_rock
109,14,116,-13.627450980392156,regular_glacier_ice
109,15,105,-14.705882352941178,regular_glacier_ice
109,16,118,-13.431372549019608,regular_glacier_ice
109,17,91,-16.07843137254902,regular_glacier_ice
109,18,110,-14.215686274509803,regular_glacier_ice
109,19,146,-10.686274509803923,clean_glacier_ice
109,20,124,-12.843137254901961,regular_glacier_ice
109,21,176,-7.745098039215687,mixed_snow_ice
109,22,91,-16.07843137254902,regular_glacier_ice
109,23,87,-16.470588235294116,deep_glacier_ice
109,24,96,-15.588235294117647,regular_glacier_ice
109,25,95,-15.686274509803921,regular_glacier_ice
109,26,93,-15.882352941176471,regular_glacier_ice
109,27,179,-7.450980392156865,mixed_snow_ice
109,28,183,-7.0588235294117645,mixed_snow_ice
109,29,161,-9.215686274509805,clean_glacier_ice
109,30,255,0.0,debris_rock
109,31,255,0.0,debris_rock
109,32,139,-11.372549019607844,clean_glacier_ice
109,33,136,-11.666666666666666,clean_glacier_ice
109,34,136,-11.666666666666666,clean_glacier_ice
109,35,154,-9.901960784313726,clean_glacier_ice
109,36,159,-9.411764705882353,clean_glacier_ice
109,37,151,-10.196078431372548,clean_glacier_ice
109,38,154,-9.901960784313726,clean_glacier_ice
109,39,123,-12.941176470588236,regular_glacier_ice
109,40,133,-11.960784313725489,clean_glacier_ice
109,41,115,-13.72549019607843,regular_glacier_ice
109,42,119,-13.333333333333334,regular_glacier_ice
109,43,135,-11.76470588235294,clean_glacier_ice
109,44,131,-12.15686274509804,clean_glacier_ice
109,45,124,-12.843137254901961,regular_glacier_ice
109,46,113,-13.92156862745098,regular_glacier_ice
109,47,117,-13.529411764705882,regular_glacier_ice
109,48,112,-14.019607843137255,regular_glacier_ice
109,49,142,-11.07843137254902,clean_glacier_ice
109,50,134,-11.862745098039214,clean_glacier_ice
109,51,141,-11.176470588235293,clean_glacier_ice
109,52,167,-8.627450980392158,mixed_snow_ice
109,53,158,-9.509803921568627,clean_glacier_ice
109,54,212,-4.215686274509803,debris_rock
109,55,198,-5.588235294117645,debris_rock
109,56,206,-4.803921568627452,debris_rock
109,57,182,-7.156862745098039,mixed_snow_ice
109,58,199,-5.490196078431371,debris_rock
109,59,198,-5.588235294117645,debris_rock
109,60,183,-7.0588235294117645,mixed_snow_ice
109,61,196,-5.784313725490193,debris_rock
109,62,189,-6.470588235294116,debris_rock
109,63,189,-6.470588235294116,debris_rock
109,64,142,-11.07843137254902,clean_glacier_ice
109,65,102,-15.0,regular_glacier_ice
109,66,127,-12.549019607843137,regular_glacier_ice
109,67,104,-14.803921568627452,regular_glacier_ice
109,68,90,-16.176470588235293,regular_glacier_ice
109,69,107,-14.509803921568627,regular_glacier_ice
109,70,132,-12.058823529411763,clean_glacier_ice
109,71,161,-9.215686274509805,clean_glacier_ice
109,72,161,-9.215686274509805,clean_glacier_ice
109,73,177,-7.647058823529413,mixed_snow_ice
109,74,188,-6.56862745098039,debris_rock
109,75,187,-6.666666666666668,debris_rock
109,76,199,-5.490196078431371,debris_rock
109,77,166,-8.725490196078432,mixed_snow_ice
109,78,182,-7.156862745098039,mixed_snow_ice
109,79,210,-4.411764705882355,debris_rock
109,80,206,-4.803921568627452,debris_rock
109,81,126,-12.647058823529411,regular_glacier_ice
109,82,63,-18.823529411764707,deep_glacier_ice
109,89,255,0.0,debris_rock
109,90,202,-5.196078431372548,debris_rock
109,91,189,-6.470588235294116,debris_rock
109,92,154,-9.901960784313726,clean_glacier_ice
109,93,254,-0.09803921568627416,debris_rock
109,94,225,-2.9411764705882355,debris_rock
109,95,255,0.0,debris_rock
109,96,225,-2.9411764705882355,debris_rock
109,97,200,-5.392156862745097,debris_rock
109,98,214,-4.019607843137255,debris_rock
109,99,203,-5.098039215686274,debris_rock
109,100,200,-5.392156862745097,debris_rock
109,101,191,-6.274509803921568,debris_rock
109,102,220,-3.4313725490196063,debris_rock
109,103,240,-1.4705882352941195,debris_rock
109,104,243,-1.176470588235297,debris_rock
109,105,187,-6.666666666666668,debris_rock
109,106,254,-0.09803921568627416,debris_rock
109,107,170,-8.333333333333336,mixed_snow_ice
109,108,124,-12.843137254901961,regular_glacier_ice
109,109,134,-11.862745098039214,clean_glacier_ice
109,110,123,-12.941176470588236,regular_glacier_ice
109,111,105,-14.705882352941178,regular_glacier_ice
109,112,108,-14.411764705882353,regular_glacier_ice
109,117,137,-11.568627450980392,clean_glacier_ice
109,118,145,-10.784313725490197,clean_glacier_ice
109,119,184,-6.96078431372549,mixed_snow_ice
109,120,145,-10.784313725490197,clean_glacier_ice
109,121,167,-8.627450980392158,mixed_snow_ice
109,122,143,-10.980392156862745,clean_glacier_ice
109,123,82,-16.96078431372549,deep_glacier_ice
109,124,115,-13.72549019607843,regular_glacier_ice
109,125,90,-16.176470588235293,regular_glacier_ice
109,126,155,-9.803921568627452,clean_glacier_ice
109,127,204,-5.0,debris_rock
109,134,203,-5.098039215686274,debris_rock
109,135,212,-4.215686274509803,debris_rock
109,136,169,-8.43137254901961,mixed_snow_ice
109,137,160,-9.313725490196079,clean_glacier_ice
109,138,185,-6.862745098039216,mixed_snow_ice
109,139,153,-10.0,clean_glacier_ice
109,140,170,-8.333333333333336,mixed_snow_ice
109,141,145,-10.784313725490197,clean_glacier_ice
109,142,146,-10.686274509803923,clean_glacier_ice
109,143,151,-10.196078431372548,clean_glacier_ice
109,144,205,-4.901960784313726,debris_rock
109,145,181,-7.254901960784313,mixed_snow_ice
109,146,93,-15.882352941176471,regular_glacier_ice
109,147,100,-15.196078431372548,regular_glacier_ice
109,148,121,-13.137254901960786,regular_glacier_ice
109,149,255,0.0,debris_rock
109,150,255,0.0,debris_rock
109,151,218,-3.627450980392158,debris_rock
109,152,204,-5.0,debris_rock
109,153,200,-5.392156862745097,debris_rock
109,154,192,-6.1764705882352935,debris_rock
109,155,213,-4.117647058823529,debris_rock
109,156,187,-6.666666666666668,debris_rock
109,157,194,-5.980392156862745,debris_rock
109,158,191,-6.274509803921568,debris_rock
109,159,175,-7.843137254901961,mixed_snow_ice
109,160,169,-8.43137254901961,mixed_snow_ice
109,161,202,-5.196078431372548,debris_rock
109,162,196,-5.784313725490193,debris_rock
109,163,187,-6.666666666666668,debris_rock
109,164,143,-10.980392156862745,clean_glacier_ice
109,165,137,-11.568627450980392,clean_glacier_ice
109,166,107,-14.509803921568627,regular_glacier_ice
109,167,131,-12.15686274509804,clean_glacier_ice
109,168,122,-13.03921568627451,regular_glacier_ice
109,169,102,-15.0,regular_glacier_ice
109,171,255,0.0,debris_rock
109,172,180,-7.352941176470587,mixed_snow_ice
109,173,176,-7.745098039215687,mixed_snow_ice
109,174,187,-6.666666666666668,debris_rock
109,175,187,-6.666666666666668,debris_rock
109,176,203,-5.098039215686274,debris_rock
109,177,188,-6.56862745098039,debris_rock
109,178,142,-11.07843137254902,clean_glacier_ice
109,179,181,-7.254901960784313,mixed_snow_ice
109,180,187,-6.666666666666668,debris_rock
109,181,138,-11.470588235294118,clean_glacier_ice
109,182,143,-10.980392156862745,clean_glacier_ice
109,183,146,-10.686274509803923,clean_glacier_ice
109,184,145,-10.784313725490197,clean_glacier_ice
109,185,158,-9.509803921568627,clean_glacier_ice
109,186,150,-10.294117647058822,clean_glacier_ice
109,187,101,-15.098039215686274,regular_glacier_ice
109,188,112,-14.019607843137255,regular_glacier_ice
109,189,104,-14.803921568627452,regular_glacier_ice
109,190,98,-15.392156862745097,regular_glacier_ice
109,191,101,-15.098039215686274,regular_glacier_ice
109,192,173,-8.03921568627451,mixed_snow_ice
109,193,176,-7.745098039215687,mixed_snow_ice
109,194,255,0.0,debris_rock
109,195,255,0.0,debris_rock
109,196,234,-2.0588235294117645,debris_rock
109,197,183,-7.0588235294117645,mixed_snow_ice
109,198,175,-7.843137254901961,mixed_snow_ice
109,199,163,-9.019607843137257,clean_glacier_ice
109,200,157,-9.607843137254902,clean_glacier_ice
109,201,157,-9.607843137254902,clean_glacier_ice
109,202,142,-11.07843137254902,clean_glacier_ice
109,203,125,-12.745098039215687,regular_glacier_ice
109,204,137,-11.568627450980392,clean_glacier_ice
109,205,131,-12.15686274509804,clean_glacier_ice
109,206,127,-12.549019607843137,regular_glacier_ice
109,207,129,-12.352941176470589,regular_glacier_ice
109,208,139,-11.372549019607844,clean_glacier_ice
109,209,158,-9.509803921568627,clean_glacier_ice
109,210,136,-11.666666666666666,clean_glacier_ice
109,211,133,-11.960784313725489,clean_glacier_ice
109,212,121,-13.137254901960786,regular_glacier_ice
109,213,104,-14.803921568627452,regular_glacier_ice
109,214,165,-8.823529411764707,clean_glacier_ice
109,215,151,-10.196078431372548,clean_glacier_ice
109,216,136,-11.666666666666666,clean_glacier_ice
109,217,123,-12.941176470588236,regular_glacier_ice
109,218,154,-9.901960784313726,clean_glacier_ice
109,219,194,-5.980392156862745,debris_rock
109,220,176,-7.745098039215687,mixed_snow_ice
109,221,177,-7.647058823529413,mixed_snow_ice
109,222,186,-6.764705882352942,debris_rock
110,0,177,-7.647058823529413,mixed_snow_ice
110,1,189,-6.470588235294116,debris_rock
110,2,158,-9.509803921568627,clean_glacier_ice
110,3,172,-8.137254901960784,mixed_snow_ice
110,4,199,-5.490196078431371,debris_rock
110,5,183,-7.0588235294117645,mixed_snow_ice
110,6,208,-4.607843137254903,debris_rock
110,7,138,-11.470588235294118,clean_glacier_ice
110,8,123,-12.941176470588236,regular_glacier_ice
110,9,107,-14.509803921568627,regular_glacier_ice
110,10,107,-14.509803921568627,regular_glacier_ice
110,11,114,-13.823529411764705,regular_glacier_ice
110,12,110,-14.215686274509803,regular_glacier_ice
110,13,114,-13.823529411764705,regular_glacier_ice
110,14,124,-12.843137254901961,regular_glacier_ice
110,15,125,-12.745098039215687,regular_glacier_ice
110,16,151,-10.196078431372548,clean_glacier_ice
110,17,214,-4.019607843137255,debris_rock
110,18,180,-7.352941176470587,mixed_snow_ice
110,19,186,-6.764705882352942,debris_rock
110,20,160,-9.313725490196079,clean_glacier_ice
110,21,202,-5.196078431372548,debris_rock
110,22,188,-6.56862745098039,debris_rock
110,23,111,-14.117647058823529,regular_glacier_ice
110,31,186,-6.764705882352942,debris_rock
110,32,213,-4.117647058823529,debris_rock
110,33,221,-3.333333333333332,debris_rock
110,34,197,-5.686274509803919,debris_rock
110,35,250,-0.49019607843137436,debris_rock
110,36,255,0.0,debris_rock
110,37,242,-1.2745098039215712,debris_rock
110,38,232,-2.254901960784313,debris_rock
110,39,231,-2.352941176470587,debris_rock
110,40,186,-6.764705882352942,debris_rock
110,41,170,-8.333333333333336,mixed_snow_ice
110,42,168,-8.529411764705884,mixed_snow_ice
110,43,175,-7.843137254901961,mixed_snow_ice
110,44,195,-5.882352941176471,debris_rock
110,45,194,-5.980392156862745,debris_rock
110,46,186,-6.764705882352942,debris_rock
110,47,221,-3.333333333333332,debris_rock
110,48,237,-1.764705882352942,debris_rock
110,49,134,-11.862745098039214,clean_glacier_ice
110,50,127,-12.549019607843137,regular_glacier_ice
110,51,117,-13.529411764705882,regular_glacier_ice
110,52,126,-12.647058823529411,regular_glacier_ice
110,53,88,-16.372549019607845,regular_glacier_ice
110,54,92,-15.980392156862745,regular_glacier_ice
110,60,123,-12.941176470588236,regular_glacier_ice
110,61,104,-14.803921568627452,regular_glacier_ice
110,62,71,-18.03921568627451,deep_glacier_ice
110,63,98,-15.392156862745097,regular_glacier_ice
110,64,97,-15.490196078431373,regular_glacier_ice
110,65,111,-14.117647058823529,regular_glacier_ice
110,66,78,-17.352941176470587,deep_glacier_ice
110,67,78,-17.352941176470587,deep_glacier_ice
110,68,117,-13.529411764705882,regular_glacier_ice
110,69,131,-12.15686274509804,clean_glacier_ice
110,70,159,-9.411764705882353,clean_glacier_ice
110,76,186,-6.764705882352942,debris_rock
110,77,130,-12.254901960784315,clean_glacier_ice
110,78,190,-6.372549019607842,debris_rock
110,79,180,-7.352941176470587,mixed_snow_ice
110,80,222,-3.235294117647058,debris_rock
110,81,190,-6.372549019607842,debris_rock
110,82,154,-9.901960784313726,clean_glacier_ice
110,83,142,-11.07843137254902,clean_glacier_ice
110,84,165,-8.823529411764707,clean_glacier_ice
110,85,170,-8.333333333333336,mixed_snow_ice
110,86,117,-13.529411764705882,regular_glacier_ice
110,87,152,-10.098039215686274,clean_glacier_ice
110,88,176,-7.745098039215687,mixed_snow_ice
110,89,128,-12.450980392156863,regular_glacier_ice
110,90,124,-12.843137254901961,regular_glacier_ice
110,91,213,-4.117647058823529,debris_rock
110,92,255,0.0,debris_rock
110,93,240,-1.4705882352941195,debris_rock
110,94,177,-7.647058823529413,mixed_snow_ice
110,95,200,-5.392156862745097,debris_rock
110,96,213,-4.117647058823529,debris_rock
110,97,197,-5.686274509803919,debris_rock
110,98,183,-7.0588235294117645,mixed_snow_ice
110,99,177,-7.647058823529413,mixed_snow_ice
110,100,180,-7.352941176470587,mixed_snow_ice
110,101,198,-5.588235294117645,debris_rock
110,102,180,-7.352941176470587,mixed_snow_ice
110,103,210,-4.411764705882355,debris_rock
110,104,202,-5.196078431372548,debris_rock
110,105,178,-7.549019607843139,mixed_snow_ice
110,106,153,-10.0,clean_glacier_ice
110,107,117,-13.529411764705882,regular_glacier_ice
110,108,81,-17.058823529411764,deep_glacier_ice
110,109,113,-13.92156862745098,regular_glacier_ice
110,110,161,-9.215686274509805,clean_glacier_ice
110,111,132,-12.058823529411763,clean_glacier_ice
110,112,238,-1.6666666666666679,debris_rock
110,113,211,-4.313725490196081,debris_rock
110,114,208,-4.607843137254903,debris_rock
110,115,205,-4.901960784313726,debris_rock
110,116,167,-8.627450980392158,mixed_snow_ice
110,119,238,-1.6666666666666679,debris_rock
110,120,135,-11.76470588235294,clean_glacier_ice
110,121,202,-5.196078431372548,debris_rock
110,122,204,-5.0,debris_rock
110,123,153,-10.0,clean_glacier_ice
110,124,126,-12.647058823529411,regular_glacier_ice
110,125,126,-12.647058823529411,regular_glacier_ice
110,126,128,-12.450980392156863,regular_glacier_ice
110,127,147,-10.588235294117649,clean_glacier_ice
110,128,167,-8.627450980392158,mixed_snow_ice
110,129,120,-13.23529411764706,regular_glacier_ice
110,130,142,-11.07843137254902,clean_glacier_ice
110,131,108,-14.411764705882353,regular_glacier_ice
110,132,136,-11.666666666666666,clean_glacier_ice
110,133,123,-12.941176470588236,regular_glacier_ice
110,134,89,-16.274509803921568,regular_glacier_ice
110,135,147,-10.588235294117649,clean_glacier_ice
110,136,255,0.0,debris_rock
110,137,207,-4.7058823529411775,debris_rock
110,138,252,-0.2941176470588225,debris_rock
110,139,255,0.0,debris_rock
110,140,215,-3.9215686274509807,debris_rock
110,141,146,-10.686274509803923,clean_glacier_ice
110,142,106,-14.607843137254902,regular_glacier_ice
110,143,136,-11.666666666666666,clean_glacier_ice
110,144,155,-9.803921568627452,clean_glacier_ice
110,145,120,-13.23529411764706,regular_glacier_ice
110,146,148,-10.49019607843137,clean_glacier_ice
110,147,143,-10.980392156862745,clean_glacier_ice
110,148,157,-9.607843137254902,clean_glacier_ice
110,149,149,-10.392156862745097,clean_glacier_ice
110,150,178,-7.549019607843139,mixed_snow_ice
110,151,140,-11.274509803921568,clean_glacier_ice
110,152,115,-13.72549019607843,regular_glacier_ice
110,153,109,-14.313725490196079,regular_glacier_ice
110,154,106,-14.607843137254902,regular_glacier_ice
110,155,119,-13.333333333333334,regular_glacier_ice
110,156,135,-11.76470588235294,clean_glacier_ice
110,157,119,-13.333333333333334,regular_glacier_ice
110,158,126,-12.647058823529411,regular_glacier_ice
110,159,153,-10.0,clean_glacier_ice
110,160,132,-12.058823529411763,clean_glacier_ice
110,161,134,-11.862745098039214,clean_glacier_ice
110,162,181,-7.254901960784313,mixed_snow_ice
110,163,185,-6.862745098039216,mixed_snow_ice
110,164,179,-7.450980392156865,mixed_snow_ice
110,165,212,-4.215686274509803,debris_rock
110,166,177,-7.647058823529413,mixed_snow_ice
110,167,167,-8.627450980392158,mixed_snow_ice
110,168,197,-5.686274509803919,debris_rock
110,169,214,-4.019607843137255,debris_rock
110,170,134,-11.862745098039214,clean_glacier_ice
110,171,221,-3.333333333333332,debris_rock
110,172,153,-10.0,clean_glacier_ice
110,173,107,-14.509803921568627,regular_glacier_ice
110,174,99,-15.294117647058822,regular_glacier_ice
110,175,97,-15.490196078431373,regular_glacier_ice
110,176,106,-14.607843137254902,regular_glacier_ice
110,177,86,-16.568627450980394,deep_glacier_ice
110,178,94,-15.784313725490195,regular_glacier_ice
110,179,119,-13.333333333333334,regular_glacier_ice
110,180,110,-14.215686274509803,regular_glacier_ice
110,181,98,-15.392156862745097,regular_glacier_ice
110,182,136,-11.666666666666666,clean_glacier_ice
110,183,166,-8.725490196078432,mixed_snow_ice
110,184,169,-8.43137254901961,mixed_snow_ice
110,185,145,-10.784313725490197,clean_glacier_ice
110,186,175,-7.843137254901961,mixed_snow_ice
110,187,151,-10.196078431372548,clean_glacier_ice
110,196,170,-8.333333333333336,mixed_snow_ice
110,197,255,0.0,debris_rock
110,198,175,-7.843137254901961,mixed_snow_ice
110,199,186,-6.764705882352942,debris_rock
110,200,197,-5.686274509803919,debris_rock
110,201,255,0.0,debris_rock
110,202,255,0.0,debris_rock
110,203,244,-1.0784313725490193,debris_rock
110,204,252,-0.2941176470588225,debris_rock
110,205,163,-9.019607843137257,clean_glacier_ice
110,206,187,-6.666666666666668,debris_rock
110,207,118,-13.431372549019608,regular_glacier_ice
110,208,113,-13.92156862745098,regular_glacier_ice
110,209,143,-10.980392156862745,clean_glacier_ice
110,210,158,-9.509803921568627,clean_glacier_ice
110,211,165,-8.823529411764707,clean_glacier_ice
110,212,199,-5.490196078431371,debris_rock
110,213,138,-11.470588235294118,clean_glacier_ice
110,214,115,-13.72549019607843,regular_glacier_ice
110,215,131,-12.15686274509804,clean_glacier_ice
110,216,115,-13.72549019607843,regular_glacier_ice
110,217,131,-12.15686274509804,clean_glacier_ice
110,218,131,-12.15686274509804,clean_glacier_ice
110,219,109,-14.313725490196079,regular_glacier_ice
110,220,97,-15.490196078431373,regular_glacier_ice
111,2,72,-17.941176470588236,deep_glacier_ice
111,3,63,-18.823529411764707,deep_glacier_ice
111,4,95,-15.686274509803921,regular_glacier_ice
111,5,88,-16.372549019607845,regular_glacier_ice
111,6,77,-17.450980392156865,deep_glacier_ice
111,7,78,-17.352941176470587,deep_glacier_ice
111,8,70,-18.137254901960784,deep_glacier_ice
111,9,62,-18.92156862745098,deep_glacier_ice
111,10,91,-16.07843137254902,regular_glacier_ice
111,11,121,-13.137254901960786,regular_glacier_ice
111,12,146,-10.686274509803923,clean_glacier_ice
111,13,144,-10.882352941176471,clean_glacier_ice
111,17,255,0.0,debris_rock
111,18,199,-5.490196078431371,debris_rock
111,19,171,-8.235294117647062,mixed_snow_ice
111,20,207,-4.7058823529411775,debris_rock
111,21,207,-4.7058823529411775,debris_rock
111,22,152,-10.098039215686274,clean_glacier_ice
111,23,217,-3.7254901960784323,debris_rock
111,24,211,-4.313725490196081,debris_rock
111,25,157,-9.607843137254902,clean_glacier_ice
111,26,183,-7.0588235294117645,mixed_snow_ice
111,27,196,-5.784313725490193,debris_rock
111,28,190,-6.372549019607842,debris_rock
111,29,167,-8.627450980392158,mixed_snow_ice
111,30,175,-7.843137254901961,mixed_snow_ice
111,31,189,-6.470588235294116,debris_rock
111,32,191,-6.274509803921568,debris_rock
111,33,202,-5.196078431372548,debris_rock
111,34,255,0.0,debris_rock
111,35,250,-0.49019607843137436,debris_rock
111,36,203,-5.098039215686274,debris_rock
111,37,214,-4.019607843137255,debris_rock
111,38,191,-6.274509803921568,debris_rock
111,39,180,-7.352941176470587,mixed_snow_ice
111,40,194,-5.980392156862745,debris_rock
111,41,179,-7.450980392156865,mixed_snow_ice
111,42,176,-7.745098039215687,mixed_snow_ice
111,43,198,-5.588235294117645,debris_rock
111,44,196,-5.784313725490193,debris_rock
111,45,189,-6.470588235294116,debris_rock
111,46,187,-6.666666666666668,debris_rock
111,47,127,-12.549019607843137,regular_glacier_ice
111,48,114,-13.823529411764705,regular_glacier_ice
111,49,92,-15.980392156862745,regular_glacier_ice
111,50,81,-17.058823529411764,deep_glacier_ice
111,51,92,-15.980392156862745,regular_glacier_ice
111,52,135,-11.76470588235294,clean_glacier_ice
111,53,145,-10.784313725490197,clean_glacier_ice
111,54,184,-6.96078431372549,mixed_snow_ice
111,55,195,-5.882352941176471,debris_rock
111,56,170,-8.333333333333336,mixed_snow_ice
111,57,183,-7.0588235294117645,mixed_snow_ice
111,62,158,-9.509803921568627,clean_glacier_ice
111,63,160,-9.313725490196079,clean_glacier_ice
111,64,154,-9.901960784313726,clean_glacier_ice
111,65,122,-13.03921568627451,regular_glacier_ice
111,66,94,-15.784313725490195,regular_glacier_ice
111,67,106,-14.607843137254902,regular_glacier_ice
111,68,195,-5.882352941176471,debris_rock
111,69,125,-12.745098039215687,regular_glacier_ice
111,70,227,-2.745098039215687,debris_rock
111,71,112,-14.019607843137255,regular_glacier_ice
111,72,115,-13.72549019607843,regular_glacier_ice
111,73,92,-15.980392156862745,regular_glacier_ice
111,74,216,-3.8235294117647065,debris_rock
111,75,195,-5.882352941176471,debris_rock
111,76,88,-16.372549019607845,regular_glacier_ice
111,77,138,-11.470588235294118,clean_glacier_ice
111,78,250,-0.49019607843137436,debris_rock
111,79,255,0.0,debris_rock
111,80,255,0.0,debris_rock
111,81,248,-0.6862745098039227,debris_rock
111,82,131,-12.15686274509804,clean_glacier_ice
111,83,125,-12.745098039215687,regular_glacier_ice
111,84,132,-12.058823529411763,clean_glacier_ice
111,85,154,-9.901960784313726,clean_glacier_ice
111,86,122,-13.03921568627451,regular_glacier_ice
111,87,119,-13.333333333333334,regular_glacier_ice
111,88,158,-9.509803921568627,clean_glacier_ice
111,89,108,-14.411764705882353,regular_glacier_ice
111,90,118,-13.431372549019608,regular_glacier_ice
111,91,113,-13.92156862745098,regular_glacier_ice
111,92,127,-12.549019607843137,regular_glacier_ice
111,93,128,-12.450980392156863,regular_glacier_ice
111,94,117,-13.529411764705882,regular_glacier_ice
111,95,117,-13.529411764705882,regular_glacier_ice
111,96,92,-15.980392156862745,regular_glacier_ice
111,97,114,-13.823529411764705,regular_glacier_ice
111,98,133,-11.960784313725489,clean_glacier_ice
111,99,121,-13.137254901960786,regular_glacier_ice
111,100,141,-11.176470588235293,clean_glacier_ice
111,101,139,-11.372549019607844,clean_glacier_ice
111,102,128,-12.450980392156863,regular_glacier_ice
111,103,106,-14.607843137254902,regular_glacier_ice
111,104,156,-9.705882352941176,clean_glacier_ice
111,105,206,-4.803921568627452,debris_rock
111,106,180,-7.352941176470587,mixed_snow_ice
111,107,187,-6.666666666666668,debris_rock
111,108,190,-6.372549019607842,debris_rock
111,109,196,-5.784313725490193,debris_rock
111,110,188,-6.56862745098039,debris_rock
111,111,220,-3.4313725490196063,debris_rock
111,112,162,-9.11764705882353,clean_glacier_ice
111,113,139,-11.372549019607844,clean_glacier_ice
111,114,126,-12.647058823529411,regular_glacier_ice
111,115,125,-12.745098039215687,regular_glacier_ice
111,116,107,-14.509803921568627,regular_glacier_ice
111,117,112,-14.019607843137255,regular_glacier_ice
111,118,90,-16.176470588235293,regular_glacier_ice
111,119,83,-16.862745098039216,deep_glacier_ice
111,120,93,-15.882352941176471,regular_glacier_ice
111,121,96,-15.588235294117647,regular_glacier_ice
111,122,95,-15.686274509803921,regular_glacier_ice
111,123,91,-16.07843137254902,regular_glacier_ice
111,124,103,-14.901960784313726,regular_glacier_ice
111,125,96,-15.588235294117647,regular_glacier_ice
111,126,95,-15.686274509803921,regular_glacier_ice
111,127,97,-15.490196078431373,regular_glacier_ice
111,128,158,-9.509803921568627,clean_glacier_ice
111,129,156,-9.705882352941176,clean_glacier_ice
111,138,185,-6.862745098039216,mixed_snow_ice
111,139,255,0.0,debris_rock
111,140,197,-5.686274509803919,debris_rock
111,141,194,-5.980392156862745,debris_rock
111,142,190,-6.372549019607842,debris_rock
111,143,224,-3.0392156862745097,debris_rock
111,144,250,-0.49019607843137436,debris_rock
111,145,253,-0.19607843137254832,debris_rock
111,146,215,-3.9215686274509807,debris_rock
111,147,196,-5.784313725490193,debris_rock
111,148,218,-3.627450980392158,debris_rock
111,149,220,-3.4313725490196063,debris_rock
111,150,200,-5.392156862745097,debris_rock
111,151,204,-5.0,debris_rock
111,152,169,-8.43137254901961,mixed_snow_ice
111,153,195,-5.882352941176471,debris_rock
111,154,178,-7.549019607843139,mixed_snow_ice
111,155,119,-13.333333333333334,regular_glacier_ice
111,156,125,-12.745098039215687,regular_glacier_ice
111,157,121,-13.137254901960786,regular_glacier_ice
111,158,101,-15.098039215686274,regular_glacier_ice
111,159,97,-15.490196078431373,regular_glacier_ice
111,160,107,-14.509803921568627,regular_glacier_ice
111,161,84,-16.764705882352942,deep_glacier_ice
111,162,64,-18.725490196078432,deep_glacier_ice
111,163,95,-15.686274509803921,regular_glacier_ice
111,167,102,-15.0,regular_glacier_ice
111,168,93,-15.882352941176471,regular_glacier_ice
111,169,115,-13.72549019607843,regular_glacier_ice
111,170,89,-16.274509803921568,regular_glacier_ice
111,171,72,-17.941176470588236,deep_glacier_ice
111,172,60,-19.11764705882353,deep_glacier_ice
111,173,95,-15.686274509803921,regular_glacier_ice
111,174,72,-17.941176470588236,deep_glacier_ice
111,175,100,-15.196078431372548,regular_glacier_ice
111,176,140,-11.274509803921568,clean_glacier_ice
111,177,214,-4.019607843137255,debris_rock
111,178,183,-7.0588235294117645,mixed_snow_ice
111,179,214,-4.019607843137255,debris_rock
111,180,255,0.0,debris_rock
111,181,255,0.0,debris_rock
111,182,193,-6.078431372549019,debris_rock
111,183,213,-4.117647058823529,debris_rock
111,184,148,-10.49019607843137,clean_glacier_ice
111,185,196,-5.784313725490193,debris_rock
111,186,213,-4.117647058823529,debris_rock
111,187,111,-14.117647058823529,regular_glacier_ice
111,188,175,-7.843137254901961,mixed_snow_ice
111,189,209,-4.509803921568629,debris_rock
111,190,142,-11.07843137254902,clean_glacier_ice
111,191,136,-11.666666666666666,clean_glacier_ice
111,192,174,-7.9411764705882355,mixed_snow_ice
111,193,175,-7.843137254901961,mixed_snow_ice
111,194,196,-5.784313725490193,debris_rock
111,195,224,-3.0392156862745097,debris_rock
111,196,199,-5.490196078431371,debris_rock
111,197,194,-5.980392156862745,debris_rock
111,198,191,-6.274509803921568,debris_rock
111,199,245,-0.9803921568627452,debris_rock
111,200,252,-0.2941176470588225,debris_rock
111,201,219,-3.529411764705884,debris_rock
111,202,194,-5.980392156862745,debris_rock
111,203,178,-7.549019607843139,mixed_snow_ice
111,204,227,-2.745098039215687,debris_rock
111,205,168,-8.529411764705884,mixed_snow_ice
111,206,184,-6.96078431372549,mixed_snow_ice
111,207,160,-9.313725490196079,clean_glacier_ice
111,208,173,-8.03921568627451,mixed_snow_ice
111,209,192,-6.1764705882352935,debris_rock
111,210,161,-9.215686274509805,clean_glacier_ice
111,211,129,-12.352941176470589,regular_glacier_ice
111,212,125,-12.745098039215687,regular_glacier_ice
111,213,119,-13.333333333333334,regular_glacier_ice
111,214,92,-15.980392156862745,regular_glacier_ice
111,215,101,-15.098039215686274,regular_glacier_ice
111,216,69,-18.235294117647058,deep_glacier_ice
111,217,146,-10.686274509803923,clean_glacier_ice
111,218,123,-12.941176470588236,regular_glacier_ice
111,219,162,-9.11764705882353,clean_glacier_ice
111,220,201,-5.2941176470588225,debris_rock
111,221,169,-8.43137254901961,mixed_snow_ice
112,4,186,-6.764705882352942,debris_rock
112,5,145,-10.784313725490197,clean_glacier_ice
112,6,130,-12.254901960784315,clean_glacier_ice
112,7,111,-14.117647058823529,regular_glacier_ice
112,8,120,-13.23529411764706,regular_glacier_ice
112,9,126,-12.647058823529411,regular_glacier_ice
112,10,163,-9.019607843137257,clean_glacier_ice
112,11,255,0.0,debris_rock
112,12,255,0.0,debris_rock
112,13,131,-12.15686274509804,clean_glacier_ice
112,14,212,-4.215686274509803,debris_rock
112,15,233,-2.1568627450980387,debris_rock
112,16,174,-7.9411764705882355,mixed_snow_ice
112,17,169,-8.43137254901961,mixed_snow_ice
112,18,103,-14.901960784313726,regular_glacier_ice
112,19,107,-14.509803921568627,regular_glacier_ice
112,20,240,-1.4705882352941195,debris_rock
112,21,255,0.0,debris_rock
112,22,255,0.0,debris_rock
112,23,169,-8.43137254901961,mixed_snow_ice
112,24,158,-9.509803921568627,clean_glacier_ice
112,25,128,-12.450980392156863,regular_glacier_ice
112,26,172,-8.137254901960784,mixed_snow_ice
112,27,145,-10.784313725490197,clean_glacier_ice
112,28,141,-11.176470588235293,clean_glacier_ice
112,29,140,-11.274509803921568,clean_glacier_ice
112,30,151,-10.196078431372548,clean_glacier_ice
112,31,132,-12.058823529411763,clean_glacier_ice
112,32,125,-12.745098039215687,regular_glacier_ice
112,33,113,-13.92156862745098,regular_glacier_ice
112,34,113,-13.92156862745098,regular_glacier_ice
112,35,109,-14.313725490196079,regular_glacier_ice
112,36,125,-12.745098039215687,regular_glacier_ice
112,37,125,-12.745098039215687,regular_glacier_ice
112,38,108,-14.411764705882353,regular_glacier_ice
112,39,107,-14.509803921568627,regular_glacier_ice
112,40,126,-12.647058823529411,regular_glacier_ice
112,41,108,-14.411764705882353,regular_glacier_ice
112,42,117,-13.529411764705882,regular_glacier_ice
112,43,124,-12.843137254901961,regular_glacier_ice
112,44,122,-13.03921568627451,regular_glacier_ice
112,45,113,-13.92156862745098,regular_glacier_ice
112,46,119,-13.333333333333334,regular_glacier_ice
112,47,183,-7.0588235294117645,mixed_snow_ice
112,48,188,-6.56862745098039,debris_rock
112,49,154,-9.901960784313726,clean_glacier_ice
112,50,182,-7.156862745098039,mixed_snow_ice
112,51,188,-6.56862745098039,debris_rock
112,52,183,-7.0588235294117645,mixed_snow_ice
112,53,190,-6.372549019607842,debris_rock
112,54,180,-7.352941176470587,mixed_snow_ice
112,55,137,-11.568627450980392,clean_glacier_ice
112,56,120,-13.23529411764706,regular_glacier_ice
112,57,100,-15.196078431372548,regular_glacier_ice
112,58,107,-14.509803921568627,regular_glacier_ice
112,59,100,-15.196078431372548,regular_glacier_ice
112,60,83,-16.862745098039216,deep_glacier_ice
112,61,88,-16.372549019607845,regular_glacier_ice
112,62,68,-18.333333333333332,deep_glacier_ice
112,63,106,-14.607843137254902,regular_glacier_ice
112,64,70,-18.137254901960784,deep_glacier_ice
112,65,96,-15.588235294117647,regular_glacier_ice
112,66,118,-13.431372549019608,regular_glacier_ice
112,67,124,-12.843137254901961,regular_glacier_ice
112,68,83,-16.862745098039216,deep_glacier_ice
112,69,74,-17.745098039215684,deep_glacier_ice
112,70,107,-14.509803921568627,regular_glacier_ice
112,71,143,-10.980392156862745,clean_glacier_ice
112,72,115,-13.72549019607843,regular_glacier_ice
112,79,208,-4.607843137254903,debris_rock
112,80,200,-5.392156862745097,debris_rock
112,81,212,-4.215686274509803,debris_rock
112,82,247,-0.7843137254901968,debris_rock
112,83,190,-6.372549019607842,debris_rock
112,84,193,-6.078431372549019,debris_rock
112,85,190,-6.372549019607842,debris_rock
112,86,225,-2.9411764705882355,debris_rock
112,87,235,-1.9607843137254903,debris_rock
112,88,214,-4.019607843137255,debris_rock
112,89,203,-5.098039215686274,debris_rock
112,90,197,-5.686274509803919,debris_rock
112,91,194,-5.980392156862745,debris_rock
112,92,174,-7.9411764705882355,mixed_snow_ice
112,93,185,-6.862745098039216,mixed_snow_ice
112,94,213,-4.117647058823529,debris_rock
112,95,165,-8.823529411764707,clean_glacier_ice
112,96,130,-12.254901960784315,clean_glacier_ice
112,97,132,-12.058823529411763,clean_glacier_ice
112,98,137,-11.568627450980392,clean_glacier_ice
112,99,122,-13.03921568627451,regular_glacier_ice
112,100,82,-16.96078431372549,deep_glacier_ice
112,101,108,-14.411764705882353,regular_glacier_ice
112,102,106,-14.607843137254902,regular_glacier_ice
112,103,70,-18.137254901960784,deep_glacier_ice
112,104,98,-15.392156862745097,regular_glacier_ice
112,105,86,-16.568627450980394,deep_glacier_ice
112,106,80,-17.15686274509804,deep_glacier_ice
112,107,212,-4.215686274509803,debris_rock
112,109,148,-10.49019607843137,clean_glacier_ice
112,111,183,-7.0588235294117645,mixed_snow_ice
112,112,96,-15.588235294117647,regular_glacier_ice
112,113,67,-18.431372549019606,deep_glacier_ice
112,114,66,-18.52941176470588,deep_glacier_ice
112,115,122,-13.03921568627451,regular_glacier_ice
112,116,87,-16.470588235294116,deep_glacier_ice
112,117,167,-8.627450980392158,mixed_snow_ice
112,118,189,-6.470588235294116,debris_rock
112,119,191,-6.274509803921568,debris_rock
112,120,186,-6.764705882352942,debris_rock
112,121,158,-9.509803921568627,clean_glacier_ice
112,122,255,0.0,debris_rock
112,123,255,0.0,debris_rock
112,124,249,-0.5882352941176485,debris_rock
112,125,175,-7.843137254901961,mixed_snow_ice
112,126,165,-8.823529411764707,clean_glacier_ice
112,127,227,-2.745098039215687,debris_rock
112,128,201,-5.2941176470588225,debris_rock
112,129,179,-7.450980392156865,mixed_snow_ice
112,130,197,-5.686274509803919,debris_rock
112,131,206,-4.803921568627452,debris_rock
112,132,255,0.0,debris_rock
112,133,220,-3.4313725490196063,debris_rock
112,134,192,-6.1764705882352935,debris_rock
112,135,175,-7.843137254901961,mixed_snow_ice
112,136,175,-7.843137254901961,mixed_snow_ice
112,137,222,-3.235294117647058,debris_rock
112,138,175,-7.843137254901961,mixed_snow_ice
112,139,186,-6.764705882352942,debris_rock
112,140,213,-4.117647058823529,debris_rock
112,141,255,0.0,debris_rock
112,142,255,0.0,debris_rock
112,143,253,-0.19607843137254832,debris_rock
112,144,194,-5.980392156862745,debris_rock
112,145,165,-8.823529411764707,clean_glacier_ice
112,146,209,-4.509803921568629,debris_rock
112,147,171,-8.235294117647062,mixed_snow_ice
112,148,216,-3.8235294117647065,debris_rock
112,149,137,-11.568627450980392,clean_glacier_ice
112,150,162,-9.11764705882353,clean_glacier_ice
112,151,198,-5.588235294117645,debris_rock
112,152,133,-11.960784313725489,clean_glacier_ice
112,153,82,-16.96078431372549,deep_glacier_ice
112,154,96,-15.588235294117647,regular_glacier_ice
112,155,112,-14.019607843137255,regular_glacier_ice
112,156,110,-14.215686274509803,regular_glacier_ice
112,157,81,-17.058823529411764,deep_glacier_ice
112,158,91,-16.07843137254902,regular_glacier_ice
112,159,160,-9.313725490196079,clean_glacier_ice
112,160,146,-10.686274509803923,clean_glacier_ice
112,169,161,-9.215686274509805,clean_glacier_ice
112,170,130,-12.254901960784315,clean_glacier_ice
112,171,139,-11.372549019607844,clean_glacier_ice
112,172,152,-10.098039215686274,clean_glacier_ice
112,173,169,-8.43137254901961,mixed_snow_ice
112,174,168,-8.529411764705884,mixed_snow_ice
112,175,244,-1.0784313725490193,debris_rock
112,176,237,-1.764705882352942,debris_rock
112,177,166,-8.725490196078432,mixed_snow_ice
112,178,176,-7.745098039215687,mixed_snow_ice
112,179,249,-0.5882352941176485,debris_rock
112,180,255,0.0,debris_rock
112,181,220,-3.4313725490196063,debris_rock
112,182,210,-4.411764705882355,debris_rock
112,183,185,-6.862745098039216,mixed_snow_ice
112,184,139,-11.372549019607844,clean_glacier_ice
112,185,246,-0.882352941176471,debris_rock
112,186,242,-1.2745098039215712,debris_rock
112,187,184,-6.96078431372549,mixed_snow_ice
112,188,113,-13.92156862745098,regular_glacier_ice
112,189,145,-10.784313725490197,clean_glacier_ice
112,190,125,-12.745098039215687,regular_glacier_ice
112,191,166,-8.725490196078432,mixed_snow_ice
112,192,106,-14.607843137254902,regular_glacier_ice
112,193,93,-15.882352941176471,regular_glacier_ice
112,194,132,-12.058823529411763,clean_glacier_ice
112,195,168,-8.529411764705884,mixed_snow_ice
112,196,136,-11.666666666666666,clean_glacier_ice
112,197,112,-14.019607843137255,regular_glacier_ice
112,198,121,-13.137254901960786,regular_glacier_ice
112,199,90,-16.176470588235293,regular_glacier_ice
112,200,124,-12.843137254901961,regular_glacier_ice
112,201,149,-10.392156862745097,clean_glacier_ice
112,202,116,-13.627450980392156,regular_glacier_ice
112,203,78,-17.352941176470587,deep_glacier_ice
112,204,114,-13.823529411764705,regular_glacier_ice
112,205,113,-13.92156862745098,regular_glacier_ice
112,206,122,-13.03921568627451,regular_glacier_ice
112,207,114,-13.823529411764705,regular_glacier_ice
112,208,110,-14.215686274509803,regular_glacier_ice
112,209,108,-14.411764705882353,regular_glacier_ice
112,210,114,-13.823529411764705,regular_glacier_ice
112,211,98,-15.392156862745097,regular_glacier_ice
112,212,159,-9.411764705882353,clean_glacier_ice
112,213,154,-9.901960784313726,clean_glacier_ice
112,214,149,-10.392156862745097,clean_glacier_ice
112,215,137,-11.568627450980392,clean_glacier_ice
112,216,200,-5.392156862745097,debris_rock
112,217,196,-5.784313725490193,debris_rock
112,218,166,-8.725490196078432,mixed_snow_ice
112,219,198,-5.588235294117645,debris_rock
112,220,171,-8.235294117647062,mixed_snow_ice
112,221,130,-12.254901960784315,clean_glacier_ice
112,222,152,-10.098039215686274,clean_glacier_ice
113,0,129,-12.352941176470589,regular_glacier_ice
113,1,104,-14.803921568627452,regular_glacier_ice
113,2,99,-15.294117647058822,regular_glacier_ice
113,3,61,-19.019607843137255,deep_glacier_ice
113,4,86,-16.568627450980394,deep_glacier_ice
113,5,72,-17.941176470588236,deep_glacier_ice
113,6,83,-16.862745098039216,deep_glacier_ice
113,7,96,-15.588235294117647,regular_glacier_ice
113,8,130,-12.254901960784315,clean_glacier_ice
113,9,117,-13.529411764705882,regular_glacier_ice
113,10,66,-18.52941176470588,deep_glacier_ice
113,11,85,-16.666666666666668,deep_glacier_ice
113,12,131,-12.15686274509804,clean_glacier_ice
113,13,182,-7.156862745098039,mixed_snow_ice
113,14,176,-7.745098039215687,mixed_snow_ice
113,16,204,-5.0,debris_rock
113,17,203,-5.098039215686274,debris_rock
113,20,227,-2.745098039215687,debris_rock
113,21,255,0.0,debris_rock
113,22,163,-9.019607843137257,clean_glacier_ice
113,23,123,-12.941176470588236,regular_glacier_ice
113,24,201,-5.2941176470588225,debris_rock
113,25,182,-7.156862745098039,mixed_snow_ice
113,26,180,-7.352941176470587,mixed_snow_ice
113,27,160,-9.313725490196079,clean_glacier_ice
113,28,140,-11.274509803921568,clean_glacier_ice
113,29,191,-6.274509803921568,debris_rock
113,30,213,-4.117647058823529,debris_rock
113,31,205,-4.901960784313726,debris_rock
113,32,205,-4.901960784313726,debris_rock
113,33,172,-8.137254901960784,mixed_snow_ice
113,34,164,-8.92156862745098,clean_glacier_ice
113,35,230,-2.450980392156861,debris_rock
113,36,150,-10.294117647058822,clean_glacier_ice
113,37,147,-10.588235294117649,clean_glacier_ice
113,38,138,-11.470588235294118,clean_glacier_ice
113,39,141,-11.176470588235293,clean_glacier_ice
113,40,112,-14.019607843137255,regular_glacier_ice
113,41,116,-13.627450980392156,regular_glacier_ice
113,42,110,-14.215686274509803,regular_glacier_ice
113,43,131,-12.15686274509804,clean_glacier_ice
113,44,84,-16.764705882352942,deep_glacier_ice
113,45,92,-15.980392156862745,regular_glacier_ice
113,46,187,-6.666666666666668,debris_rock
113,47,119,-13.333333333333334,regular_glacier_ice
113,48,74,-17.745098039215684,deep_glacier_ice
113,54,119,-13.333333333333334,regular_glacier_ice
113,55,58,-19.313725490196077,deep_glacier_ice
113,56,61,-19.019607843137255,deep_glacier_ice
113,57,111,-14.117647058823529,regular_glacier_ice
113,58,140,-11.274509803921568,clean_glacier_ice
113,59,146,-10.686274509803923,clean_glacier_ice
113,60,139,-11.372549019607844,clean_glacier_ice
113,61,208,-4.607843137254903,debris_rock
113,62,182,-7.156862745098039,mixed_snow_ice
113,63,157,-9.607843137254902,clean_glacier_ice
113,64,255,0.0,debris_rock
113,65,255,0.0,debris_rock
113,66,238,-1.6666666666666679,debris_rock
113,67,174,-7.9411764705882355,mixed_snow_ice
113,68,189,-6.470588235294116,debris_rock
113,69,179,-7.450980392156865,mixed_snow_ice
113,70,199,-5.490196078431371,debris_rock
113,71,170,-8.333333333333336,mixed_snow_ice
113,72,149,-10.392156862745097,clean_glacier_ice
113,73,116,-13.627450980392156,regular_glacier_ice
113,74,203,-5.098039215686274,debris_rock
113,75,212,-4.215686274509803,debris_rock
113,76,228,-2.6470588235294095,debris_rock
113,77,173,-8.03921568627451,mixed_snow_ice
113,78,196,-5.784313725490193,debris_rock
113,79,240,-1.4705882352941195,debris_rock
113,80,126,-12.647058823529411,regular_glacier_ice
113,81,147,-10.588235294117649,clean_glacier_ice
113,82,230,-2.450980392156861,debris_rock
113,83,251,-0.3921568627451002,debris_rock
113,84,255,0.0,debris_rock
113,85,255,0.0,debris_rock
113,86,189,-6.470588235294116,debris_rock
113,87,171,-8.235294117647062,mixed_snow_ice
113,88,186,-6.764705882352942,debris_rock
113,89,184,-6.96078431372549,mixed_snow_ice
113,90,171,-8.235294117647062,mixed_snow_ice
113,91,151,-10.196078431372548,clean_glacier_ice
113,92,184,-6.96078431372549,mixed_snow_ice
113,93,218,-3.627450980392158,debris_rock
113,94,132,-12.058823529411763,clean_glacier_ice
113,95,65,-18.627450980392158,deep_glacier_ice
113,96,108,-14.411764705882353,regular_glacier_ice
113,111,135,-11.76470588235294,clean_glacier_ice
113,112,148,-10.49019607843137,clean_glacier_ice
113,113,201,-5.2941176470588225,debris_rock
113,114,133,-11.960784313725489,clean_glacier_ice
113,115,112,-14.019607843137255,regular_glacier_ice
113,116,160,-9.313725490196079,clean_glacier_ice
113,117,255,0.0,debris_rock
113,118,214,-4.019607843137255,debris_rock
113,119,207,-4.7058823529411775,debris_rock
113,120,227,-2.745098039215687,debris_rock
113,121,189,-6.470588235294116,debris_rock
113,122,185,-6.862745098039216,mixed_snow_ice
113,123,167,-8.627450980392158,mixed_snow_ice
113,124,175,-7.843137254901961,mixed_snow_ice
113,125,205,-4.901960784313726,debris_rock
113,126,143,-10.980392156862745,clean_glacier_ice
113,127,182,-7.156862745098039,mixed_snow_ice
113,128,174,-7.9411764705882355,mixed_snow_ice
113,129,106,-14.607843137254902,regular_glacier_ice
113,130,123,-12.941176470588236,regular_glacier_ice
113,131,143,-10.980392156862745,clean_glacier_ice
113,132,123,-12.941176470588236,regular_glacier_ice
113,133,111,-14.117647058823529,regular_glacier_ice
113,134,101,-15.098039215686274,regular_glacier_ice
113,135,98,-15.392156862745097,regular_glacier_ice
113,136,108,-14.411764705882353,regular_glacier_ice
113,137,119,-13.333333333333334,regular_glacier_ice
113,138,98,-15.392156862745097,regular_glacier_ice
113,139,120,-13.23529411764706,regular_glacier_ice
113,140,106,-14.607843137254902,regular_glacier_ice
113,141,80,-17.15686274509804,deep_glacier_ice
113,142,124,-12.843137254901961,regular_glacier_ice
113,143,126,-12.647058823529411,regular_glacier_ice
113,144,123,-12.941176470588236,regular_glacier_ice
113,145,126,-12.647058823529411,regular_glacier_ice
113,146,121,-13.137254901960786,regular_glacier_ice
113,147,96,-15.588235294117647,regular_glacier_ice
113,148,108,-14.411764705882353,regular_glacier_ice
113,149,109,-14.313725490196079,regular_glacier_ice
113,150,82,-16.96078431372549,deep_glacier_ice
113,151,92,-15.980392156862745,regular_glacier_ice
113,152,103,-14.901960784313726,regular_glacier_ice
113,153,91,-16.07843137254902,regular_glacier_ice
113,154,126,-12.647058823529411,regular_glacier_ice
113,155,144,-10.882352941176471,clean_glacier_ice
113,156,166,-8.725490196078432,mixed_snow_ice
113,157,164,-8.92156862745098,clean_glacier_ice
113,158,201,-5.2941176470588225,debris_rock
113,159,196,-5.784313725490193,debris_rock
113,160,188,-6.56862745098039,debris_rock
113,161,189,-6.470588235294116,debris_rock
113,162,155,-9.803921568627452,clean_glacier_ice
113,163,114,-13.823529411764705,regular_glacier_ice
113,164,172,-8.137254901960784,mixed_snow_ice
113,165,175,-7.843137254901961,mixed_snow_ice
113,166,147,-10.588235294117649,clean_glacier_ice
113,167,173,-8.03921568627451,mixed_snow_ice
113,168,174,-7.9411764705882355,mixed_snow_ice
113,169,118,-13.431372549019608,regular_glacier_ice
113,170,92,-15.980392156862745,regular_glacier_ice
113,171,87,-16.470588235294116,deep_glacier_ice
113,172,140,-11.274509803921568,clean_glacier_ice
113,173,147,-10.588235294117649,clean_glacier_ice
113,174,97,-15.490196078431373,regular_glacier_ice
113,175,84,-16.764705882352942,deep_glacier_ice
113,176,130,-12.254901960784315,clean_glacier_ice
113,177,144,-10.882352941176471,clean_glacier_ice
113,180,175,-7.843137254901961,mixed_snow_ice
113,181,150,-10.294117647058822,clean_glacier_ice
113,182,196,-5.784313725490193,debris_rock
113,183,225,-2.9411764705882355,debris_rock
113,184,163,-9.019607843137257,clean_glacier_ice
113,185,255,0.0,debris_rock
113,186,255,0.0,debris_rock
113,187,188,-6.56862745098039,debris_rock
113,188,173,-8.03921568627451,mixed_snow_ice
113,189,217,-3.7254901960784323,debris_rock
113,190,208,-4.607843137254903,debris_rock
113,191,223,-3.137254901960784,debris_rock
113,192,228,-2.6470588235294095,debris_rock
113,193,209,-4.509803921568629,debris_rock
113,194,169,-8.43137254901961,mixed_snow_ice
113,195,204,-5.0,debris_rock
113,196,216,-3.8235294117647065,debris_rock
113,197,255,0.0,debris_rock
113,198,192,-6.1764705882352935,debris_rock
113,199,190,-6.372549019607842,debris_rock
113,200,214,-4.019607843137255,debris_rock
113,201,121,-13.137254901960786,regular_glacier_ice
113,202,145,-10.784313725490197,clean_glacier_ice
113,203,127,-12.549019607843137,regular_glacier_ice
113,204,114,-13.823529411764705,regular_glacier_ice
113,205,101,-15.098039215686274,regular_glacier_ice
113,206,126,-12.647058823529411,regular_glacier_ice
113,207,105,-14.705882352941178,regular_glacier_ice
113,208,148,-10.49019607843137,clean_glacier_ice
113,209,111,-14.117647058823529,regular_glacier_ice
113,210,115,-13.72549019607843,regular_glacier_ice
113,211,197,-5.686274509803919,debris_rock
113,212,181,-7.254901960784313,mixed_snow_ice
113,213,153,-10.0,clean_glacier_ice
113,220,78,-17.352941176470587,deep_glacier_ice
113,221,46,-20.490196078431374,deep_glacier_ice
113,222,90,-16.176470588235293,regular_glacier_ice
114,0,81,-17.058823529411764,deep_glacier_ice
114,1,150,-10.294117647058822,clean_glacier_ice
114,2,176,-7.745098039215687,mixed_snow_ice
114,3,255,0.0,debris_rock
114,4,231,-2.352941176470587,debris_rock
114,5,203,-5.098039215686274,debris_rock
114,6,199,-5.490196078431371,debris_rock
114,7,255,0.0,debris_rock
114,8,184,-6.96078431372549,mixed_snow_ice
114,9,179,-7.450980392156865,mixed_snow_ice
114,10,172,-8.137254901960784,mixed_snow_ice
114,11,196,-5.784313725490193,debris_rock
114,12,192,-6.1764705882352935,debris_rock
114,13,159,-9.411764705882353,clean_glacier_ice
114,14,177,-7.647058823529413,mixed_snow_ice
114,15,128,-12.450980392156863,regular_glacier_ice
114,16,100,-15.196078431372548,regular_glacier_ice
114,17,183,-7.0588235294117645,mixed_snow_ice
114,18,195,-5.882352941176471,debris_rock
114,19,126,-12.647058823529411,regular_glacier_ice
114,20,165,-8.823529411764707,clean_glacier_ice
114,21,218,-3.627450980392158,debris_rock
114,22,75,-17.647058823529413,deep_glacier_ice
114,23,74,-17.745098039215684,deep_glacier_ice
114,24,228,-2.6470588235294095,debris_rock
114,25,207,-4.7058823529411775,debris_rock
114,26,244,-1.0784313725490193,debris_rock
114,27,255,0.0,debris_rock
114,28,170,-8.333333333333336,mixed_snow_ice
114,29,186,-6.764705882352942,debris_rock
114,30,170,-8.333333333333336,mixed_snow_ice
114,31,193,-6.078431372549019,debris_rock
114,32,208,-4.607843137254903,debris_rock
114,33,153,-10.0,clean_glacier_ice
114,34,169,-8.43137254901961,mixed_snow_ice
114,35,205,-4.901960784313726,debris_rock
114,36,141,-11.176470588235293,clean_glacier_ice
114,37,81,-17.058823529411764,deep_glacier_ice
114,52,255,0.0,debris_rock
114,53,88,-16.372549019607845,regular_glacier_ice
114,54,122,-13.03921568627451,regular_glacier_ice
114,55,85,-16.666666666666668,deep_glacier_ice
114,56,129,-12.352941176470589,regular_glacier_ice
114,57,103,-14.901960784313726,regular_glacier_ice
114,58,153,-10.0,clean_glacier_ice
114,59,255,0.0,debris_rock
114,60,184,-6.96078431372549,mixed_snow_ice
114,61,175,-7.843137254901961,mixed_snow_ice
114,62,160,-9.313725490196079,clean_glacier_ice
114,63,172,-8.137254901960784,mixed_snow_ice
114,64,191,-6.274509803921568,debris_rock
114,65,176,-7.745098039215687,mixed_snow_ice
114,66,207,-4.7058823529411775,debris_rock
114,67,207,-4.7058823529411775,debris_rock
114,68,181,-7.254901960784313,mixed_snow_ice
114,69,180,-7.352941176470587,mixed_snow_ice
114,70,181,-7.254901960784313,mixed_snow_ice
114,71,102,-15.0,regular_glacier_ice
114,72,105,-14.705882352941178,regular_glacier_ice
114,73,124,-12.843137254901961,regular_glacier_ice
114,74,130,-12.254901960784315,clean_glacier_ice
114,75,90,-16.176470588235293,regular_glacier_ice
114,76,81,-17.058823529411764,deep_glacier_ice
114,77,118,-13.431372549019608,regular_glacier_ice
114,78,116,-13.627450980392156,regular_glacier_ice
114,79,105,-14.705882352941178,regular_glacier_ice
114,80,128,-12.450980392156863,regular_glacier_ice
114,81,87,-16.470588235294116,deep_glacier_ice
114,82,110,-14.215686274509803,regular_glacier_ice
114,83,99,-15.294117647058822,regular_glacier_ice
114,84,132,-12.058823529411763,clean_glacier_ice
114,85,132,-12.058823529411763,clean_glacier_ice
114,86,131,-12.15686274509804,clean_glacier_ice
114,87,141,-11.176470588235293,clean_glacier_ice
114,88,152,-10.098039215686274,clean_glacier_ice
114,89,90,-16.176470588235293,regular_glacier_ice
114,90,106,-14.607843137254902,regular_glacier_ice
114,91,100,-15.196078431372548,regular_glacier_ice
114,92,94,-15.784313725490195,regular_glacier_ice
114,93,98,-15.392156862745097,regular_glacier_ice
114,94,88,-16.372549019607845,regular_glacier_ice
114,95,94,-15.784313725490195,regular_glacier_ice
114,96,103,-14.901960784313726,regular_glacier_ice
114,97,156,-9.705882352941176,clean_glacier_ice
114,98,164,-8.92156862745098,clean_glacier_ice
114,99,157,-9.607843137254902,clean_glacier_ice
114,100,176,-7.745098039215687,mixed_snow_ice
114,101,185,-6.862745098039216,mixed_snow_ice
114,102,191,-6.274509803921568,debris_rock
114,103,202,-5.196078431372548,debris_rock
114,104,207,-4.7058823529411775,debris_rock
114,105,180,-7.352941176470587,mixed_snow_ice
114,106,175,-7.843137254901961,mixed_snow_ice
114,107,222,-3.235294117647058,debris_rock
114,108,145,-10.784313725490197,clean_glacier_ice
114,109,195,-5.882352941176471,debris_rock
114,110,215,-3.9215686274509807,debris_rock
114,111,184,-6.96078431372549,mixed_snow_ice
114,112,128,-12.450980392156863,regular_glacier_ice
114,113,101,-15.098039215686274,regular_glacier_ice
114,114,109,-14.313725490196079,regular_glacier_ice
114,115,101,-15.098039215686274,regular_glacier_ice
114,116,73,-17.84313725490196,deep_glacier_ice
114,117,64,-18.725490196078432,deep_glacier_ice
114,118,66,-18.52941176470588,deep_glacier_ice
114,119,98,-15.392156862745097,regular_glacier_ice
114,121,229,-2.5490196078431353,debris_rock
114,122,136,-11.666666666666666,clean_glacier_ice
114,123,162,-9.11764705882353,clean_glacier_ice
114,124,208,-4.607843137254903,debris_rock
114,125,205,-4.901960784313726,debris_rock
114,126,245,-0.9803921568627452,debris_rock
114,127,255,0.0,debris_rock
114,128,255,0.0,debris_rock
114,129,177,-7.647058823529413,mixed_snow_ice
114,130,178,-7.549019607843139,mixed_snow_ice
114,131,218,-3.627450980392158,debris_rock
114,132,228,-2.6470588235294095,debris_rock
114,133,202,-5.196078431372548,debris_rock
114,134,229,-2.5490196078431353,debris_rock
114,135,220,-3.4313725490196063,debris_rock
114,136,227,-2.745098039215687,debris_rock
114,137,218,-3.627450980392158,debris_rock
114,138,208,-4.607843137254903,debris_rock
114,139,251,-0.3921568627451002,debris_rock
114,140,191,-6.274509803921568,debris_rock
114,141,156,-9.705882352941176,clean_glacier_ice
114,142,153,-10.0,clean_glacier_ice
114,143,165,-8.823529411764707,clean_glacier_ice
114,144,123,-12.941176470588236,regular_glacier_ice
114,145,118,-13.431372549019608,regular_glacier_ice
114,146,111,-14.117647058823529,regular_glacier_ice
114,147,112,-14.019607843137255,regular_glacier_ice
114,148,134,-11.862745098039214,clean_glacier_ice
114,149,133,-11.960784313725489,clean_glacier_ice
114,150,138,-11.470588235294118,clean_glacier_ice
114,151,142,-11.07843137254902,clean_glacier_ice
114,152,139,-11.372549019607844,clean_glacier_ice
114,153,193,-6.078431372549019,debris_rock
114,154,208,-4.607843137254903,debris_rock
114,155,190,-6.372549019607842,debris_rock
114,156,166,-8.725490196078432,mixed_snow_ice
114,162,96,-15.588235294117647,regular_glacier_ice
114,163,40,-21.07843137254902,very_deep_glacier_ice
114,164,72,-17.941176470588236,deep_glacier_ice
114,165,143,-10.980392156862745,clean_glacier_ice
114,166,231,-2.352941176470587,debris_rock
114,167,255,0.0,debris_rock
114,168,255,0.0,debris_rock
114,169,225,-2.9411764705882355,debris_rock
114,170,186,-6.764705882352942,debris_rock
114,171,188,-6.56862745098039,debris_rock
114,172,162,-9.11764705882353,clean_glacier_ice
114,173,192,-6.1764705882352935,debris_rock
114,174,179,-7.450980392156865,mixed_snow_ice
114,175,188,-6.56862745098039,debris_rock
114,176,234,-2.0588235294117645,debris_rock
114,177,184,-6.96078431372549,mixed_snow_ice
114,178,140,-11.274509803921568,clean_glacier_ice
114,179,197,-5.686274509803919,debris_rock
114,180,158,-9.509803921568627,clean_glacier_ice
114,181,105,-14.705882352941178,regular_glacier_ice
114,182,137,-11.568627450980392,clean_glacier_ice
114,183,210,-4.411764705882355,debris_rock
114,184,145,-10.784313725490197,clean_glacier_ice
114,185,168,-8.529411764705884,mixed_snow_ice
114,186,184,-6.96078431372549,mixed_snow_ice
114,187,53,-19.80392156862745,deep_glacier_ice
114,188,62,-18.92156862745098,deep_glacier_ice
114,189,156,-9.705882352941176,clean_glacier_ice
114,190,206,-4.803921568627452,debris_rock
114,191,255,0.0,debris_rock
114,192,255,0.0,debris_rock
114,193,174,-7.9411764705882355,mixed_snow_ice
114,194,175,-7.843137254901961,mixed_snow_ice
114,195,198,-5.588235294117645,debris_rock
114,196,210,-4.411764705882355,debris_rock
114,197,173,-8.03921568627451,mixed_snow_ice
114,198,203,-5.098039215686274,debris_rock
114,199,219,-3.529411764705884,debris_rock
114,200,209,-4.509803921568629,debris_rock
114,201,168,-8.529411764705884,mixed_snow_ice
114,202,86,-16.568627450980394,deep_glacier_ice
114,217,153,-10.0,clean_glacier_ice
114,218,106,-14.607843137254902,regular_glacier_ice
114,219,83,-16.862745098039216,deep_glacier_ice
114,220,59,-19.215686274509803,deep_glacier_ice
114,221,114,-13.823529411764705,regular_glacier_ice
114,222,123,-12.941176470588236,regular_glacier_ice
115,0,247,-0.7843137254901968,debris_rock
115,1,255,0.0,debris_rock
115,2,220,-3.4313725490196063,debris_rock
115,3,138,-11.470588235294118,clean_glacier_ice
115,4,149,-10.392156862745097,clean_glacier_ice
115,5,164,-8.92156862745098,clean_glacier_ice
115,6,217,-3.7254901960784323,debris_rock
115,7,206,-4.803921568627452,debris_rock
115,8,205,-4.901960784313726,debris_rock
115,9,186,-6.764705882352942,debris_rock
115,10,173,-8.03921568627451,mixed_snow_ice
115,11,190,-6.372549019607842,debris_rock
115,12,194,-5.980392156862745,debris_rock
115,13,135,-11.76470588235294,clean_glacier_ice
115,14,153,-10.0,clean_glacier_ice
115,15,142,-11.07843137254902,clean_glacier_ice
115,16,106,-14.607843137254902,regular_glacier_ice
115,17,116,-13.627450980392156,regular_glacier_ice
115,18,94,-15.784313725490195,regular_glacier_ice
115,19,115,-13.72549019607843,regular_glacier_ice
115,20,115,-13.72549019607843,regular_glacier_ice
115,21,96,-15.588235294117647,regular_glacier_ice
115,22,68,-18.333333333333332,deep_glacier_ice
115,23,89,-16.274509803921568,regular_glacier_ice
115,24,87,-16.470588235294116,deep_glacier_ice
115,25,100,-15.196078431372548,regular_glacier_ice
115,26,117,-13.529411764705882,regular_glacier_ice
115,27,114,-13.823529411764705,regular_glacier_ice
115,28,140,-11.274509803921568,clean_glacier_ice
115,29,105,-14.705882352941178,regular_glacier_ice
115,30,97,-15.490196078431373,regular_glacier_ice
115,31,95,-15.686274509803921,regular_glacier_ice
115,32,100,-15.196078431372548,regular_glacier_ice
115,33,72,-17.941176470588236,deep_glacier_ice
115,34,79,-17.254901960784313,deep_glacier_ice
115,35,90,-16.176470588235293,regular_glacier_ice
115,36,117,-13.529411764705882,regular_glacier_ice
115,37,95,-15.686274509803921,regular_glacier_ice
115,38,94,-15.784313725490195,regular_glacier_ice
115,39,99,-15.294117647058822,regular_glacier_ice
115,40,123,-12.941176470588236,regular_glacier_ice
115,41,171,-8.235294117647062,mixed_snow_ice
115,42,161,-9.215686274509805,clean_glacier_ice
115,43,195,-5.882352941176471,debris_rock
115,44,214,-4.019607843137255,debris_rock
115,45,189,-6.470588235294116,debris_rock
115,46,186,-6.764705882352942,debris_rock
115,47,192,-6.1764705882352935,debris_rock
115,48,162,-9.11764705882353,clean_glacier_ice
115,49,147,-10.588235294117649,clean_glacier_ice
115,50,136,-11.666666666666666,clean_glacier_ice
115,51,177,-7.647058823529413,mixed_snow_ice
115,52,169,-8.43137254901961,mixed_snow_ice
115,53,179,-7.450980392156865,mixed_snow_ice
115,54,185,-6.862745098039216,mixed_snow_ice
115,55,160,-9.313725490196079,clean_glacier_ice
115,56,124,-12.843137254901961,regular_glacier_ice
115,57,94,-15.784313725490195,regular_glacier_ice
115,58,50,-20.098039215686274,deep_glacier_ice
115,59,58,-19.313725490196077,deep_glacier_ice
115,60,48,-20.294117647058822,deep_glacier_ice
115,61,101,-15.098039215686274,regular_glacier_ice
115,62,178,-7.549019607843139,mixed_snow_ice
115,63,110,-14.215686274509803,regular_glacier_ice
115,64,135,-11.76470588235294,clean_glacier_ice
115,66,214,-4.019607843137255,debris_rock
115,67,169,-8.43137254901961,mixed_snow_ice
115,68,255,0.0,debris_rock
115,69,255,0.0,debris_rock
115,70,190,-6.372549019607842,debris_rock
115,71,160,-9.313725490196079,clean_glacier_ice
115,72,164,-8.92156862745098,clean_glacier_ice
115,73,223,-3.137254901960784,debris_rock
115,74,217,-3.7254901960784323,debris_rock
115,75,189,-6.470588235294116,debris_rock
115,76,241,-1.3725490196078454,debris_rock
115,77,234,-2.0588235294117645,debris_rock
115,78,210,-4.411764705882355,debris_rock
115,79,177,-7.647058823529413,mixed_snow_ice
115,80,192,-6.1764705882352935,debris_rock
115,81,182,-7.156862745098039,mixed_snow_ice
115,82,139,-11.372549019607844,clean_glacier_ice
115,83,149,-10.392156862745097,clean_glacier_ice
115,84,137,-11.568627450980392,clean_glacier_ice
115,85,106,-14.607843137254902,regular_glacier_ice
115,86,91,-16.07843137254902,regular_glacier_ice
115,87,105,-14.705882352941178,regular_glacier_ice
115,88,108,-14.411764705882353,regular_glacier_ice
115,89,112,-14.019607843137255,regular_glacier_ice
115,90,140,-11.274509803921568,clean_glacier_ice
115,91,109,-14.313725490196079,regular_glacier_ice
115,92,110,-14.215686274509803,regular_glacier_ice
115,93,138,-11.470588235294118,clean_glacier_ice
115,94,118,-13.431372549019608,regular_glacier_ice
115,95,176,-7.745098039215687,mixed_snow_ice
115,96,207,-4.7058823529411775,debris_rock
115,97,222,-3.235294117647058,debris_rock
115,98,190,-6.372549019607842,debris_rock
115,99,157,-9.607843137254902,clean_glacier_ice
115,100,164,-8.92156862745098,clean_glacier_ice
115,105,101,-15.098039215686274,regular_glacier_ice
115,106,55,-19.607843137254903,deep_glacier_ice
115,107,219,-3.529411764705884,debris_rock
115,108,249,-0.5882352941176485,debris_rock
115,109,233,-2.1568627450980387,debris_rock
115,110,193,-6.078431372549019,debris_rock
115,111,209,-4.509803921568629,debris_rock
115,112,203,-5.098039215686274,debris_rock
115,113,197,-5.686274509803919,debris_rock
115,114,187,-6.666666666666668,debris_rock
115,115,179,-7.450980392156865,mixed_snow_ice
115,116,179,-7.450980392156865,mixed_snow_ice
115,117,191,-6.274509803921568,debris_rock
115,118,202,-5.196078431372548,debris_rock
115,119,209,-4.509803921568629,debris_rock
115,120,191,-6.274509803921568,debris_rock
115,121,158,-9.509803921568627,clean_glacier_ice
115,122,150,-10.294117647058822,clean_glacier_ice
115,123,130,-12.254901960784315,clean_glacier_ice
115,124,138,-11.470588235294118,clean_glacier_ice
115,125,174,-7.9411764705882355,mixed_snow_ice
115,126,126,-12.647058823529411,regular_glacier_ice
115,127,187,-6.666666666666668,debris_rock
115,128,184,-6.96078431372549,mixed_snow_ice
115,129,66,-18.52941176470588,deep_glacier_ice
115,130,75,-17.647058823529413,deep_glacier_ice
115,131,177,-7.647058823529413,mixed_snow_ice
115,132,203,-5.098039215686274,debris_rock
115,133,255,0.0,debris_rock
115,134,255,0.0,debris_rock
115,135,192,-6.1764705882352935,debris_rock
115,136,170,-8.333333333333336,mixed_snow_ice
115,137,166,-8.725490196078432,mixed_snow_ice
115,138,163,-9.019607843137257,clean_glacier_ice
115,139,168,-8.529411764705884,mixed_snow_ice
115,140,207,-4.7058823529411775,debris_rock
115,141,193,-6.078431372549019,debris_rock
115,142,178,-7.549019607843139,mixed_snow_ice
115,143,179,-7.450980392156865,mixed_snow_ice
115,149,161,-9.215686274509805,clean_glacier_ice
115,158,215,-3.9215686274509807,debris_rock
115,159,155,-9.803921568627452,clean_glacier_ice
115,160,112,-14.019607843137255,regular_glacier_ice
115,161,98,-15.392156862745097,regular_glacier_ice
115,162,100,-15.196078431372548,regular_glacier_ice
115,163,116,-13.627450980392156,regular_glacier_ice
115,164,137,-11.568627450980392,clean_glacier_ice
115,165,255,0.0,debris_rock
115,166,157,-9.607843137254902,clean_glacier_ice
115,167,178,-7.549019607843139,mixed_snow_ice
115,168,137,-11.568627450980392,clean_glacier_ice
115,169,115,-13.72549019607843,regular_glacier_ice
115,170,120,-13.23529411764706,regular_glacier_ice
115,171,250,-0.49019607843137436,debris_rock
115,172,203,-5.098039215686274,debris_rock
115,173,247,-0.7843137254901968,debris_rock
115,174,146,-10.686274509803923,clean_glacier_ice
115,175,122,-13.03921568627451,regular_glacier_ice
115,176,136,-11.666666666666666,clean_glacier_ice
115,177,143,-10.980392156862745,clean_glacier_ice
115,178,160,-9.313725490196079,clean_glacier_ice
115,179,108,-14.411764705882353,regular_glacier_ice
115,180,100,-15.196078431372548,regular_glacier_ice
115,181,93,-15.882352941176471,regular_glacier_ice
115,182,123,-12.941176470588236,regular_glacier_ice
115,183,121,-13.137254901960786,regular_glacier_ice
115,184,134,-11.862745098039214,clean_glacier_ice
115,185,112,-14.019607843137255,regular_glacier_ice
115,186,127,-12.549019607843137,regular_glacier_ice
115,187,130,-12.254901960784315,clean_glacier_ice
115,188,80,-17.15686274509804,deep_glacier_ice
115,189,86,-16.568627450980394,deep_glacier_ice
115,190,71,-18.03921568627451,deep_glacier_ice
115,191,99,-15.294117647058822,regular_glacier_ice
115,192,101,-15.098039215686274,regular_glacier_ice
115,193,101,-15.098039215686274,regular_glacier_ice
115,194,85,-16.666666666666668,deep_glacier_ice
115,195,107,-14.509803921568627,regular_glacier_ice
115,196,61,-19.019607843137255,deep_glacier_ice
115,197,87,-16.470588235294116,deep_glacier_ice
115,198,46,-20.490196078431374,deep_glacier_ice
115,199,68,-18.333333333333332,deep_glacier_ice
115,200,86,-16.568627450980394,deep_glacier_ice
115,201,95,-15.686274509803921,regular_glacier_ice
115,202,101,-15.098039215686274,regular_glacier_ice
115,203,94,-15.784313725490195,regular_glacier_ice
115,204,115,-13.72549019607843,regular_glacier_ice
115,205,116,-13.627450980392156,regular_glacier_ice
115,206,139,-11.372549019607844,clean_glacier_ice
115,207,132,-12.058823529411763,clean_glacier_ice
115,208,145,-10.784313725490197,clean_glacier_ice
115,209,181,-7.254901960784313,mixed_snow_ice
115,210,167,-8.627450980392158,mixed_snow_ice
115,211,174,-7.9411764705882355,mixed_snow_ice
115,212,182,-7.156862745098039,mixed_snow_ice
115,213,189,-6.470588235294116,debris_rock
115,214,166,-8.725490196078432,mixed_snow_ice
115,215,159,-9.411764705882353,clean_glacier_ice
115,216,185,-6.862745098039216,mixed_snow_ice
115,217,216,-3.8235294117647065,debris_rock
115,218,218,-3.627450980392158,debris_rock
115,219,215,-3.9215686274509807,debris_rock
115,220,215,-3.9215686274509807,debris_rock
115,221,170,-8.333333333333336,mixed_snow_ice
115,222,116,-13.627450980392156,regular_glacier_ice
116,0,130,-12.254901960784315,clean_glacier_ice
116,1,62,-18.92156862745098,deep_glacier_ice
116,2,69,-18.235294117647058,deep_glacier_ice
116,3,76,-17.549019607843135,deep_glacier_ice
116,8,230,-2.450980392156861,debris_rock
116,9,183,-7.0588235294117645,mixed_snow_ice
116,10,255,0.0,debris_rock
116,11,255,0.0,debris_rock
116,12,242,-1.2745098039215712,debris_rock
116,13,181,-7.254901960784313,mixed_snow_ice
116,14,140,-11.274509803921568,clean_glacier_ice
116,15,201,-5.2941176470588225,debris_rock
116,16,205,-4.901960784313726,debris_rock
116,17,205,-4.901960784313726,debris_rock
116,18,244,-1.0784313725490193,debris_rock
116,19,216,-3.8235294117647065,debris_rock
116,20,177,-7.647058823529413,mixed_snow_ice
116,21,139,-11.372549019607844,clean_glacier_ice
116,22,132,-12.058823529411763,clean_glacier_ice
116,23,121,-13.137254901960786,regular_glacier_ice
116,24,123,-12.941176470588236,regular_glacier_ice
116,25,132,-12.058823529411763,clean_glacier_ice
116,26,81,-17.058823529411764,deep_glacier_ice
116,27,96,-15.588235294117647,regular_glacier_ice
116,28,129,-12.352941176470589,regular_glacier_ice
116,29,134,-11.862745098039214,clean_glacier_ice
116,30,121,-13.137254901960786,regular_glacier_ice
116,31,91,-16.07843137254902,regular_glacier_ice
116,32,129,-12.352941176470589,regular_glacier_ice
116,33,105,-14.705882352941178,regular_glacier_ice
116,34,88,-16.372549019607845,regular_glacier_ice
116,35,115,-13.72549019607843,regular_glacier_ice
116,36,117,-13.529411764705882,regular_glacier_ice
116,37,201,-5.2941176470588225,debris_rock
116,38,207,-4.7058823529411775,debris_rock
116,39,205,-4.901960784313726,debris_rock
116,40,168,-8.529411764705884,mixed_snow_ice
116,41,186,-6.764705882352942,debris_rock
116,42,195,-5.882352941176471,debris_rock
116,43,169,-8.43137254901961,mixed_snow_ice
116,47,125,-12.745098039215687,regular_glacier_ice
116,48,154,-9.901960784313726,clean_glacier_ice
116,49,206,-4.803921568627452,debris_rock
116,50,217,-3.7254901960784323,debris_rock
116,51,180,-7.352941176470587,mixed_snow_ice
116,52,188,-6.56862745098039,debris_rock
116,53,176,-7.745098039215687,mixed_snow_ice
116,54,180,-7.352941176470587,mixed_snow_ice
116,55,204,-5.0,debris_rock
116,56,194,-5.980392156862745,debris_rock
116,57,178,-7.549019607843139,mixed_snow_ice
116,58,211,-4.313725490196081,debris_rock
116,59,210,-4.411764705882355,debris_rock
116,60,215,-3.9215686274509807,debris_rock
116,61,179,-7.450980392156865,mixed_snow_ice
116,62,203,-5.098039215686274,debris_rock
116,63,143,-10.980392156862745,clean_glacier_ice
116,64,155,-9.803921568627452,clean_glacier_ice
116,65,147,-10.588235294117649,clean_glacier_ice
116,66,124,-12.843137254901961,regular_glacier_ice
116,67,60,-19.11764705882353,deep_glacier_ice
116,68,94,-15.784313725490195,regular_glacier_ice
116,69,112,-14.019607843137255,regular_glacier_ice
116,70,93,-15.882352941176471,regular_glacier_ice
116,71,21,-22.941176470588236,very_deep_glacier_ice
116,72,101,-15.098039215686274,regular_glacier_ice
116,73,184,-6.96078431372549,mixed_snow_ice
116,74,157,-9.607843137254902,clean_glacier_ice
116,75,220,-3.4313725490196063,debris_rock
116,76,255,0.0,debris_rock
116,77,188,-6.56862745098039,debris_rock
116,78,150,-10.294117647058822,clean_glacier_ice
116,79,149,-10.392156862745097,clean_glacier_ice
116,80,169,-8.43137254901961,mixed_snow_ice
116,81,199,-5.490196078431371,debris_rock
116,82,170,-8.333333333333336,mixed_snow_ice
116,83,179,-7.450980392156865,mixed_snow_ice
116,84,182,-7.156862745098039,mixed_snow_ice
116,85,184,-6.96078431372549,mixed_snow_ice
116,86,195,-5.882352941176471,debris_rock
116,91,146,-10.686274509803923,clean_glacier_ice
116,92,81,-17.058823529411764,deep_glacier_ice
116,100,121,-13.137254901960786,regular_glacier_ice
116,101,132,-12.058823529411763,clean_glacier_ice
116,102,116,-13.627450980392156,regular_glacier_ice
116,103,101,-15.098039215686274,regular_glacier_ice
116,104,110,-14.215686274509803,regular_glacier_ice
116,105,92,-15.980392156862745,regular_glacier_ice
116,106,139,-11.372549019607844,clean_glacier_ice
116,107,186,-6.764705882352942,debris_rock
116,108,137,-11.568627450980392,clean_glacier_ice
116,109,166,-8.725490196078432,mixed_snow_ice
116,110,129,-12.352941176470589,regular_glacier_ice
116,111,169,-8.43137254901961,mixed_snow_ice
116,112,154,-9.901960784313726,clean_glacier_ice
116,113,174,-7.9411764705882355,mixed_snow_ice
116,114,235,-1.9607843137254903,debris_rock
116,115,245,-0.9803921568627452,debris_rock
116,116,165,-8.823529411764707,clean_glacier_ice
116,117,126,-12.647058823529411,regular_glacier_ice
116,118,143,-10.980392156862745,clean_glacier_ice
116,119,114,-13.823529411764705,regular_glacier_ice
116,120,156,-9.705882352941176,clean_glacier_ice
116,121,128,-12.450980392156863,regular_glacier_ice
116,122,92,-15.980392156862745,regular_glacier_ice
116,123,109,-14.313725490196079,regular_glacier_ice
116,124,106,-14.607843137254902,regular_glacier_ice
116,125,85,-16.666666666666668,deep_glacier_ice
116,126,91,-16.07843137254902,regular_glacier_ice
116,127,85,-16.666666666666668,deep_glacier_ice
116,128,124,-12.843137254901961,regular_glacier_ice
116,129,98,-15.392156862745097,regular_glacier_ice
116,130,79,-17.254901960784313,deep_glacier_ice
116,131,81,-17.058823529411764,deep_glacier_ice
116,132,123,-12.941176470588236,regular_glacier_ice
116,133,109,-14.313725490196079,regular_glacier_ice
116,134,110,-14.215686274509803,regular_glacier_ice
116,135,109,-14.313725490196079,regular_glacier_ice
116,136,102,-15.0,regular_glacier_ice
116,137,80,-17.15686274509804,deep_glacier_ice
116,138,81,-17.058823529411764,deep_glacier_ice
116,139,94,-15.784313725490195,regular_glacier_ice
116,140,89,-16.274509803921568,regular_glacier_ice
116,141,87,-16.470588235294116,deep_glacier_ice
116,142,94,-15.784313725490195,regular_glacier_ice
116,143,105,-14.705882352941178,regular_glacier_ice
116,144,92,-15.980392156862745,regular_glacier_ice
116,145,105,-14.705882352941178,regular_glacier_ice
116,146,93,-15.882352941176471,regular_glacier_ice
116,147,89,-16.274509803921568,regular_glacier_ice
116,148,118,-13.431372549019608,regular_glacier_ice
116,149,146,-10.686274509803923,clean_glacier_ice
116,150,155,-9.803921568627452,clean_glacier_ice
116,151,169,-8.43137254901961,mixed_snow_ice
116,152,165,-8.823529411764707,clean_glacier_ice
116,153,150,-10.294117647058822,clean_glacier_ice
116,154,194,-5.980392156862745,debris_rock
116,155,187,-6.666666666666668,debris_rock
116,156,165,-8.823529411764707,clean_glacier_ice
116,157,189,-6.470588235294116,debris_rock
116,158,173,-8.03921568627451,mixed_snow_ice
116,159,224,-3.0392156862745097,debris_rock
116,160,211,-4.313725490196081,debris_rock
116,161,194,-5.980392156862745,debris_rock
116,162,221,-3.333333333333332,debris_rock
116,163,206,-4.803921568627452,debris_rock
116,164,178,-7.549019607843139,mixed_snow_ice
116,165,174,-7.9411764705882355,mixed_snow_ice
116,166,124,-12.843137254901961,regular_glacier_ice
116,167,158,-9.509803921568627,clean_glacier_ice
116,168,91,-16.07843137254902,regular_glacier_ice
116,172,255,0.0,debris_rock
116,173,189,-6.470588235294116,debris_rock
116,174,74,-17.745098039215684,deep_glacier_ice
116,175,242,-1.2745098039215712,debris_rock
116,176,255,0.0,debris_rock
116,177,255,0.0,debris_rock
116,178,255,0.0,debris_rock
116,179,207,-4.7058823529411775,debris_rock
116,180,210,-4.411764705882355,debris_rock
116,181,206,-4.803921568627452,debris_rock
116,182,194,-5.980392156862745,debris_rock
116,183,210,-4.411764705882355,debris_rock
116,184,159,-9.411764705882353,clean_glacier_ice
116,185,143,-10.980392156862745,clean_glacier_ice
116,186,125,-12.745098039215687,regular_glacier_ice
116,187,115,-13.72549019607843,regular_glacier_ice
116,188,119,-13.333333333333334,regular_glacier_ice
116,189,102,-15.0,regular_glacier_ice
116,190,126,-12.647058823529411,regular_glacier_ice
116,191,122,-13.03921568627451,regular_glacier_ice
116,192,117,-13.529411764705882,regular_glacier_ice
116,193,96,-15.588235294117647,regular_glacier_ice
116,194,155,-9.803921568627452,clean_glacier_ice
116,195,108,-14.411764705882353,regular_glacier_ice
116,196,103,-14.901960784313726,regular_glacier_ice
116,197,108,-14.411764705882353,regular_glacier_ice
116,198,113,-13.92156862745098,regular_glacier_ice
116,199,69,-18.235294117647058,deep_glacier_ice
116,200,87,-16.470588235294116,deep_glacier_ice
116,201,65,-18.627450980392158,deep_glacier_ice
116,202,194,-5.980392156862745,debris_rock
116,203,186,-6.764705882352942,debris_rock
116,204,186,-6.764705882352942,debris_rock
116,205,199,-5.490196078431371,debris_rock
116,206,187,-6.666666666666668,debris_rock
116,207,204,-5.0,debris_rock
116,208,191,-6.274509803921568,debris_rock
116,209,184,-6.96078431372549,mixed_snow_ice
116,210,200,-5.392156862745097,debris_rock
116,211,197,-5.686274509803919,debris_rock
116,212,128,-12.450980392156863,regular_glacier_ice
116,213,199,-5.490196078431371,debris_rock
116,214,174,-7.9411764705882355,mixed_snow_ice
116,215,197,-5.686274509803919,debris_rock
116,216,178,-7.549019607843139,mixed_snow_ice
116,217,175,-7.843137254901961,mixed_snow_ice
116,218,198,-5.588235294117645,debris_rock
116,219,185,-6.862745098039216,mixed_snow_ice
116,220,184,-6.96078431372549,mixed_snow_ice
116,221,153,-10.0,clean_glacier_ice
116,222,193,-6.078431372549019,debris_rock
117,0,191,-6.274509803921568,debris_rock
117,1,201,-5.2941176470588225,debris_rock
117,2,185,-6.862745098039216,mixed_snow_ice
117,3,190,-6.372549019607842,debris_rock
117,4,164,-8.92156862745098,clean_glacier_ice
117,5,119,-13.333333333333334,regular_glacier_ice
117,6,163,-9.019607843137257,clean_glacier_ice
117,7,161,-9.215686274509805,clean_glacier_ice
117,8,134,-11.862745098039214,clean_glacier_ice
117,9,119,-13.333333333333334,regular_glacier_ice
117,10,99,-15.294117647058822,regular_glacier_ice
117,11,112,-14.019607843137255,regular_glacier_ice
117,12,66,-18.52941176470588,deep_glacier_ice
117,13,68,-18.333333333333332,deep_glacier_ice
117,14,162,-9.11764705882353,clean_glacier_ice
117,15,218,-3.627450980392158,debris_rock
117,16,215,-3.9215686274509807,debris_rock
117,17,192,-6.1764705882352935,debris_rock
117,18,255,0.0,debris_rock
117,19,196,-5.784313725490193,debris_rock
117,20,163,-9.019607843137257,clean_glacier_ice
117,21,141,-11.176470588235293,clean_glacier_ice
117,22,159,-9.411764705882353,clean_glacier_ice
117,23,188,-6.56862745098039,debris_rock
117,24,198,-5.588235294117645,debris_rock
117,25,193,-6.078431372549019,debris_rock
117,26,179,-7.450980392156865,mixed_snow_ice
117,27,184,-6.96078431372549,mixed_snow_ice
117,28,201,-5.2941176470588225,debris_rock
117,29,183,-7.0588235294117645,mixed_snow_ice
117,33,169,-8.43137254901961,mixed_snow_ice
117,34,106,-14.607843137254902,regular_glacier_ice
117,35,134,-11.862745098039214,clean_glacier_ice
117,36,171,-8.235294117647062,mixed_snow_ice
117,41,233,-2.1568627450980387,debris_rock
117,42,126,-12.647058823529411,regular_glacier_ice
117,43,120,-13.23529411764706,regular_glacier_ice
117,44,136,-11.666666666666666,clean_glacier_ice
117,45,167,-8.627450980392158,mixed_snow_ice
117,46,164,-8.92156862745098,clean_glacier_ice
117,47,142,-11.07843137254902,clean_glacier_ice
117,48,119,-13.333333333333334,regular_glacier_ice
117,49,117,-13.529411764705882,regular_glacier_ice
117,50,96,-15.588235294117647,regular_glacier_ice
117,51,145,-10.784313725490197,clean_glacier_ice
117,52,168,-8.529411764705884,mixed_snow_ice
117,53,164,-8.92156862745098,clean_glacier_ice
117,54,219,-3.529411764705884,debris_rock
117,55,223,-3.137254901960784,debris_rock
117,56,251,-0.3921568627451002,debris_rock
117,57,255,0.0,debris_rock
117,58,206,-4.803921568627452,debris_rock
117,59,206,-4.803921568627452,debris_rock
117,60,114,-13.823529411764705,regular_glacier_ice
117,61,122,-13.03921568627451,regular_glacier_ice
117,62,111,-14.117647058823529,regular_glacier_ice
117,63,128,-12.450980392156863,regular_glacier_ice
117,64,97,-15.490196078431373,regular_glacier_ice
117,65,114,-13.823529411764705,regular_glacier_ice
117,66,118,-13.431372549019608,regular_glacier_ice
117,67,109,-14.313725490196079,regular_glacier_ice
117,68,110,-14.215686274509803,regular_glacier_ice
117,69,143,-10.980392156862745,clean_glacier_ice
117,70,91,-16.07843137254902,regular_glacier_ice
117,71,81,-17.058823529411764,deep_glacier_ice
117,72,122,-13.03921568627451,regular_glacier_ice
117,73,128,-12.450980392156863,regular_glacier_ice
117,74,126,-12.647058823529411,regular_glacier_ice
117,75,89,-16.274509803921568,regular_glacier_ice
117,76,121,-13.137254901960786,regular_glacier_ice
117,77,114,-13.823529411764705,regular_glacier_ice
117,78,93,-15.882352941176471,regular_glacier_ice
117,79,111,-14.117647058823529,regular_glacier_ice
117,80,65,-18.627450980392158,deep_glacier_ice
117,81,81,-17.058823529411764,deep_glacier_ice
117,82,81,-17.058823529411764,deep_glacier_ice
117,83,116,-13.627450980392156,regular_glacier_ice
117,84,142,-11.07843137254902,clean_glacier_ice
117,85,84,-16.764705882352942,deep_glacier_ice
117,86,95,-15.686274509803921,regular_glacier_ice
117,87,70,-18.137254901960784,deep_glacier_ice
117,88,97,-15.490196078431373,regular_glacier_ice
117,89,101,-15.098039215686274,regular_glacier_ice
117,90,106,-14.607843137254902,regular_glacier_ice
117,91,119,-13.333333333333334,regular_glacier_ice
117,92,150,-10.294117647058822,clean_glacier_ice
117,93,171,-8.235294117647062,mixed_snow_ice
117,94,177,-7.647058823529413,mixed_snow_ice
117,95,116,-13.627450980392156,regular_glacier_ice
117,96,162,-9.11764705882353,clean_glacier_ice
117,97,160,-9.313725490196079,clean_glacier_ice
117,98,175,-7.843137254901961,mixed_snow_ice
117,99,180,-7.352941176470587,mixed_snow_ice
117,100,170,-8.333333333333336,mixed_snow_ice
117,101,192,-6.1764705882352935,debris_rock
117,102,146,-10.686274509803923,clean_glacier_ice
117,103,199,-5.490196078431371,debris_rock
117,104,208,-4.607843137254903,debris_rock
117,105,220,-3.4313725490196063,debris_rock
117,106,153,-10.0,clean_glacier_ice
117,107,160,-9.313725490196079,clean_glacier_ice
117,108,133,-11.960784313725489,clean_glacier_ice
117,109,138,-11.470588235294118,clean_glacier_ice
117,110,122,-13.03921568627451,regular_glacier_ice
117,111,197,-5.686274509803919,debris_rock
117,113,255,0.0,debris_rock
117,114,209,-4.509803921568629,debris_rock
117,115,119,-13.333333333333334,regular_glacier_ice
117,116,55,-19.607843137254903,deep_glacier_ice
117,117,184,-6.96078431372549,mixed_snow_ice
117,118,255,0.0,debris_rock
117,119,225,-2.9411764705882355,debris_rock
117,120,229,-2.5490196078431353,debris_rock
117,121,148,-10.49019607843137,clean_glacier_ice
117,122,159,-9.411764705882353,clean_glacier_ice
117,123,143,-10.980392156862745,clean_glacier_ice
117,124,128,-12.450980392156863,regular_glacier_ice
117,125,120,-13.23529411764706,regular_glacier_ice
117,126,121,-13.137254901960786,regular_glacier_ice
117,127,102,-15.0,regular_glacier_ice
117,128,106,-14.607843137254902,regular_glacier_ice
117,129,130,-12.254901960784315,clean_glacier_ice
117,130,93,-15.882352941176471,regular_glacier_ice
117,131,73,-17.84313725490196,deep_glacier_ice
117,132,109,-14.313725490196079,regular_glacier_ice
117,133,97,-15.490196078431373,regular_glacier_ice
117,134,80,-17.15686274509804,deep_glacier_ice
117,135,103,-14.901960784313726,regular_glacier_ice
117,136,102,-15.0,regular_glacier_ice
117,137,99,-15.294117647058822,regular_glacier_ice
117,138,125,-12.745098039215687,regular_glacier_ice
117,139,81,-17.058823529411764,deep_glacier_ice
117,140,50,-20.098039215686274,deep_glacier_ice
117,141,83,-16.862745098039216,deep_glacier_ice
117,142,67,-18.431372549019606,deep_glacier_ice
117,143,80,-17.15686274509804,deep_glacier_ice
117,144,205,-4.901960784313726,debris_rock
117,145,209,-4.509803921568629,debris_rock
117,146,209,-4.509803921568629,debris_rock
117,147,171,-8.235294117647062,mixed_snow_ice
117,148,195,-5.882352941176471,debris_rock
117,149,189,-6.470588235294116,debris_rock
117,150,190,-6.372549019607842,debris_rock
117,151,206,-4.803921568627452,debris_rock
117,152,206,-4.803921568627452,debris_rock
117,153,186,-6.764705882352942,debris_rock
117,154,150,-10.294117647058822,clean_glacier_ice
117,155,190,-6.372549019607842,debris_rock
117,156,190,-6.372549019607842,debris_rock
117,157,162,-9.11764705882353,clean_glacier_ice
117,158,189,-6.470588235294116,debris_rock
117,159,188,-6.56862745098039,debris_rock
117,160,177,-7.647058823529413,mixed_snow_ice
117,161,183,-7.0588235294117645,mixed_snow_ice
117,162,200,-5.392156862745097,debris_rock
117,163,173,-8.03921568627451,mixed_snow_ice
117,164,208,-4.607843137254903,debris_rock
117,165,181,-7.254901960784313,mixed_snow_ice
117,166,183,-7.0588235294117645,mixed_snow_ice
117,167,187,-6.666666666666668,debris_rock
117,168,205,-4.901960784313726,debris_rock
117,169,184,-6.96078431372549,mixed_snow_ice
117,170,175,-7.843137254901961,mixed_snow_ice
117,171,184,-6.96078431372549,mixed_snow_ice
117,172,175,-7.843137254901961,mixed_snow_ice
117,173,146,-10.686274509803923,clean_glacier_ice
117,174,133,-11.960784313725489,clean_glacier_ice
117,175,119,-13.333333333333334,regular_glacier_ice
117,176,87,-16.470588235294116,deep_glacier_ice
117,177,94,-15.784313725490195,regular_glacier_ice
117,178,92,-15.980392156862745,regular_glacier_ice
117,179,132,-12.058823529411763,clean_glacier_ice
117,180,137,-11.568627450980392,clean_glacier_ice
117,181,164,-8.92156862745098,clean_glacier_ice
117,182,255,0.0,debris_rock
117,183,255,0.0,debris_rock
117,184,199,-5.490196078431371,debris_rock
117,185,164,-8.92156862745098,clean_glacier_ice
117,186,139,-11.372549019607844,clean_glacier_ice
117,187,122,-13.03921568627451,regular_glacier_ice
117,188,138,-11.470588235294118,clean_glacier_ice
117,189,170,-8.333333333333336,mixed_snow_ice
117,190,200,-5.392156862745097,debris_rock
117,191,183,-7.0588235294117645,mixed_snow_ice
117,192,191,-6.274509803921568,debris_rock
117,193,161,-9.215686274509805,clean_glacier_ice
117,194,193,-6.078431372549019,debris_rock
117,195,160,-9.313725490196079,clean_glacier_ice
117,199,159,-9.411764705882353,clean_glacier_ice
117,200,240,-1.4705882352941195,debris_rock
117,201,206,-4.803921568627452,debris_rock
117,202,197,-5.686274509803919,debris_rock
117,203,250,-0.49019607843137436,debris_rock
117,204,172,-8.137254901960784,mixed_snow_ice
117,205,247,-0.7843137254901968,debris_rock
117,206,230,-2.450980392156861,debris_rock
117,207,129,-12.352941176470589,regular_glacier_ice
117,208,195,-5.882352941176471,debris_rock
117,209,149,-10.392156862745097,clean_glacier_ice
117,210,166,-8.725490196078432,mixed_snow_ice
117,211,216,-3.8235294117647065,debris_rock
117,212,225,-2.9411764705882355,debris_rock
117,213,199,-5.490196078431371,debris_rock
117,214,148,-10.49019607843137,clean_glacier_ice
117,215,152,-10.098039215686274,clean_glacier_ice
117,216,135,-11.76470588235294,clean_glacier_ice
117,217,165,-8.823529411764707,clean_glacier_ice
117,218,191,-6.274509803921568,debris_rock
117,219,255,0.0,debris_rock
117,220,255,0.0,debris_rock
117,221,233,-2.1568627450980387,debris_rock
117,222,231,-2.352941176470587,debris_rock
118,0,186,-6.764705882352942,debris_rock
118,1,171,-8.235294117647062,mixed_snow_ice
118,2,125,-12.745098039215687,regular_glacier_ice
118,3,171,-8.235294117647062,mixed_snow_ice
118,4,130,-12.254901960784315,clean_glacier_ice
118,5,112,-14.019607843137255,regular_glacier_ice
118,6,100,-15.196078431372548,regular_glacier_ice
118,7,153,-10.0,clean_glacier_ice
118,8,122,-13.03921568627451,regular_glacier_ice
118,9,118,-13.431372549019608,regular_glacier_ice
118,10,101,-15.098039215686274,regular_glacier_ice
118,11,129,-12.352941176470589,regular_glacier_ice
118,12,92,-15.980392156862745,regular_glacier_ice
118,13,118,-13.431372549019608,regular_glacier_ice
118,14,87,-16.470588235294116,deep_glacier_ice
118,15,108,-14.411764705882353,regular_glacier_ice
118,16,109,-14.313725490196079,regular_glacier_ice
118,17,149,-10.392156862745097,clean_glacier_ice
118,18,154,-9.901960784313726,clean_glacier_ice
118,19,69,-18.235294117647058,deep_glacier_ice
118,20,101,-15.098039215686274,regular_glacier_ice
118,21,127,-12.549019607843137,regular_glacier_ice
118,22,98,-15.392156862745097,regular_glacier_ice
118,23,77,-17.450980392156865,deep_glacier_ice
118,24,97,-15.490196078431373,regular_glacier_ice
118,25,115,-13.72549019607843,regular_glacier_ice
118,26,120,-13.23529411764706,regular_glacier_ice
118,27,68,-18.333333333333332,deep_glacier_ice
118,28,93,-15.882352941176471,regular_glacier_ice
118,29,54,-19.705882352941178,deep_glacier_ice
118,30,93,-15.882352941176471,regular_glacier_ice
118,31,90,-16.176470588235293,regular_glacier_ice
118,32,97,-15.490196078431373,regular_glacier_ice
118,33,131,-12.15686274509804,clean_glacier_ice
118,34,67,-18.431372549019606,deep_glacier_ice
118,35,164,-8.92156862745098,clean_glacier_ice
118,36,130,-12.254901960784315,clean_glacier_ice
118,37,140,-11.274509803921568,clean_glacier_ice
118,38,151,-10.196078431372548,clean_glacier_ice
118,39,188,-6.56862745098039,debris_rock
118,40,180,-7.352941176470587,mixed_snow_ice
118,41,186,-6.764705882352942,debris_rock
118,42,189,-6.470588235294116,debris_rock
118,43,197,-5.686274509803919,debris_rock
118,44,184,-6.96078431372549,mixed_snow_ice
118,45,185,-6.862745098039216,mixed_snow_ice
118,46,206,-4.803921568627452,debris_rock
118,47,188,-6.56862745098039,debris_rock
118,48,157,-9.607843137254902,clean_glacier_ice
118,50,103,-14.901960784313726,regular_glacier_ice
118,51,143,-10.980392156862745,clean_glacier_ice
118,52,151,-10.196078431372548,clean_glacier_ice
118,53,160,-9.313725490196079,clean_glacier_ice
118,54,218,-3.627450980392158,debris_rock
118,55,200,-5.392156862745097,debris_rock
118,56,195,-5.882352941176471,debris_rock
118,57,164,-8.92156862745098,clean_glacier_ice
118,58,145,-10.784313725490197,clean_glacier_ice
118,59,255,0.0,debris_rock
118,60,255,0.0,debris_rock
118,61,106,-14.607843137254902,regular_glacier_ice
118,62,93,-15.882352941176471,regular_glacier_ice
118,63,75,-17.647058823529413,deep_glacier_ice
118,64,120,-13.23529411764706,regular_glacier_ice
118,65,117,-13.529411764705882,regular_glacier_ice
118,66,108,-14.411764705882353,regular_glacier_ice
118,67,83,-16.862745098039216,deep_glacier_ice
118,68,97,-15.490196078431373,regular_glacier_ice
118,69,81,-17.058823529411764,deep_glacier_ice
118,70,108,-14.411764705882353,regular_glacier_ice
118,71,86,-16.568627450980394,deep_glacier_ice
118,72,80,-17.15686274509804,deep_glacier_ice
118,73,96,-15.588235294117647,regular_glacier_ice
118,74,116,-13.627450980392156,regular_glacier_ice
118,75,70,-18.137254901960784,deep_glacier_ice
118,76,109,-14.313725490196079,regular_glacier_ice
118,77,106,-14.607843137254902,regular_glacier_ice
118,78,69,-18.235294117647058,deep_glacier_ice
118,79,117,-13.529411764705882,regular_glacier_ice
118,80,95,-15.686274509803921,regular_glacier_ice
118,81,99,-15.294117647058822,regular_glacier_ice
118,82,79,-17.254901960784313,deep_glacier_ice
118,83,71,-18.03921568627451,deep_glacier_ice
118,84,84,-16.764705882352942,deep_glacier_ice
118,85,89,-16.274509803921568,regular_glacier_ice
118,86,210,-4.411764705882355,debris_rock
118,87,183,-7.0588235294117645,mixed_snow_ice
118,88,189,-6.470588235294116,debris_rock
118,89,201,-5.2941176470588225,debris_rock
118,90,212,-4.215686274509803,debris_rock
118,91,185,-6.862745098039216,mixed_snow_ice
118,92,206,-4.803921568627452,debris_rock
118,93,204,-5.0,debris_rock
118,94,200,-5.392156862745097,debris_rock
118,95,197,-5.686274509803919,debris_rock
118,96,200,-5.392156862745097,debris_rock
118,97,199,-5.490196078431371,debris_rock
118,98,189,-6.470588235294116,debris_rock
118,99,165,-8.823529411764707,clean_glacier_ice
118,100,195,-5.882352941176471,debris_rock
118,101,195,-5.882352941176471,debris_rock
118,102,170,-8.333333333333336,mixed_snow_ice
118,103,159,-9.411764705882353,clean_glacier_ice
118,104,170,-8.333333333333336,mixed_snow_ice
118,105,169,-8.43137254901961,mixed_snow_ice
118,106,202,-5.196078431372548,debris_rock
118,107,163,-9.019607843137257,clean_glacier_ice
118,108,183,-7.0588235294117645,mixed_snow_ice
118,109,205,-4.901960784313726,debris_rock
118,110,168,-8.529411764705884,mixed_snow_ice
118,111,157,-9.607843137254902,clean_glacier_ice
118,112,179,-7.450980392156865,mixed_snow_ice
118,113,172,-8.137254901960784,mixed_snow_ice
118,114,168,-8.529411764705884,mixed_snow_ice
118,115,161,-9.215686274509805,clean_glacier_ice
118,116,139,-11.372549019607844,clean_glacier_ice
118,117,117,-13.529411764705882,regular_glacier_ice
118,118,76,-17.549019607843135,deep_glacier_ice
118,119,76,-17.549019607843135,deep_glacier_ice
118,120,123,-12.941176470588236,regular_glacier_ice
118,121,118,-13.431372549019608,regular_glacier_ice
118,122,125,-12.745098039215687,regular_glacier_ice
118,123,190,-6.372549019607842,debris_rock
118,124,255,0.0,debris_rock
118,125,255,0.0,debris_rock
118,126,215,-3.9215686274509807,debris_rock
118,127,170,-8.333333333333336,mixed_snow_ice
118,128,123,-12.941176470588236,regular_glacier_ice
118,129,121,-13.137254901960786,regular_glacier_ice
118,130,112,-14.019607843137255,regular_glacier_ice
118,131,161,-9.215686274509805,clean_glacier_ice
118,132,156,-9.705882352941176,clean_glacier_ice
118,133,188,-6.56862745098039,debris_rock
118,134,181,-7.254901960784313,mixed_snow_ice
118,135,195,-5.882352941176471,debris_rock
118,136,225,-2.9411764705882355,debris_rock
118,137,168,-8.529411764705884,mixed_snow_ice
118,138,160,-9.313725490196079,clean_glacier_ice
118,139,133,-11.960784313725489,clean_glacier_ice
118,143,223,-3.137254901960784,debris_rock
118,144,184,-6.96078431372549,mixed_snow_ice
118,145,140,-11.274509803921568,clean_glacier_ice
118,146,176,-7.745098039215687,mixed_snow_ice
118,147,218,-3.627450980392158,debris_rock
118,148,172,-8.137254901960784,mixed_snow_ice
118,149,169,-8.43137254901961,mixed_snow_ice
118,150,190,-6.372549019607842,debris_rock
118,151,168,-8.529411764705884,mixed_snow_ice
118,152,196,-5.784313725490193,debris_rock
118,153,198,-5.588235294117645,debris_rock
118,154,207,-4.7058823529411775,debris_rock
118,155,203,-5.098039215686274,debris_rock
118,156,176,-7.745098039215687,mixed_snow_ice
118,157,199,-5.490196078431371,debris_rock
118,158,164,-8.92156862745098,clean_glacier_ice
118,159,150,-10.294117647058822,clean_glacier_ice
118,160,232,-2.254901960784313,debris_rock
118,161,255,0.0,debris_rock
118,162,255,0.0,debris_rock
118,163,211,-4.313725490196081,debris_rock
118,164,174,-7.9411764705882355,mixed_snow_ice
118,165,114,-13.823529411764705,regular_glacier_ice
118,166,156,-9.705882352941176,clean_glacier_ice
118,167,115,-13.72549019607843,regular_glacier_ice
118,168,125,-12.745098039215687,regular_glacier_ice
118,169,119,-13.333333333333334,regular_glacier_ice
118,170,127,-12.549019607843137,regular_glacier_ice
118,171,157,-9.607843137254902,clean_glacier_ice
118,172,162,-9.11764705882353,clean_glacier_ice
118,173,141,-11.176470588235293,clean_glacier_ice
118,174,132,-12.058823529411763,clean_glacier_ice
118,175,124,-12.843137254901961,regular_glacier_ice
118,176,91,-16.07843137254902,regular_glacier_ice
118,177,87,-16.470588235294116,deep_glacier_ice
118,178,72,-17.941176470588236,deep_glacier_ice
118,179,106,-14.607843137254902,regular_glacier_ice
118,180,130,-12.254901960784315,clean_glacier_ice
118,181,109,-14.313725490196079,regular_glacier_ice
118,182,147,-10.588235294117649,clean_glacier_ice
118,183,134,-11.862745098039214,clean_glacier_ice
118,184,137,-11.568627450980392,clean_glacier_ice
118,185,85,-16.666666666666668,deep_glacier_ice
118,186,132,-12.058823529411763,clean_glacier_ice
118,187,122,-13.03921568627451,regular_glacier_ice
118,188,145,-10.784313725490197,clean_glacier_ice
118,189,120,-13.23529411764706,regular_glacier_ice
118,190,106,-14.607843137254902,regular_glacier_ice
118,191,69,-18.235294117647058,deep_glacier_ice
118,192,71,-18.03921568627451,deep_glacier_ice
118,193,75,-17.647058823529413,deep_glacier_ice
118,194,92,-15.980392156862745,regular_glacier_ice
118,195,94,-15.784313725490195,regular_glacier_ice
118,196,88,-16.372549019607845,regular_glacier_ice
118,197,87,-16.470588235294116,deep_glacier_ice
118,198,111,-14.117647058823529,regular_glacier_ice
118,199,101,-15.098039215686274,regular_glacier_ice
118,200,115,-13.72549019607843,regular_glacier_ice
118,201,108,-14.411764705882353,regular_glacier_ice
118,202,140,-11.274509803921568,clean_glacier_ice
118,203,103,-14.901960784313726,regular_glacier_ice
118,204,129,-12.352941176470589,regular_glacier_ice
118,205,156,-9.705882352941176,clean_glacier_ice
118,206,160,-9.313725490196079,clean_glacier_ice
118,207,189,-6.470588235294116,debris_rock
118,208,191,-6.274509803921568,debris_rock
118,209,199,-5.490196078431371,debris_rock
118,210,192,-6.1764705882352935,debris_rock
118,211,137,-11.568627450980392,clean_glacier_ice
118,212,101,-15.098039215686274,regular_glacier_ice
118,215,130,-12.254901960784315,clean_glacier_ice
118,216,102,-15.0,regular_glacier_ice
118,217,102,-15.0,regular_glacier_ice
118,218,88,-16.372549019607845,regular_glacier_ice
118,219,153,-10.0,clean_glacier_ice
118,220,155,-9.803921568627452,clean_glacier_ice
118,221,165,-8.823529411764707,clean_glacier_ice
118,222,239,-1.5686274509803937,debris_rock
119,0,195,-5.882352941176471,debris_rock
119,1,230,-2.450980392156861,debris_rock
119,2,204,-5.0,debris_rock
119,3,89,-16.274509803921568,regular_glacier_ice
119,4,110,-14.215686274509803,regular_glacier_ice
119,5,104,-14.803921568627452,regular_glacier_ice
119,6,97,-15.490196078431373,regular_glacier_ice
119,7,98,-15.392156862745097,regular_glacier_ice
119,8,67,-18.431372549019606,deep_glacier_ice
119,9,57,-19.41176470588235,deep_glacier_ice
119,10,61,-19.019607843137255,deep_glacier_ice
119,11,109,-14.313725490196079,regular_glacier_ice
119,12,84,-16.764705882352942,deep_glacier_ice
119,13,71,-18.03921568627451,deep_glacier_ice
119,14,87,-16.470588235294116,deep_glacier_ice
119,15,105,-14.705882352941178,regular_glacier_ice
119,16,109,-14.313725490196079,regular_glacier_ice
119,17,66,-18.52941176470588,deep_glacier_ice
119,18,102,-15.0,regular_glacier_ice
119,19,91,-16.07843137254902,regular_glacier_ice
119,20,92,-15.980392156862745,regular_glacier_ice
119,21,87,-16.470588235294116,deep_glacier_ice
119,22,115,-13.72549019607843,regular_glacier_ice
119,23,81,-17.058823529411764,deep_glacier_ice
119,24,86,-16.568627450980394,deep_glacier_ice
119,25,52,-19.901960784313726,deep_glacier_ice
119,26,81,-17.058823529411764,deep_glacier_ice
119,27,100,-15.196078431372548,regular_glacier_ice
119,28,195,-5.882352941176471,debris_rock
119,29,187,-6.666666666666668,debris_rock
119,30,188,-6.56862745098039,debris_rock
119,31,184,-6.96078431372549,mixed_snow_ice
119,32,226,-2.8431372549019613,debris_rock
119,33,174,-7.9411764705882355,mixed_snow_ice
119,34,186,-6.764705882352942,debris_rock
119,35,179,-7.450980392156865,mixed_snow_ice
119,36,196,-5.784313725490193,debris_rock
119,37,215,-3.9215686274509807,debris_rock
119,38,197,-5.686274509803919,debris_rock
119,39,205,-4.901960784313726,debris_rock
119,40,191,-6.274509803921568,debris_rock
119,41,187,-6.666666666666668,debris_rock
119,42,181,-7.254901960784313,mixed_snow_ice
119,43,168,-8.529411764705884,mixed_snow_ice
119,44,179,-7.450980392156865,mixed_snow_ice
119,45,178,-7.549019607843139,mixed_snow_ice
119,46,172,-8.137254901960784,mixed_snow_ice
119,47,175,-7.843137254901961,mixed_snow_ice
119,48,196,-5.784313725490193,debris_rock
119,49,157,-9.607843137254902,clean_glacier_ice
119,50,204,-5.0,debris_rock
119,51,199,-5.490196078431371,debris_rock
119,52,186,-6.764705882352942,debris_rock
119,53,174,-7.9411764705882355,mixed_snow_ice
119,54,171,-8.235294117647062,mixed_snow_ice
119,55,197,-5.686274509803919,debris_rock
119,56,101,-15.098039215686274,regular_glacier_ice
119,57,149,-10.392156862745097,clean_glacier_ice
119,58,171,-8.235294117647062,mixed_snow_ice
119,59,119,-13.333333333333334,regular_glacier_ice
119,60,114,-13.823529411764705,regular_glacier_ice
119,61,61,-19.019607843137255,deep_glacier_ice
119,62,103,-14.901960784313726,regular_glacier_ice
119,63,103,-14.901960784313726,regular_glacier_ice
119,64,120,-13.23529411764706,regular_glacier_ice
119,65,190,-6.372549019607842,debris_rock
119,66,239,-1.5686274509803937,debris_rock
119,67,236,-1.8627450980392162,debris_rock
119,68,179,-7.450980392156865,mixed_snow_ice
119,69,161,-9.215686274509805,clean_glacier_ice
119,70,138,-11.470588235294118,clean_glacier_ice
119,71,122,-13.03921568627451,regular_glacier_ice
119,72,154,-9.901960784313726,clean_glacier_ice
119,73,162,-9.11764705882353,clean_glacier_ice
119,74,152,-10.098039215686274,clean_glacier_ice
119,75,169,-8.43137254901961,mixed_snow_ice
119,76,199,-5.490196078431371,debris_rock
119,77,195,-5.882352941176471,debris_rock
119,78,175,-7.843137254901961,mixed_snow_ice
119,79,164,-8.92156862745098,clean_glacier_ice
119,80,184,-6.96078431372549,mixed_snow_ice
119,81,151,-10.196078431372548,clean_glacier_ice
119,82,181,-7.254901960784313,mixed_snow_ice
119,85,206,-4.803921568627452,debris_rock
119,86,189,-6.470588235294116,debris_rock
119,87,147,-10.588235294117649,clean_glacier_ice
119,88,149,-10.392156862745097,clean_glacier_ice
119,89,212,-4.215686274509803,debris_rock
119,90,169,-8.43137254901961,mixed_snow_ice
119,91,186,-6.764705882352942,debris_rock
119,92,135,-11.76470588235294,clean_glacier_ice
119,93,171,-8.235294117647062,mixed_snow_ice
119,94,201,-5.2941176470588225,debris_rock
119,95,196,-5.784313725490193,debris_rock
119,96,210,-4.411764705882355,debris_rock
119,97,208,-4.607843137254903,debris_rock
119,98,164,-8.92156862745098,clean_glacier_ice
119,99,141,-11.176470588235293,clean_glacier_ice
119,100,197,-5.686274509803919,debris_rock
119,101,218,-3.627450980392158,debris_rock
119,102,221,-3.333333333333332,debris_rock
119,103,251,-0.3921568627451002,debris_rock
119,104,246,-0.882352941176471,debris_rock
119,105,251,-0.3921568627451002,debris_rock
119,106,135,-11.76470588235294,clean_glacier_ice
119,107,107,-14.509803921568627,regular_glacier_ice
119,108,126,-12.647058823529411,regular_glacier_ice
119,109,124,-12.843137254901961,regular_glacier_ice
119,110,132,-12.058823529411763,clean_glacier_ice
119,111,126,-12.647058823529411,regular_glacier_ice
119,112,139,-11.372549019607844,clean_glacier_ice
119,113,138,-11.470588235294118,clean_glacier_ice
119,114,106,-14.607843137254902,regular_glacier_ice
119,115,94,-15.784313725490195,regular_glacier_ice
119,116,142,-11.07843137254902,clean_glacier_ice
119,117,107,-14.509803921568627,regular_glacier_ice
119,118,103,-14.901960784313726,regular_glacier_ice
119,119,100,-15.196078431372548,regular_glacier_ice
119,120,76,-17.549019607843135,deep_glacier_ice
119,121,94,-15.784313725490195,regular_glacier_ice
119,122,114,-13.823529411764705,regular_glacier_ice
119,123,120,-13.23529411764706,regular_glacier_ice
119,124,125,-12.745098039215687,regular_glacier_ice
119,125,164,-8.92156862745098,clean_glacier_ice
119,126,103,-14.901960784313726,regular_glacier_ice
119,127,111,-14.117647058823529,regular_glacier_ice
119,128,112,-14.019607843137255,regular_glacier_ice
119,129,143,-10.980392156862745,clean_glacier_ice
119,130,157,-9.607843137254902,clean_glacier_ice
119,131,139,-11.372549019607844,clean_glacier_ice
119,132,94,-15.784313725490195,regular_glacier_ice
119,133,74,-17.745098039215684,deep_glacier_ice
119,134,58,-19.313725490196077,deep_glacier_ice
119,135,83,-16.862745098039216,deep_glacier_ice
119,136,76,-17.549019607843135,deep_glacier_ice
119,137,70,-18.137254901960784,deep_glacier_ice
119,138,73,-17.84313725490196,deep_glacier_ice
119,139,76,-17.549019607843135,deep_glacier_ice
119,140,69,-18.235294117647058,deep_glacier_ice
119,141,88,-16.372549019607845,regular_glacier_ice
119,142,110,-14.215686274509803,regular_glacier_ice
119,143,88,-16.372549019607845,regular_glacier_ice
119,144,116,-13.627450980392156,regular_glacier_ice
119,145,129,-12.352941176470589,regular_glacier_ice
119,146,86,-16.568627450980394,deep_glacier_ice
119,147,102,-15.0,regular_glacier_ice
119,148,125,-12.745098039215687,regular_glacier_ice
119,149,146,-10.686274509803923,clean_glacier_ice
119,150,179,-7.450980392156865,mixed_snow_ice
119,151,171,-8.235294117647062,mixed_snow_ice
119,152,154,-9.901960784313726,clean_glacier_ice
119,153,108,-14.411764705882353,regular_glacier_ice
119,154,94,-15.784313725490195,regular_glacier_ice
119,155,66,-18.52941176470588,deep_glacier_ice
119,157,175,-7.843137254901961,mixed_snow_ice
119,158,117,-13.529411764705882,regular_glacier_ice
119,159,91,-16.07843137254902,regular_glacier_ice
119,160,60,-19.11764705882353,deep_glacier_ice
119,161,99,-15.294117647058822,regular_glacier_ice
119,162,149,-10.392156862745097,clean_glacier_ice
119,163,132,-12.058823529411763,clean_glacier_ice
119,164,205,-4.901960784313726,debris_rock
119,165,167,-8.627450980392158,mixed_snow_ice
119,166,140,-11.274509803921568,clean_glacier_ice
119,167,142,-11.07843137254902,clean_glacier_ice
119,168,178,-7.549019607843139,mixed_snow_ice
119,169,94,-15.784313725490195,regular_glacier_ice
119,170,86,-16.568627450980394,deep_glacier_ice
119,171,96,-15.588235294117647,regular_glacier_ice
119,172,76,-17.549019607843135,deep_glacier_ice
119,173,85,-16.666666666666668,deep_glacier_ice
119,174,67,-18.431372549019606,deep_glacier_ice
119,175,111,-14.117647058823529,regular_glacier_ice
119,176,55,-19.607843137254903,deep_glacier_ice
119,177,59,-19.215686274509803,deep_glacier_ice
119,178,76,-17.549019607843135,deep_glacier_ice
119,179,79,-17.254901960784313,deep_glacier_ice
119,180,101,-15.098039215686274,regular_glacier_ice
119,181,98,-15.392156862745097,regular_glacier_ice
119,182,93,-15.882352941176471,regular_glacier_ice
119,183,86,-16.568627450980394,deep_glacier_ice
119,184,90,-16.176470588235293,regular_glacier_ice
119,185,80,-17.15686274509804,deep_glacier_ice
119,186,45,-20.588235294117645,deep_glacier_ice
119,187,110,-14.215686274509803,regular_glacier_ice
119,188,92,-15.980392156862745,regular_glacier_ice
119,189,90,-16.176470588235293,regular_glacier_ice
119,190,61,-19.019607843137255,deep_glacier_ice
119,191,62,-18.92156862745098,deep_glacier_ice
119,192,79,-17.254901960784313,deep_glacier_ice
119,193,182,-7.156862745098039,mixed_snow_ice
119,194,195,-5.882352941176471,debris_rock
119,195,170,-8.333333333333336,mixed_snow_ice
119,196,209,-4.509803921568629,debris_rock
119,197,209,-4.509803921568629,debris_rock
119,198,188,-6.56862745098039,debris_rock
119,199,201,-5.2941176470588225,debris_rock
119,200,164,-8.92156862745098,clean_glacier_ice
119,201,214,-4.019607843137255,debris_rock
119,202,228,-2.6470588235294095,debris_rock
119,203,203,-5.098039215686274,debris_rock
119,204,190,-6.372549019607842,debris_rock
119,205,185,-6.862745098039216,mixed_snow_ice
119,206,175,-7.843137254901961,mixed_snow_ice
119,207,159,-9.411764705882353,clean_glacier_ice
119,208,168,-8.529411764705884,mixed_snow_ice
119,209,166,-8.725490196078432,mixed_snow_ice
119,210,189,-6.470588235294116,debris_rock
119,211,167,-8.627450980392158,mixed_snow_ice
119,212,182,-7.156862745098039,mixed_snow_ice
119,213,200,-5.392156862745097,debris_rock
119,214,171,-8.235294117647062,mixed_snow_ice
119,215,191,-6.274509803921568,debris_rock
119,216,216,-3.8235294117647065,debris_rock
119,217,175,-7.843137254901961,mixed_snow_ice
119,218,191,-6.274509803921568,debris_rock
119,219,174,-7.9411764705882355,mixed_snow_ice
119,220,205,-4.901960784313726,debris_rock
119,221,124,-12.843137254901961,regular_glacier_ice
119,222,98,-15.392156862745097,regular_glacier_ice
120,0,187,-6.666666666666668,debris_rock
120,1,177,-7.647058823529413,mixed_snow_ice
120,2,150,-10.294117647058822,clean_glacier_ice
120,3,137,-11.568627450980392,clean_glacier_ice
120,4,111,-14.117647058823529,regular_glacier_ice
120,5,117,-13.529411764705882,regular_glacier_ice
120,6,120,-13.23529411764706,regular_glacier_ice
120,7,160,-9.313725490196079,clean_glacier_ice
120,8,204,-5.0,debris_rock
120,9,250,-0.49019607843137436,debris_rock
120,10,189,-6.470588235294116,debris_rock
120,11,178,-7.549019607843139,mixed_snow_ice
120,12,213,-4.117647058823529,debris_rock
120,13,148,-10.49019607843137,clean_glacier_ice
120,14,188,-6.56862745098039,debris_rock
120,15,199,-5.490196078431371,debris_rock
120,16,156,-9.705882352941176,clean_glacier_ice
120,17,177,-7.647058823529413,mixed_snow_ice
120,18,168,-8.529411764705884,mixed_snow_ice
120,19,190,-6.372549019607842,debris_rock
120,20,154,-9.901960784313726,clean_glacier_ice
120,21,171,-8.235294117647062,mixed_snow_ice
120,22,192,-6.1764705882352935,debris_rock
120,23,186,-6.764705882352942,debris_rock
120,24,178,-7.549019607843139,mixed_snow_ice
120,25,175,-7.843137254901961,mixed_snow_ice
120,26,204,-5.0,debris_rock
120,27,189,-6.470588235294116,debris_rock
120,28,161,-9.215686274509805,clean_glacier_ice
120,29,179,-7.450980392156865,mixed_snow_ice
120,30,183,-7.0588235294117645,mixed_snow_ice
120,31,185,-6.862745098039216,mixed_snow_ice
120,32,172,-8.137254901960784,mixed_snow_ice
120,33,154,-9.901960784313726,clean_glacier_ice
120,35,238,-1.6666666666666679,debris_rock
120,36,128,-12.450980392156863,regular_glacier_ice
120,37,113,-13.92156862745098,regular_glacier_ice
120,38,139,-11.372549019607844,clean_glacier_ice
120,39,174,-7.9411764705882355,mixed_snow_ice
120,40,162,-9.11764705882353,clean_glacier_ice
120,41,172,-8.137254901960784,mixed_snow_ice
120,42,169,-8.43137254901961,mixed_snow_ice
120,43,249,-0.5882352941176485,debris_rock
120,44,255,0.0,debris_rock
120,45,220,-3.4313725490196063,debris_rock
120,46,239,-1.5686274509803937,debris_rock
120,47,238,-1.6666666666666679,debris_rock
120,48,115,-13.72549019607843,regular_glacier_ice
120,49,102,-15.0,regular_glacier_ice
120,50,133,-11.960784313725489,clean_glacier_ice
120,51,124,-12.843137254901961,regular_glacier_ice
120,52,126,-12.647058823529411,regular_glacier_ice
120,53,101,-15.098039215686274,regular_glacier_ice
120,54,122,-13.03921568627451,regular_glacier_ice
120,55,138,-11.470588235294118,clean_glacier_ice
120,56,148,-10.49019607843137,clean_glacier_ice
120,57,91,-16.07843137254902,regular_glacier_ice
120,58,116,-13.627450980392156,regular_glacier_ice
120,59,91,-16.07843137254902,regular_glacier_ice
120,60,107,-14.509803921568627,regular_glacier_ice
120,61,112,-14.019607843137255,regular_glacier_ice
120,62,115,-13.72549019607843,regular_glacier_ice
120,63,99,-15.294117647058822,regular_glacier_ice
120,64,140,-11.274509803921568,clean_glacier_ice
120,65,130,-12.254901960784315,clean_glacier_ice
120,66,117,-13.529411764705882,regular_glacier_ice
120,67,137,-11.568627450980392,clean_glacier_ice
120,68,118,-13.431372549019608,regular_glacier_ice
120,69,112,-14.019607843137255,regular_glacier_ice
120,70,107,-14.509803921568627,regular_glacier_ice
120,71,140,-11.274509803921568,clean_glacier_ice
120,72,142,-11.07843137254902,clean_glacier_ice
120,73,113,-13.92156862745098,regular_glacier_ice
120,74,62,-18.92156862745098,deep_glacier_ice
120,75,72,-17.941176470588236,deep_glacier_ice
120,76,57,-19.41176470588235,deep_glacier_ice
120,77,69,-18.235294117647058,deep_glacier_ice
120,78,74,-17.745098039215684,deep_glacier_ice
120,79,37,-21.372549019607842,very_deep_glacier_ice
120,80,65,-18.627450980392158,deep_glacier_ice
120,81,71,-18.03921568627451,deep_glacier_ice
120,82,73,-17.84313725490196,deep_glacier_ice
120,83,114,-13.823529411764705,regular_glacier_ice
120,84,95,-15.686274509803921,regular_glacier_ice
120,85,85,-16.666666666666668,deep_glacier_ice
120,86,90,-16.176470588235293,regular_glacier_ice
120,87,118,-13.431372549019608,regular_glacier_ice
120,88,98,-15.392156862745097,regular_glacier_ice
120,89,110,-14.215686274509803,regular_glacier_ice
120,90,122,-13.03921568627451,regular_glacier_ice
120,91,113,-13.92156862745098,regular_glacier_ice
120,92,128,-12.450980392156863,regular_glacier_ice
120,93,137,-11.568627450980392,clean_glacier_ice
120,94,127,-12.549019607843137,regular_glacier_ice
120,95,105,-14.705882352941178,regular_glacier_ice
120,96,87,-16.470588235294116,deep_glacier_ice
120,97,98,-15.392156862745097,regular_glacier_ice
120,100,122,-13.03921568627451,regular_glacier_ice
120,101,120,-13.23529411764706,regular_glacier_ice
120,102,95,-15.686274509803921,regular_glacier_ice
120,103,95,-15.686274509803921,regular_glacier_ice
120,104,87,-16.470588235294116,deep_glacier_ice
120,105,103,-14.901960784313726,regular_glacier_ice
120,106,132,-12.058823529411763,clean_glacier_ice
120,107,124,-12.843137254901961,regular_glacier_ice
120,108,115,-13.72549019607843,regular_glacier_ice
120,109,120,-13.23529411764706,regular_glacier_ice
120,110,139,-11.372549019607844,clean_glacier_ice
120,111,148,-10.49019607843137,clean_glacier_ice
120,112,148,-10.49019607843137,clean_glacier_ice
120,113,120,-13.23529411764706,regular_glacier_ice
120,114,105,-14.705882352941178,regular_glacier_ice
120,115,84,-16.764705882352942,deep_glacier_ice
120,116,86,-16.568627450980394,deep_glacier_ice
120,117,104,-14.803921568627452,regular_glacier_ice
120,118,117,-13.529411764705882,regular_glacier_ice
120,119,69,-18.235294117647058,deep_glacier_ice
120,120,101,-15.098039215686274,regular_glacier_ice
120,121,89,-16.274509803921568,regular_glacier_ice
120,122,112,-14.019607843137255,regular_glacier_ice
120,123,63,-18.823529411764707,deep_glacier_ice
120,124,83,-16.862745098039216,deep_glacier_ice
120,125,62,-18.92156862745098,deep_glacier_ice
120,126,88,-16.372549019607845,regular_glacier_ice
120,127,63,-18.823529411764707,deep_glacier_ice
120,128,91,-16.07843137254902,regular_glacier_ice
120,129,63,-18.823529411764707,deep_glacier_ice
120,130,72,-17.941176470588236,deep_glacier_ice
120,131,98,-15.392156862745097,regular_glacier_ice
120,132,58,-19.313725490196077,deep_glacier_ice
120,133,59,-19.215686274509803,deep_glacier_ice
120,134,41,-20.980392156862745,very_deep_glacier_ice
120,135,196,-5.784313725490193,debris_rock
120,136,191,-6.274509803921568,debris_rock
120,137,195,-5.882352941176471,debris_rock
120,138,196,-5.784313725490193,debris_rock
120,139,190,-6.372549019607842,debris_rock
120,140,187,-6.666666666666668,debris_rock
120,141,196,-5.784313725490193,debris_rock
120,142,196,-5.784313725490193,debris_rock
120,143,213,-4.117647058823529,debris_rock
120,144,169,-8.43137254901961,mixed_snow_ice
120,145,195,-5.882352941176471,debris_rock
120,146,176,-7.745098039215687,mixed_snow_ice
120,147,181,-7.254901960784313,mixed_snow_ice
120,148,180,-7.352941176470587,mixed_snow_ice
120,149,182,-7.156862745098039,mixed_snow_ice
120,150,182,-7.156862745098039,mixed_snow_ice
120,151,185,-6.862745098039216,mixed_snow_ice
120,152,159,-9.411764705882353,clean_glacier_ice
120,153,185,-6.862745098039216,mixed_snow_ice
120,154,164,-8.92156862745098,clean_glacier_ice
120,155,174,-7.9411764705882355,mixed_snow_ice
120,156,194,-5.980392156862745,debris_rock
120,157,173,-8.03921568627451,mixed_snow_ice
120,158,203,-5.098039215686274,debris_rock
120,159,210,-4.411764705882355,debris_rock
120,160,185,-6.862745098039216,mixed_snow_ice
120,161,155,-9.803921568627452,clean_glacier_ice
120,162,192,-6.1764705882352935,debris_rock
120,163,147,-10.588235294117649,clean_glacier_ice
120,164,108,-14.411764705882353,regular_glacier_ice
120,165,168,-8.529411764705884,mixed_snow_ice
120,166,231,-2.352941176470587,debris_rock
120,167,150,-10.294117647058822,clean_glacier_ice
120,168,113,-13.92156862745098,regular_glacier_ice
120,169,78,-17.352941176470587,deep_glacier_ice
120,170,53,-19.80392156862745,deep_glacier_ice
120,171,51,-20.0,deep_glacier_ice
120,172,86,-16.568627450980394,deep_glacier_ice
120,173,243,-1.176470588235297,debris_rock
120,174,255,0.0,debris_rock
120,175,202,-5.196078431372548,debris_rock
120,176,162,-9.11764705882353,clean_glacier_ice
120,177,177,-7.647058823529413,mixed_snow_ice
120,178,113,-13.92156862745098,regular_glacier_ice
120,179,163,-9.019607843137257,clean_glacier_ice
120,180,158,-9.509803921568627,clean_glacier_ice
120,181,138,-11.470588235294118,clean_glacier_ice
120,182,133,-11.960784313725489,clean_glacier_ice
120,183,168,-8.529411764705884,mixed_snow_ice
120,184,184,-6.96078431372549,mixed_snow_ice
120,185,190,-6.372549019607842,debris_rock
120,186,206,-4.803921568627452,debris_rock
120,187,177,-7.647058823529413,mixed_snow_ice
120,188,173,-8.03921568627451,mixed_snow_ice
120,189,171,-8.235294117647062,mixed_snow_ice
120,190,159,-9.411764705882353,clean_glacier_ice
120,191,193,-6.078431372549019,debris_rock
120,192,207,-4.7058823529411775,debris_rock
120,193,185,-6.862745098039216,mixed_snow_ice
120,194,174,-7.9411764705882355,mixed_snow_ice
120,195,173,-8.03921568627451,mixed_snow_ice
120,196,120,-13.23529411764706,regular_glacier_ice
120,197,81,-17.058823529411764,deep_glacier_ice
120,198,106,-14.607843137254902,regular_glacier_ice
120,201,127,-12.549019607843137,regular_glacier_ice
120,202,120,-13.23529411764706,regular_glacier_ice
120,203,109,-14.313725490196079,regular_glacier_ice
120,204,65,-18.627450980392158,deep_glacier_ice
120,205,65,-18.627450980392158,deep_glacier_ice
120,206,72,-17.941176470588236,deep_glacier_ice
120,207,219,-3.529411764705884,debris_rock
120,208,247,-0.7843137254901968,debris_rock
120,209,255,0.0,debris_rock
120,210,247,-0.7843137254901968,debris_rock
120,211,228,-2.6470588235294095,debris_rock
120,212,139,-11.372549019607844,clean_glacier_ice
120,213,112,-14.019607843137255,regular_glacier_ice
120,214,99,-15.294117647058822,regular_glacier_ice
120,215,94,-15.784313725490195,regular_glacier_ice
120,216,80,-17.15686274509804,deep_glacier_ice
120,217,115,-13.72549019607843,regular_glacier_ice
120,218,125,-12.745098039215687,regular_glacier_ice
120,219,100,-15.196078431372548,regular_glacier_ice
120,220,115,-13.72549019607843,regular_glacier_ice
120,221,115,-13.72549019607843,regular_glacier_ice
120,222,107,-14.509803921568627,regular_glacier_ice
121,0,111,-14.117647058823529,regular_glacier_ice
121,1,123,-12.941176470588236,regular_glacier_ice
121,2,125,-12.745098039215687,regular_glacier_ice
121,3,124,-12.843137254901961,regular_glacier_ice
121,4,111,-14.117647058823529,regular_glacier_ice
121,5,122,-13.03921568627451,regular_glacier_ice
121,6,116,-13.627450980392156,regular_glacier_ice
121,7,127,-12.549019607843137,regular_glacier_ice
121,8,125,-12.745098039215687,regular_glacier_ice
121,9,96,-15.588235294117647,regular_glacier_ice
121,10,132,-12.058823529411763,clean_glacier_ice
121,11,107,-14.509803921568627,regular_glacier_ice
121,12,122,-13.03921568627451,regular_glacier_ice
121,13,121,-13.137254901960786,regular_glacier_ice
121,14,139,-11.372549019607844,clean_glacier_ice
121,15,112,-14.019607843137255,regular_glacier_ice
121,16,115,-13.72549019607843,regular_glacier_ice
121,17,100,-15.196078431372548,regular_glacier_ice
121,18,63,-18.823529411764707,deep_glacier_ice
121,19,62,-18.92156862745098,deep_glacier_ice
121,20,63,-18.823529411764707,deep_glacier_ice
121,21,37,-21.372549019607842,very_deep_glacier_ice
121,22,60,-19.11764705882353,deep_glacier_ice
121,23,49,-20.19607843137255,deep_glacier_ice
121,24,49,-20.19607843137255,deep_glacier_ice
121,25,85,-16.666666666666668,deep_glacier_ice
121,26,88,-16.372549019607845,regular_glacier_ice
121,27,77,-17.450980392156865,deep_glacier_ice
121,28,85,-16.666666666666668,deep_glacier_ice
121,29,89,-16.274509803921568,regular_glacier_ice
121,30,87,-16.470588235294116,deep_glacier_ice
121,31,135,-11.76470588235294,clean_glacier_ice
121,32,106,-14.607843137254902,regular_glacier_ice
121,33,157,-9.607843137254902,clean_glacier_ice
121,34,146,-10.686274509803923,clean_glacier_ice
121,35,132,-12.058823529411763,clean_glacier_ice
121,36,124,-12.843137254901961,regular_glacier_ice
121,37,129,-12.352941176470589,regular_glacier_ice
121,38,118,-13.431372549019608,regular_glacier_ice
121,39,104,-14.803921568627452,regular_glacier_ice
121,41,187,-6.666666666666668,debris_rock
121,42,103,-14.901960784313726,regular_glacier_ice
121,43,222,-3.235294117647058,debris_rock
121,44,131,-12.15686274509804,clean_glacier_ice
121,45,87,-16.470588235294116,deep_glacier_ice
121,46,112,-14.019607843137255,regular_glacier_ice
121,47,89,-16.274509803921568,regular_glacier_ice
121,48,83,-16.862745098039216,deep_glacier_ice
121,49,81,-17.058823529411764,deep_glacier_ice
121,50,100,-15.196078431372548,regular_glacier_ice
121,51,106,-14.607843137254902,regular_glacier_ice
121,52,126,-12.647058823529411,regular_glacier_ice
121,53,147,-10.588235294117649,clean_glacier_ice
121,54,148,-10.49019607843137,clean_glacier_ice
121,55,143,-10.980392156862745,clean_glacier_ice
121,56,120,-13.23529411764706,regular_glacier_ice
121,57,83,-16.862745098039216,deep_glacier_ice
121,58,97,-15.490196078431373,regular_glacier_ice
121,59,115,-13.72549019607843,regular_glacier_ice
121,60,130,-12.254901960784315,clean_glacier_ice
121,61,111,-14.117647058823529,regular_glacier_ice
121,62,116,-13.627450980392156,regular_glacier_ice
121,63,117,-13.529411764705882,regular_glacier_ice
121,64,107,-14.509803921568627,regular_glacier_ice
121,65,83,-16.862745098039216,deep_glacier_ice
121,66,86,-16.568627450980394,deep_glacier_ice
121,67,40,-21.07843137254902,very_deep_glacier_ice
121,68,49,-20.19607843137255,deep_glacier_ice
121,69,64,-18.725490196078432,deep_glacier_ice
121,70,108,-14.411764705882353,regular_glacier_ice
121,71,38,-21.274509803921568,very_deep_glacier_ice
121,72,76,-17.549019607843135,deep_glacier_ice
121,73,82,-16.96078431372549,deep_glacier_ice
121,74,22,-22.84313725490196,very_deep_glacier_ice
121,75,39,-21.176470588235293,very_deep_glacier_ice
121,76,38,-21.274509803921568,very_deep_glacier_ice
121,77,167,-8.627450980392158,mixed_snow_ice
121,78,174,-7.9411764705882355,mixed_snow_ice
121,79,179,-7.450980392156865,mixed_snow_ice
121,80,193,-6.078431372549019,debris_rock
121,81,171,-8.235294117647062,mixed_snow_ice
121,82,200,-5.392156862745097,debris_rock
121,83,220,-3.4313725490196063,debris_rock
121,84,201,-5.2941176470588225,debris_rock
121,85,201,-5.2941176470588225,debris_rock
121,86,155,-9.803921568627452,clean_glacier_ice
121,87,191,-6.274509803921568,debris_rock
121,88,203,-5.098039215686274,debris_rock
121,89,182,-7.156862745098039,mixed_snow_ice
121,90,169,-8.43137254901961,mixed_snow_ice
121,91,182,-7.156862745098039,mixed_snow_ice
121,92,157,-9.607843137254902,clean_glacier_ice
121,93,194,-5.980392156862745,debris_rock
121,94,176,-7.745098039215687,mixed_snow_ice
121,95,170,-8.333333333333336,mixed_snow_ice
121,96,171,-8.235294117647062,mixed_snow_ice
121,97,206,-4.803921568627452,debris_rock
121,98,209,-4.509803921568629,debris_rock
121,99,195,-5.882352941176471,debris_rock
121,100,220,-3.4313725490196063,debris_rock
121,101,226,-2.8431372549019613,debris_rock
121,102,180,-7.352941176470587,mixed_snow_ice
121,103,171,-8.235294117647062,mixed_snow_ice
121,104,182,-7.156862745098039,mixed_snow_ice
121,105,155,-9.803921568627452,clean_glacier_ice
121,106,116,-13.627450980392156,regular_glacier_ice
121,107,118,-13.431372549019608,regular_glacier_ice
121,108,223,-3.137254901960784,debris_rock
121,109,175,-7.843137254901961,mixed_snow_ice
121,110,165,-8.823529411764707,clean_glacier_ice
121,111,137,-11.568627450980392,clean_glacier_ice
121,112,142,-11.07843137254902,clean_glacier_ice
121,113,133,-11.960784313725489,clean_glacier_ice
121,114,142,-11.07843137254902,clean_glacier_ice
121,115,158,-9.509803921568627,clean_glacier_ice
121,116,255,0.0,debris_rock
121,117,255,0.0,debris_rock
121,118,186,-6.764705882352942,debris_rock
121,119,152,-10.098039215686274,clean_glacier_ice
121,120,185,-6.862745098039216,mixed_snow_ice
121,121,132,-12.058823529411763,clean_glacier_ice
121,122,162,-9.11764705882353,clean_glacier_ice
121,123,107,-14.509803921568627,regular_glacier_ice
121,124,128,-12.450980392156863,regular_glacier_ice
121,125,154,-9.901960784313726,clean_glacier_ice
121,126,165,-8.823529411764707,clean_glacier_ice
121,127,181,-7.254901960784313,mixed_snow_ice
121,128,165,-8.823529411764707,clean_glacier_ice
121,129,189,-6.470588235294116,debris_rock
121,130,165,-8.823529411764707,clean_glacier_ice
121,131,197,-5.686274509803919,debris_rock
121,132,163,-9.019607843137257,clean_glacier_ice
121,133,187,-6.666666666666668,debris_rock
121,134,178,-7.549019607843139,mixed_snow_ice
121,135,193,-6.078431372549019,debris_rock
121,136,171,-8.235294117647062,mixed_snow_ice
121,137,187,-6.666666666666668,debris_rock
121,138,131,-12.15686274509804,clean_glacier_ice
121,139,87,-16.470588235294116,deep_glacier_ice
121,143,248,-0.6862745098039227,debris_rock
121,144,130,-12.254901960784315,clean_glacier_ice
121,145,151,-10.196078431372548,clean_glacier_ice
121,146,152,-10.098039215686274,clean_glacier_ice
121,147,129,-12.352941176470589,regular_glacier_ice
121,148,86,-16.568627450980394,deep_glacier_ice
121,149,255,0.0,debris_rock
121,150,255,0.0,debris_rock
121,151,209,-4.509803921568629,debris_rock
121,152,167,-8.627450980392158,mixed_snow_ice
121,153,138,-11.470588235294118,clean_glacier_ice
121,154,120,-13.23529411764706,regular_glacier_ice
121,155,125,-12.745098039215687,regular_glacier_ice
121,156,124,-12.843137254901961,regular_glacier_ice
121,157,103,-14.901960784313726,regular_glacier_ice
121,158,111,-14.117647058823529,regular_glacier_ice
121,159,122,-13.03921568627451,regular_glacier_ice
121,160,113,-13.92156862745098,regular_glacier_ice
121,161,118,-13.431372549019608,regular_glacier_ice
121,162,116,-13.627450980392156,regular_glacier_ice
121,163,145,-10.784313725490197,clean_glacier_ice
121,164,112,-14.019607843137255,regular_glacier_ice
121,165,114,-13.823529411764705,regular_glacier_ice
121,166,109,-14.313725490196079,regular_glacier_ice
121,167,98,-15.392156862745097,regular_glacier_ice
121,168,122,-13.03921568627451,regular_glacier_ice
121,169,99,-15.294117647058822,regular_glacier_ice
121,170,135,-11.76470588235294,clean_glacier_ice
121,171,156,-9.705882352941176,clean_glacier_ice
121,172,122,-13.03921568627451,regular_glacier_ice
121,173,170,-8.333333333333336,mixed_snow_ice
121,174,150,-10.294117647058822,clean_glacier_ice
121,175,100,-15.196078431372548,regular_glacier_ice
121,176,147,-10.588235294117649,clean_glacier_ice
121,177,139,-11.372549019607844,clean_glacier_ice
121,178,111,-14.117647058823529,regular_glacier_ice
121,179,108,-14.411764705882353,regular_glacier_ice
121,180,121,-13.137254901960786,regular_glacier_ice
121,181,119,-13.333333333333334,regular_glacier_ice
121,182,59,-19.215686274509803,deep_glacier_ice
121,183,54,-19.705882352941178,deep_glacier_ice
121,184,59,-19.215686274509803,deep_glacier_ice
121,185,56,-19.509803921568626,deep_glacier_ice
121,186,110,-14.215686274509803,regular_glacier_ice
121,187,80,-17.15686274509804,deep_glacier_ice
121,188,51,-20.0,deep_glacier_ice
121,189,64,-18.725490196078432,deep_glacier_ice
121,190,85,-16.666666666666668,deep_glacier_ice
121,191,68,-18.333333333333332,deep_glacier_ice
121,192,76,-17.549019607843135,deep_glacier_ice
121,193,78,-17.352941176470587,deep_glacier_ice
121,194,97,-15.490196078431373,regular_glacier_ice
121,195,77,-17.450980392156865,deep_glacier_ice
121,196,126,-12.647058823529411,regular_glacier_ice
121,197,119,-13.333333333333334,regular_glacier_ice
121,198,126,-12.647058823529411,regular_glacier_ice
121,199,148,-10.49019607843137,clean_glacier_ice
121,200,140,-11.274509803921568,clean_glacier_ice
121,201,121,-13.137254901960786,regular_glacier_ice
121,202,112,-14.019607843137255,regular_glacier_ice
121,203,112,-14.019607843137255,regular_glacier_ice
121,204,114,-13.823529411764705,regular_glacier_ice
121,205,102,-15.0,regular_glacier_ice
121,206,142,-11.07843137254902,clean_glacier_ice
121,209,140,-11.274509803921568,clean_glacier_ice
121,210,121,-13.137254901960786,regular_glacier_ice
121,211,114,-13.823529411764705,regular_glacier_ice
121,212,98,-15.392156862745097,regular_glacier_ice
121,213,76,-17.549019607843135,deep_glacier_ice
121,214,85,-16.666666666666668,deep_glacier_ice
121,215,101,-15.098039215686274,regular_glacier_ice
121,216,81,-17.058823529411764,deep_glacier_ice
121,217,116,-13.627450980392156,regular_glacier_ice
121,218,129,-12.352941176470589,regular_glacier_ice
121,219,181,-7.254901960784313,mixed_snow_ice
121,220,162,-9.11764705882353,clean_glacier_ice
121,221,152,-10.098039215686274,clean_glacier_ice
121,222,103,-14.901960784313726,regular_glacier_ice
122,0,76,-17.549019607843135,deep_glacier_ice
122,1,103,-14.901960784313726,regular_glacier_ice
122,2,143,-10.980392156862745,clean_glacier_ice
122,3,167,-8.627450980392158,mixed_snow_ice
122,4,137,-11.568627450980392,clean_glacier_ice
122,5,102,-15.0,regular_glacier_ice
122,6,114,-13.823529411764705,regular_glacier_ice
122,7,111,-14.117647058823529,regular_glacier_ice
122,8,92,-15.980392156862745,regular_glacier_ice
122,9,92,-15.980392156862745,regular_glacier_ice
122,10,61,-19.019607843137255,deep_glacier_ice
122,11,74,-17.745098039215684,deep_glacier_ice
122,12,74,-17.745098039215684,deep_glacier_ice
122,13,57,-19.41176470588235,deep_glacier_ice
122,14,69,-18.235294117647058,deep_glacier_ice
122,15,44,-20.686274509803923,deep_glacier_ice
122,16,43,-20.784313725490197,very_deep_glacier_ice
122,17,68,-18.333333333333332,deep_glacier_ice
122,18,84,-16.764705882352942,deep_glacier_ice
122,19,185,-6.862745098039216,mixed_snow_ice
122,20,174,-7.9411764705882355,mixed_snow_ice
122,21,190,-6.372549019607842,debris_rock
122,22,206,-4.803921568627452,debris_rock
122,23,184,-6.96078431372549,mixed_snow_ice
122,24,184,-6.96078431372549,mixed_snow_ice
122,25,196,-5.784313725490193,debris_rock
122,26,198,-5.588235294117645,debris_rock
122,27,204,-5.0,debris_rock
122,28,168,-8.529411764705884,mixed_snow_ice
122,29,202,-5.196078431372548,debris_rock
122,30,206,-4.803921568627452,debris_rock
122,31,171,-8.235294117647062,mixed_snow_ice
122,32,189,-6.470588235294116,debris_rock
122,33,190,-6.372549019607842,debris_rock
122,34,198,-5.588235294117645,debris_rock
122,35,191,-6.274509803921568,debris_rock
122,36,169,-8.43137254901961,mixed_snow_ice
122,37,167,-8.627450980392158,mixed_snow_ice
122,38,159,-9.411764705882353,clean_glacier_ice
122,39,200,-5.392156862745097,debris_rock
122,40,190,-6.372549019607842,debris_rock
122,41,190,-6.372549019607842,debris_rock
122,42,213,-4.117647058823529,debris_rock
122,43,179,-7.450980392156865,mixed_snow_ice
122,44,148,-10.49019607843137,clean_glacier_ice
122,45,169,-8.43137254901961,mixed_snow_ice
122,46,185,-6.862745098039216,mixed_snow_ice
122,47,182,-7.156862745098039,mixed_snow_ice
122,48,129,-12.352941176470589,regular_glacier_ice
122,49,71,-18.03921568627451,deep_glacier_ice
122,50,157,-9.607843137254902,clean_glacier_ice
122,52,186,-6.764705882352942,debris_rock
122,53,145,-10.784313725490197,clean_glacier_ice
122,54,150,-10.294117647058822,clean_glacier_ice
122,55,97,-15.490196078431373,regular_glacier_ice
122,56,125,-12.745098039215687,regular_glacier_ice
122,57,204,-5.0,debris_rock
122,58,255,0.0,debris_rock
122,59,223,-3.137254901960784,debris_rock
122,60,189,-6.470588235294116,debris_rock
122,61,223,-3.137254901960784,debris_rock
122,62,147,-10.588235294117649,clean_glacier_ice
122,63,120,-13.23529411764706,regular_glacier_ice
122,64,158,-9.509803921568627,clean_glacier_ice
122,65,135,-11.76470588235294,clean_glacier_ice
122,66,154,-9.901960784313726,clean_glacier_ice
122,67,139,-11.372549019607844,clean_glacier_ice
122,68,158,-9.509803921568627,clean_glacier_ice
122,69,174,-7.9411764705882355,mixed_snow_ice
122,70,214,-4.019607843137255,debris_rock
122,71,182,-7.156862745098039,mixed_snow_ice
122,72,169,-8.43137254901961,mixed_snow_ice
122,73,168,-8.529411764705884,mixed_snow_ice
122,74,161,-9.215686274509805,clean_glacier_ice
122,75,179,-7.450980392156865,mixed_snow_ice
122,76,168,-8.529411764705884,mixed_snow_ice
122,77,188,-6.56862745098039,debris_rock
122,78,161,-9.215686274509805,clean_glacier_ice
122,79,155,-9.803921568627452,clean_glacier_ice
122,80,154,-9.901960784313726,clean_glacier_ice
122,81,108,-14.411764705882353,regular_glacier_ice
122,82,115,-13.72549019607843,regular_glacier_ice
122,86,227,-2.745098039215687,debris_rock
122,87,255,0.0,debris_rock
122,88,190,-6.372549019607842,debris_rock
122,89,204,-5.0,debris_rock
122,90,205,-4.901960784313726,debris_rock
122,91,249,-0.5882352941176485,debris_rock
122,92,215,-3.9215686274509807,debris_rock
122,93,113,-13.92156862745098,regular_glacier_ice
122,94,107,-14.509803921568627,regular_glacier_ice
122,95,117,-13.529411764705882,regular_glacier_ice
122,96,104,-14.803921568627452,regular_glacier_ice
122,97,126,-12.647058823529411,regular_glacier_ice
122,98,152,-10.098039215686274,clean_glacier_ice
122,99,94,-15.784313725490195,regular_glacier_ice
122,100,144,-10.882352941176471,clean_glacier_ice
122,101,130,-12.254901960784315,clean_glacier_ice
122,102,102,-15.0,regular_glacier_ice
122,103,117,-13.529411764705882,regular_glacier_ice
122,104,112,-14.019607843137255,regular_glacier_ice
122,105,101,-15.098039215686274,regular_glacier_ice
122,106,79,-17.254901960784313,deep_glacier_ice
122,107,65,-18.627450980392158,deep_glacier_ice
122,108,88,-16.372549019607845,regular_glacier_ice
122,109,123,-12.941176470588236,regular_glacier_ice
122,110,135,-11.76470588235294,clean_glacier_ice
122,111,110,-14.215686274509803,regular_glacier_ice
122,112,111,-14.117647058823529,regular_glacier_ice
122,113,143,-10.980392156862745,clean_glacier_ice
122,114,131,-12.15686274509804,clean_glacier_ice
122,115,122,-13.03921568627451,regular_glacier_ice
122,116,118,-13.431372549019608,regular_glacier_ice
122,117,114,-13.823529411764705,regular_glacier_ice
122,118,122,-13.03921568627451,regular_glacier_ice
122,119,127,-12.549019607843137,regular_glacier_ice
122,120,108,-14.411764705882353,regular_glacier_ice
122,121,90,-16.176470588235293,regular_glacier_ice
122,122,118,-13.431372549019608,regular_glacier_ice
122,123,126,-12.647058823529411,regular_glacier_ice
122,124,134,-11.862745098039214,clean_glacier_ice
122,125,89,-16.274509803921568,regular_glacier_ice
122,126,66,-18.52941176470588,deep_glacier_ice
122,127,106,-14.607843137254902,regular_glacier_ice
122,128,103,-14.901960784313726,regular_glacier_ice
122,129,101,-15.098039215686274,regular_glacier_ice
122,130,76,-17.549019607843135,deep_glacier_ice
122,131,82,-16.96078431372549,deep_glacier_ice
122,132,84,-16.764705882352942,deep_glacier_ice
122,133,87,-16.470588235294116,deep_glacier_ice
122,134,89,-16.274509803921568,regular_glacier_ice
122,135,87,-16.470588235294116,deep_glacier_ice
122,136,92,-15.980392156862745,regular_glacier_ice
122,137,112,-14.019607843137255,regular_glacier_ice
122,138,98,-15.392156862745097,regular_glacier_ice
122,139,90,-16.176470588235293,regular_glacier_ice
122,140,107,-14.509803921568627,regular_glacier_ice
122,141,119,-13.333333333333334,regular_glacier_ice
122,142,114,-13.823529411764705,regular_glacier_ice
122,143,118,-13.431372549019608,regular_glacier_ice
122,144,98,-15.392156862745097,regular_glacier_ice
122,145,94,-15.784313725490195,regular_glacier_ice
122,146,101,-15.098039215686274,regular_glacier_ice
122,147,137,-11.568627450980392,clean_glacier_ice
122,148,170,-8.333333333333336,mixed_snow_ice
122,149,146,-10.686274509803923,clean_glacier_ice
122,152,124,-12.843137254901961,regular_glacier_ice
122,153,100,-15.196078431372548,regular_glacier_ice
122,154,76,-17.549019607843135,deep_glacier_ice
122,155,82,-16.96078431372549,deep_glacier_ice
122,156,89,-16.274509803921568,regular_glacier_ice
122,157,88,-16.372549019607845,regular_glacier_ice
122,158,102,-15.0,regular_glacier_ice
122,159,97,-15.490196078431373,regular_glacier_ice
122,160,127,-12.549019607843137,regular_glacier_ice
122,161,199,-5.490196078431371,debris_rock
122,162,178,-7.549019607843139,mixed_snow_ice
122,163,171,-8.235294117647062,mixed_snow_ice
122,164,171,-8.235294117647062,mixed_snow_ice
122,165,170,-8.333333333333336,mixed_snow_ice
122,166,173,-8.03921568627451,mixed_snow_ice
122,167,178,-7.549019607843139,mixed_snow_ice
122,168,190,-6.372549019607842,debris_rock
122,169,180,-7.352941176470587,mixed_snow_ice
122,170,147,-10.588235294117649,clean_glacier_ice
122,171,162,-9.11764705882353,clean_glacier_ice
122,172,124,-12.843137254901961,regular_glacier_ice
122,173,109,-14.313725490196079,regular_glacier_ice
122,174,95,-15.686274509803921,regular_glacier_ice
122,175,64,-18.725490196078432,deep_glacier_ice
122,176,80,-17.15686274509804,deep_glacier_ice
122,177,81,-17.058823529411764,deep_glacier_ice
122,178,67,-18.431372549019606,deep_glacier_ice
122,179,73,-17.84313725490196,deep_glacier_ice
122,180,88,-16.372549019607845,regular_glacier_ice
122,181,82,-16.96078431372549,deep_glacier_ice
122,182,74,-17.745098039215684,deep_glacier_ice
122,183,87,-16.470588235294116,deep_glacier_ice
122,184,203,-5.098039215686274,debris_rock
122,185,184,-6.96078431372549,mixed_snow_ice
122,186,216,-3.8235294117647065,debris_rock
122,187,205,-4.901960784313726,debris_rock
122,188,179,-7.450980392156865,mixed_snow_ice
122,189,167,-8.627450980392158,mixed_snow_ice
122,190,183,-7.0588235294117645,mixed_snow_ice
122,191,199,-5.490196078431371,debris_rock
122,192,177,-7.647058823529413,mixed_snow_ice
122,193,189,-6.470588235294116,debris_rock
122,194,212,-4.215686274509803,debris_rock
122,195,223,-3.137254901960784,debris_rock
122,196,173,-8.03921568627451,mixed_snow_ice
122,197,174,-7.9411764705882355,mixed_snow_ice
122,198,175,-7.843137254901961,mixed_snow_ice
122,199,176,-7.745098039215687,mixed_snow_ice
122,200,201,-5.2941176470588225,debris_rock
122,201,171,-8.235294117647062,mixed_snow_ice
122,202,154,-9.901960784313726,clean_glacier_ice
122,203,147,-10.588235294117649,clean_glacier_ice
122,204,149,-10.392156862745097,clean_glacier_ice
122,205,180,-7.352941176470587,mixed_snow_ice
122,206,193,-6.078431372549019,debris_rock
122,207,208,-4.607843137254903,debris_rock
122,208,162,-9.11764705882353,clean_glacier_ice
122,209,144,-10.882352941176471,clean_glacier_ice
122,210,161,-9.215686274509805,clean_glacier_ice
122,211,182,-7.156862745098039,mixed_snow_ice
122,212,215,-3.9215686274509807,debris_rock
122,213,158,-9.509803921568627,clean_glacier_ice
122,214,67,-18.431372549019606,deep_glacier_ice
122,215,113,-13.92156862745098,regular_glacier_ice
122,217,236,-1.8627450980392162,debris_rock
122,218,177,-7.647058823529413,mixed_snow_ice
122,219,156,-9.705882352941176,clean_glacier_ice
122,220,131,-12.15686274509804,clean_glacier_ice
122,221,232,-2.254901960784313,debris_rock
122,222,255,0.0,debris_rock
123,0,255,0.0,debris_rock
123,1,133,-11.960784313725489,clean_glacier_ice
123,2,166,-8.725490196078432,mixed_snow_ice
123,3,168,-8.529411764705884,mixed_snow_ice
123,4,99,-15.294117647058822,regular_glacier_ice
123,5,136,-11.666666666666666,clean_glacier_ice
123,6,124,-12.843137254901961,regular_glacier_ice
123,7,147,-10.588235294117649,clean_glacier_ice
123,8,173,-8.03921568627451,mixed_snow_ice
123,9,173,-8.03921568627451,mixed_snow_ice
123,10,157,-9.607843137254902,clean_glacier_ice
123,11,134,-11.862745098039214,clean_glacier_ice
123,12,158,-9.509803921568627,clean_glacier_ice
123,13,175,-7.843137254901961,mixed_snow_ice
123,14,150,-10.294117647058822,clean_glacier_ice
123,15,160,-9.313725490196079,clean_glacier_ice
123,16,165,-8.823529411764707,clean_glacier_ice
123,17,152,-10.098039215686274,clean_glacier_ice
123,18,179,-7.450980392156865,mixed_snow_ice
123,19,152,-10.098039215686274,clean_glacier_ice
123,20,163,-9.019607843137257,clean_glacier_ice
123,21,125,-12.745098039215687,regular_glacier_ice
123,22,96,-15.588235294117647,regular_glacier_ice
123,23,106,-14.607843137254902,regular_glacier_ice
123,24,107,-14.509803921568627,regular_glacier_ice
123,27,254,-0.09803921568627416,debris_rock
123,28,255,0.0,debris_rock
123,29,171,-8.235294117647062,mixed_snow_ice
123,30,122,-13.03921568627451,regular_glacier_ice
123,31,250,-0.49019607843137436,debris_rock
123,32,213,-4.117647058823529,debris_rock
123,33,234,-2.0588235294117645,debris_rock
123,34,143,-10.980392156862745,clean_glacier_ice
123,35,133,-11.960784313725489,clean_glacier_ice
123,36,107,-14.509803921568627,regular_glacier_ice
123,37,124,-12.843137254901961,regular_glacier_ice
123,38,135,-11.76470588235294,clean_glacier_ice
123,39,114,-13.823529411764705,regular_glacier_ice
123,40,128,-12.450980392156863,regular_glacier_ice
123,41,91,-16.07843137254902,regular_glacier_ice
123,42,87,-16.470588235294116,deep_glacier_ice
123,43,133,-11.960784313725489,clean_glacier_ice
123,44,110,-14.215686274509803,regular_glacier_ice
123,45,88,-16.372549019607845,regular_glacier_ice
123,46,115,-13.72549019607843,regular_glacier_ice
123,47,103,-14.901960784313726,regular_glacier_ice
123,48,98,-15.392156862745097,regular_glacier_ice
123,49,114,-13.823529411764705,regular_glacier_ice
123,50,123,-12.941176470588236,regular_glacier_ice
123,51,129,-12.352941176470589,regular_glacier_ice
123,52,140,-11.274509803921568,clean_glacier_ice
123,53,131,-12.15686274509804,clean_glacier_ice
123,54,91,-16.07843137254902,regular_glacier_ice
123,55,90,-16.176470588235293,regular_glacier_ice
123,56,108,-14.411764705882353,regular_glacier_ice
123,57,134,-11.862745098039214,clean_glacier_ice
123,58,122,-13.03921568627451,regular_glacier_ice
123,59,119,-13.333333333333334,regular_glacier_ice
123,60,124,-12.843137254901961,regular_glacier_ice
123,61,146,-10.686274509803923,clean_glacier_ice
123,62,118,-13.431372549019608,regular_glacier_ice
123,63,81,-17.058823529411764,deep_glacier_ice
123,64,72,-17.941176470588236,deep_glacier_ice
123,65,90,-16.176470588235293,regular_glacier_ice
123,66,122,-13.03921568627451,regular_glacier_ice
123,67,76,-17.549019607843135,deep_glacier_ice
123,68,81,-17.058823529411764,deep_glacier_ice
123,69,96,-15.588235294117647,regular_glacier_ice
123,70,107,-14.509803921568627,regular_glacier_ice
123,71,112,-14.019607843137255,regular_glacier_ice
123,72,90,-16.176470588235293,regular_glacier_ice
123,73,105,-14.705882352941178,regular_glacier_ice
123,74,87,-16.470588235294116,deep_glacier_ice
123,75,86,-16.568627450980394,deep_glacier_ice
123,76,85,-16.666666666666668,deep_glacier_ice
123,77,87,-16.470588235294116,deep_glacier_ice
123,78,111,-14.117647058823529,regular_glacier_ice
123,79,85,-16.666666666666668,deep_glacier_ice
123,80,88,-16.372549019607845,regular_glacier_ice
123,81,114,-13.823529411764705,regular_glacier_ice
123,82,61,-19.019607843137255,deep_glacier_ice
123,83,80,-17.15686274509804,deep_glacier_ice
123,84,101,-15.098039215686274,regular_glacier_ice
123,85,111,-14.117647058823529,regular_glacier_ice
123,86,85,-16.666666666666668,deep_glacier_ice
123,87,107,-14.509803921568627,regular_glacier_ice
123,88,112,-14.019607843137255,regular_glacier_ice
123,89,148,-10.49019607843137,clean_glacier_ice
123,90,136,-11.666666666666666,clean_glacier_ice
123,91,172,-8.137254901960784,mixed_snow_ice
123,92,226,-2.8431372549019613,debris_rock
123,93,180,-7.352941176470587,mixed_snow_ice
123,94,116,-13.627450980392156,regular_glacier_ice
123,95,119,-13.333333333333334,regular_glacier_ice
123,96,93,-15.882352941176471,regular_glacier_ice
123,97,55,-19.607843137254903,deep_glacier_ice
123,98,118,-13.431372549019608,regular_glacier_ice
123,99,104,-14.803921568627452,regular_glacier_ice
123,100,114,-13.823529411764705,regular_glacier_ice
123,101,86,-16.568627450980394,deep_glacier_ice
123,102,130,-12.254901960784315,clean_glacier_ice
123,103,134,-11.862745098039214,clean_glacier_ice
123,104,186,-6.764705882352942,debris_rock
123,105,204,-5.0,debris_rock
123,106,197,-5.686274509803919,debris_rock
123,107,191,-6.274509803921568,debris_rock
123,108,188,-6.56862745098039,debris_rock
123,109,208,-4.607843137254903,debris_rock
123,110,210,-4.411764705882355,debris_rock
123,111,196,-5.784313725490193,debris_rock
123,112,164,-8.92156862745098,clean_glacier_ice
123,113,148,-10.49019607843137,clean_glacier_ice
123,114,162,-9.11764705882353,clean_glacier_ice
123,115,151,-10.196078431372548,clean_glacier_ice
123,116,116,-13.627450980392156,regular_glacier_ice
123,117,96,-15.588235294117647,regular_glacier_ice
123,118,64,-18.725490196078432,deep_glacier_ice
123,119,52,-19.901960784313726,deep_glacier_ice
123,120,62,-18.92156862745098,deep_glacier_ice
123,121,80,-17.15686274509804,deep_glacier_ice
123,122,75,-17.647058823529413,deep_glacier_ice
123,123,43,-20.784313725490197,very_deep_glacier_ice
123,124,21,-22.941176470588236,very_deep_glacier_ice
123,125,41,-20.980392156862745,very_deep_glacier_ice
123,126,200,-5.392156862745097,debris_rock
123,127,185,-6.862745098039216,mixed_snow_ice
123,128,203,-5.098039215686274,debris_rock
123,129,212,-4.215686274509803,debris_rock
123,130,197,-5.686274509803919,debris_rock
123,131,192,-6.1764705882352935,debris_rock
123,132,186,-6.764705882352942,debris_rock
123,133,182,-7.156862745098039,mixed_snow_ice
123,134,217,-3.7254901960784323,debris_rock
123,135,187,-6.666666666666668,debris_rock
123,136,179,-7.450980392156865,mixed_snow_ice
123,137,195,-5.882352941176471,debris_rock
123,138,194,-5.980392156862745,debris_rock
123,139,178,-7.549019607843139,mixed_snow_ice
123,140,198,-5.588235294117645,debris_rock
123,141,171,-8.235294117647062,mixed_snow_ice
123,142,183,-7.0588235294117645,mixed_snow_ice
123,143,171,-8.235294117647062,mixed_snow_ice
123,144,179,-7.450980392156865,mixed_snow_ice
123,145,190,-6.372549019607842,debris_rock
123,146,175,-7.843137254901961,mixed_snow_ice
123,147,174,-7.9411764705882355,mixed_snow_ice
123,148,190,-6.372549019607842,debris_rock
123,149,219,-3.529411764705884,debris_rock
123,150,176,-7.745098039215687,mixed_snow_ice
123,151,161,-9.215686274509805,clean_glacier_ice
123,152,153,-10.0,clean_glacier_ice
123,153,158,-9.509803921568627,clean_glacier_ice
123,154,154,-9.901960784313726,clean_glacier_ice
123,155,130,-12.254901960784315,clean_glacier_ice
123,156,111,-14.117647058823529,regular_glacier_ice
123,157,85,-16.666666666666668,deep_glacier_ice
123,160,210,-4.411764705882355,debris_rock
123,161,161,-9.215686274509805,clean_glacier_ice
123,162,150,-10.294117647058822,clean_glacier_ice
123,163,241,-1.3725490196078454,debris_rock
123,164,228,-2.6470588235294095,debris_rock
123,165,150,-10.294117647058822,clean_glacier_ice
123,166,91,-16.07843137254902,regular_glacier_ice
123,167,134,-11.862745098039214,clean_glacier_ice
123,168,128,-12.450980392156863,regular_glacier_ice
123,169,71,-18.03921568627451,deep_glacier_ice
123,170,117,-13.529411764705882,regular_glacier_ice
123,171,199,-5.490196078431371,debris_rock
123,172,184,-6.96078431372549,mixed_snow_ice
123,173,193,-6.078431372549019,debris_rock
123,174,197,-5.686274509803919,debris_rock
123,175,181,-7.254901960784313,mixed_snow_ice
123,176,114,-13.823529411764705,regular_glacier_ice
123,177,163,-9.019607843137257,clean_glacier_ice
123,178,199,-5.490196078431371,debris_rock
123,179,171,-8.235294117647062,mixed_snow_ice
123,180,164,-8.92156862745098,clean_glacier_ice
123,181,169,-8.43137254901961,mixed_snow_ice
123,182,158,-9.509803921568627,clean_glacier_ice
123,183,206,-4.803921568627452,debris_rock
123,184,175,-7.843137254901961,mixed_snow_ice
123,185,188,-6.56862745098039,debris_rock
123,186,133,-11.960784313725489,clean_glacier_ice
123,187,144,-10.882352941176471,clean_glacier_ice
123,188,120,-13.23529411764706,regular_glacier_ice
123,189,98,-15.392156862745097,regular_glacier_ice
123,192,243,-1.176470588235297,debris_rock
123,193,255,0.0,debris_rock
123,194,94,-15.784313725490195,regular_glacier_ice
123,195,140,-11.274509803921568,clean_glacier_ice
123,196,133,-11.960784313725489,clean_glacier_ice
123,197,203,-5.098039215686274,debris_rock
123,198,200,-5.392156862745097,debris_rock
123,199,97,-15.490196078431373,regular_glacier_ice
123,200,134,-11.862745098039214,clean_glacier_ice
123,201,102,-15.0,regular_glacier_ice
123,202,157,-9.607843137254902,clean_glacier_ice
123,203,127,-12.549019607843137,regular_glacier_ice
123,204,139,-11.372549019607844,clean_glacier_ice
123,205,131,-12.15686274509804,clean_glacier_ice
123,206,115,-13.72549019607843,regular_glacier_ice
123,207,102,-15.0,regular_glacier_ice
123,208,100,-15.196078431372548,regular_glacier_ice
123,209,117,-13.529411764705882,regular_glacier_ice
123,210,80,-17.15686274509804,deep_glacier_ice
123,211,126,-12.647058823529411,regular_glacier_ice
123,212,96,-15.588235294117647,regular_glacier_ice
123,213,95,-15.686274509803921,regular_glacier_ice
123,214,95,-15.686274509803921,regular_glacier_ice
123,215,85,-16.666666666666668,deep_glacier_ice
123,216,102,-15.0,regular_glacier_ice
123,217,82,-16.96078431372549,deep_glacier_ice
123,218,127,-12.549019607843137,regular_glacier_ice
123,219,99,-15.294117647058822,regular_glacier_ice
123,220,97,-15.490196078431373,regular_glacier_ice
123,221,116,-13.627450980392156,regular_glacier_ice
123,222,141,-11.176470588235293,clean_glacier_ice
124,0,91,-16.07843137254902,regular_glacier_ice
124,1,125,-12.745098039215687,regular_glacier_ice
124,2,107,-14.509803921568627,regular_glacier_ice
124,3,128,-12.450980392156863,regular_glacier_ice
124,4,126,-12.647058823529411,regular_glacier_ice
124,5,112,-14.019607843137255,regular_glacier_ice
124,6,92,-15.980392156862745,regular_glacier_ice
124,7,93,-15.882352941176471,regular_glacier_ice
124,8,136,-11.666666666666666,clean_glacier_ice
124,9,66,-18.52941176470588,deep_glacier_ice
124,10,123,-12.941176470588236,regular_glacier_ice
124,11,113,-13.92156862745098,regular_glacier_ice
124,12,115,-13.72549019607843,regular_glacier_ice
124,13,81,-17.058823529411764,deep_glacier_ice
124,14,98,-15.392156862745097,regular_glacier_ice
124,15,99,-15.294117647058822,regular_glacier_ice
124,16,92,-15.980392156862745,regular_glacier_ice
124,17,124,-12.843137254901961,regular_glacier_ice
124,18,100,-15.196078431372548,regular_glacier_ice
124,19,93,-15.882352941176471,regular_glacier_ice
124,20,102,-15.0,regular_glacier_ice
124,21,82,-16.96078431372549,deep_glacier_ice
124,22,98,-15.392156862745097,regular_glacier_ice
124,23,103,-14.901960784313726,regular_glacier_ice
124,24,70,-18.137254901960784,deep_glacier_ice
124,25,114,-13.823529411764705,regular_glacier_ice
124,26,174,-7.9411764705882355,mixed_snow_ice
124,27,141,-11.176470588235293,clean_glacier_ice
124,28,163,-9.019607843137257,clean_glacier_ice
124,29,122,-13.03921568627451,regular_glacier_ice
124,30,165,-8.823529411764707,clean_glacier_ice
124,31,125,-12.745098039215687,regular_glacier_ice
124,33,250,-0.49019607843137436,debris_rock
124,34,234,-2.0588235294117645,debris_rock
124,35,155,-9.803921568627452,clean_glacier_ice
124,36,125,-12.745098039215687,regular_glacier_ice
124,37,112,-14.019607843137255,regular_glacier_ice
124,38,117,-13.529411764705882,regular_glacier_ice
124,39,105,-14.705882352941178,regular_glacier_ice
124,40,134,-11.862745098039214,clean_glacier_ice
124,41,105,-14.705882352941178,regular_glacier_ice
124,42,69,-18.235294117647058,deep_glacier_ice
124,43,99,-15.294117647058822,regular_glacier_ice
124,44,141,-11.176470588235293,clean_glacier_ice
124,45,150,-10.294117647058822,clean_glacier_ice
124,46,159,-9.411764705882353,clean_glacier_ice
124,47,221,-3.333333333333332,debris_rock
124,48,213,-4.117647058823529,debris_rock
124,49,206,-4.803921568627452,debris_rock
124,50,214,-4.019607843137255,debris_rock
124,51,208,-4.607843137254903,debris_rock
124,52,193,-6.078431372549019,debris_rock
124,53,184,-6.96078431372549,mixed_snow_ice
124,54,132,-12.058823529411763,clean_glacier_ice
124,55,122,-13.03921568627451,regular_glacier_ice
124,56,135,-11.76470588235294,clean_glacier_ice
124,57,125,-12.745098039215687,regular_glacier_ice
124,58,119,-13.333333333333334,regular_glacier_ice
124,59,51,-20.0,deep_glacier_ice
124,60,83,-16.862745098039216,deep_glacier_ice
124,61,36,-21.470588235294116,very_deep_glacier_ice
124,62,60,-19.11764705882353,deep_glacier_ice
124,63,67,-18.431372549019606,deep_glacier_ice
124,64,89,-16.274509803921568,regular_glacier_ice
124,65,74,-17.745098039215684,deep_glacier_ice
124,66,73,-17.84313725490196,deep_glacier_ice
124,67,88,-16.372549019607845,regular_glacier_ice
124,68,181,-7.254901960784313,mixed_snow_ice
124,69,175,-7.843137254901961,mixed_snow_ice
124,70,163,-9.019607843137257,clean_glacier_ice
124,71,190,-6.372549019607842,debris_rock
124,72,197,-5.686274509803919,debris_rock
124,73,203,-5.098039215686274,debris_rock
124,74,181,-7.254901960784313,mixed_snow_ice
124,75,190,-6.372549019607842,debris_rock
124,76,182,-7.156862745098039,mixed_snow_ice
124,77,191,-6.274509803921568,debris_rock
124,78,180,-7.352941176470587,mixed_snow_ice
124,79,203,-5.098039215686274,debris_rock
124,80,194,-5.980392156862745,debris_rock
124,81,194,-5.980392156862745,debris_rock
124,82,176,-7.745098039215687,mixed_snow_ice
124,83,188,-6.56862745098039,debris_rock
124,84,173,-8.03921568627451,mixed_snow_ice
124,85,211,-4.313725490196081,debris_rock
124,86,202,-5.196078431372548,debris_rock
124,87,204,-5.0,debris_rock
124,88,193,-6.078431372549019,debris_rock
124,89,159,-9.411764705882353,clean_glacier_ice
124,90,173,-8.03921568627451,mixed_snow_ice
124,92,218,-3.627450980392158,debris_rock
124,93,153,-10.0,clean_glacier_ice
124,94,140,-11.274509803921568,clean_glacier_ice
124,95,133,-11.960784313725489,clean_glacier_ice
124,96,104,-14.803921568627452,regular_glacier_ice
124,97,142,-11.07843137254902,clean_glacier_ice
124,98,155,-9.803921568627452,clean_glacier_ice
124,99,95,-15.686274509803921,regular_glacier_ice
124,100,103,-14.901960784313726,regular_glacier_ice
124,102,182,-7.156862745098039,mixed_snow_ice
124,103,167,-8.627450980392158,mixed_snow_ice
124,104,221,-3.333333333333332,debris_rock
124,105,255,0.0,debris_rock
124,106,201,-5.2941176470588225,debris_rock
124,107,128,-12.450980392156863,regular_glacier_ice
124,108,111,-14.117647058823529,regular_glacier_ice
124,109,103,-14.901960784313726,regular_glacier_ice
124,110,108,-14.411764705882353,regular_glacier_ice
124,111,77,-17.450980392156865,deep_glacier_ice
124,112,184,-6.96078431372549,mixed_snow_ice
124,113,236,-1.8627450980392162,debris_rock
124,114,168,-8.529411764705884,mixed_snow_ice
124,115,134,-11.862745098039214,clean_glacier_ice
124,116,123,-12.941176470588236,regular_glacier_ice
124,117,157,-9.607843137254902,clean_glacier_ice
124,118,142,-11.07843137254902,clean_glacier_ice
124,119,173,-8.03921568627451,mixed_snow_ice
124,120,190,-6.372549019607842,debris_rock
124,121,153,-10.0,clean_glacier_ice
124,122,150,-10.294117647058822,clean_glacier_ice
124,123,220,-3.4313725490196063,debris_rock
124,124,204,-5.0,debris_rock
124,125,229,-2.5490196078431353,debris_rock
124,126,199,-5.490196078431371,debris_rock
124,127,181,-7.254901960784313,mixed_snow_ice
124,128,178,-7.549019607843139,mixed_snow_ice
124,129,152,-10.098039215686274,clean_glacier_ice
124,130,180,-7.352941176470587,mixed_snow_ice
124,131,146,-10.686274509803923,clean_glacier_ice
124,132,152,-10.098039215686274,clean_glacier_ice
124,133,162,-9.11764705882353,clean_glacier_ice
124,134,255,0.0,debris_rock
124,135,233,-2.1568627450980387,debris_rock
124,136,182,-7.156862745098039,mixed_snow_ice
124,137,171,-8.235294117647062,mixed_snow_ice
124,138,207,-4.7058823529411775,debris_rock
124,139,224,-3.0392156862745097,debris_rock
124,140,141,-11.176470588235293,clean_glacier_ice
124,141,125,-12.745098039215687,regular_glacier_ice
124,142,129,-12.352941176470589,regular_glacier_ice
124,143,94,-15.784313725490195,regular_glacier_ice
124,144,149,-10.392156862745097,clean_glacier_ice
124,145,118,-13.431372549019608,regular_glacier_ice
124,146,115,-13.72549019607843,regular_glacier_ice
124,147,132,-12.058823529411763,clean_glacier_ice
124,148,106,-14.607843137254902,regular_glacier_ice
124,149,121,-13.137254901960786,regular_glacier_ice
124,150,109,-14.313725490196079,regular_glacier_ice
124,151,112,-14.019607843137255,regular_glacier_ice
124,152,100,-15.196078431372548,regular_glacier_ice
124,153,131,-12.15686274509804,clean_glacier_ice
124,154,81,-17.058823529411764,deep_glacier_ice
124,155,74,-17.745098039215684,deep_glacier_ice
124,156,89,-16.274509803921568,regular_glacier_ice
124,157,74,-17.745098039215684,deep_glacier_ice
124,158,102,-15.0,regular_glacier_ice
124,159,109,-14.313725490196079,regular_glacier_ice
124,160,113,-13.92156862745098,regular_glacier_ice
124,161,103,-14.901960784313726,regular_glacier_ice
124,162,113,-13.92156862745098,regular_glacier_ice
124,163,124,-12.843137254901961,regular_glacier_ice
124,164,117,-13.529411764705882,regular_glacier_ice
124,165,88,-16.372549019607845,regular_glacier_ice
124,166,124,-12.843137254901961,regular_glacier_ice
124,167,111,-14.117647058823529,regular_glacier_ice
124,168,127,-12.549019607843137,regular_glacier_ice
124,169,125,-12.745098039215687,regular_glacier_ice
124,170,109,-14.313725490196079,regular_glacier_ice
124,171,95,-15.686274509803921,regular_glacier_ice
124,172,125,-12.745098039215687,regular_glacier_ice
124,173,83,-16.862745098039216,deep_glacier_ice
124,174,130,-12.254901960784315,clean_glacier_ice
124,175,132,-12.058823529411763,clean_glacier_ice
124,176,101,-15.098039215686274,regular_glacier_ice
124,177,112,-14.019607843137255,regular_glacier_ice
124,178,104,-14.803921568627452,regular_glacier_ice
124,179,81,-17.058823529411764,deep_glacier_ice
124,180,100,-15.196078431372548,regular_glacier_ice
124,181,88,-16.372549019607845,regular_glacier_ice
124,182,91,-16.07843137254902,regular_glacier_ice
124,183,109,-14.313725490196079,regular_glacier_ice
124,184,73,-17.84313725490196,deep_glacier_ice
124,185,117,-13.529411764705882,regular_glacier_ice
124,186,94,-15.784313725490195,regular_glacier_ice
124,187,88,-16.372549019607845,regular_glacier_ice
124,188,85,-16.666666666666668,deep_glacier_ice
124,189,66,-18.52941176470588,deep_glacier_ice
124,190,122,-13.03921568627451,regular_glacier_ice
124,191,182,-7.156862745098039,mixed_snow_ice
124,192,152,-10.098039215686274,clean_glacier_ice
124,193,140,-11.274509803921568,clean_glacier_ice
124,194,144,-10.882352941176471,clean_glacier_ice
124,195,149,-10.392156862745097,clean_glacier_ice
124,198,217,-3.7254901960784323,debris_rock
124,199,216,-3.8235294117647065,debris_rock
124,200,139,-11.372549019607844,clean_glacier_ice
124,201,115,-13.72549019607843,regular_glacier_ice
124,202,102,-15.0,regular_glacier_ice
124,203,87,-16.470588235294116,deep_glacier_ice
124,204,132,-12.058823529411763,clean_glacier_ice
124,205,118,-13.431372549019608,regular_glacier_ice
124,206,111,-14.117647058823529,regular_glacier_ice
124,207,66,-18.52941176470588,deep_glacier_ice
124,208,105,-14.705882352941178,regular_glacier_ice
124,209,130,-12.254901960784315,clean_glacier_ice
124,210,174,-7.9411764705882355,mixed_snow_ice
124,211,180,-7.352941176470587,mixed_snow_ice
124,212,203,-5.098039215686274,debris_rock
124,213,236,-1.8627450980392162,debris_rock
124,214,222,-3.235294117647058,debris_rock
124,215,203,-5.098039215686274,debris_rock
124,216,181,-7.254901960784313,mixed_snow_ice
124,217,164,-8.92156862745098,clean_glacier_ice
124,218,149,-10.392156862745097,clean_glacier_ice
124,219,172,-8.137254901960784,mixed_snow_ice
124,220,213,-4.117647058823529,debris_rock
124,221,188,-6.56862745098039,debris_rock
124,222,114,-13.823529411764705,regular_glacier_ice
125,0,102,-15.0,regular_glacier_ice
125,1,79,-17.254901960784313,deep_glacier_ice
125,2,67,-18.431372549019606,deep_glacier_ice
125,3,84,-16.764705882352942,deep_glacier_ice
125,4,78,-17.352941176470587,deep_glacier_ice
125,5,112,-14.019607843137255,regular_glacier_ice
125,6,100,-15.196078431372548,regular_glacier_ice
125,7,123,-12.941176470588236,regular_glacier_ice
125,8,139,-11.372549019607844,clean_glacier_ice
125,9,141,-11.176470588235293,clean_glacier_ice
125,10,157,-9.607843137254902,clean_glacier_ice
125,11,189,-6.470588235294116,debris_rock
125,12,202,-5.196078431372548,debris_rock
125,13,187,-6.666666666666668,debris_rock
125,14,196,-5.784313725490193,debris_rock
125,15,187,-6.666666666666668,debris_rock
125,16,186,-6.764705882352942,debris_rock
125,17,210,-4.411764705882355,debris_rock
125,18,194,-5.980392156862745,debris_rock
125,19,173,-8.03921568627451,mixed_snow_ice
125,20,188,-6.56862745098039,debris_rock
125,21,182,-7.156862745098039,mixed_snow_ice
125,22,165,-8.823529411764707,clean_glacier_ice
125,23,192,-6.1764705882352935,debris_rock
125,24,165,-8.823529411764707,clean_glacier_ice
125,25,177,-7.647058823529413,mixed_snow_ice
125,26,141,-11.176470588235293,clean_glacier_ice
125,27,192,-6.1764705882352935,debris_rock
125,28,179,-7.450980392156865,mixed_snow_ice
125,29,200,-5.392156862745097,debris_rock
125,30,124,-12.843137254901961,regular_glacier_ice
125,35,146,-10.686274509803923,clean_glacier_ice
125,36,110,-14.215686274509803,regular_glacier_ice
125,37,122,-13.03921568627451,regular_glacier_ice
125,38,90,-16.176470588235293,regular_glacier_ice
125,39,118,-13.431372549019608,regular_glacier_ice
125,40,136,-11.666666666666666,clean_glacier_ice
125,41,96,-15.588235294117647,regular_glacier_ice
125,42,83,-16.862745098039216,deep_glacier_ice
125,43,164,-8.92156862745098,clean_glacier_ice
125,44,197,-5.686274509803919,debris_rock
125,45,181,-7.254901960784313,mixed_snow_ice
125,46,255,0.0,debris_rock
125,47,250,-0.49019607843137436,debris_rock
125,48,98,-15.392156862745097,regular_glacier_ice
125,49,137,-11.568627450980392,clean_glacier_ice
125,50,118,-13.431372549019608,regular_glacier_ice
125,51,100,-15.196078431372548,regular_glacier_ice
125,52,103,-14.901960784313726,regular_glacier_ice
125,53,102,-15.0,regular_glacier_ice
125,54,141,-11.176470588235293,clean_glacier_ice
125,55,142,-11.07843137254902,clean_glacier_ice
125,56,122,-13.03921568627451,regular_glacier_ice
125,57,63,-18.823529411764707,deep_glacier_ice
125,58,107,-14.509803921568627,regular_glacier_ice
125,59,149,-10.392156862745097,clean_glacier_ice
125,60,166,-8.725490196078432,mixed_snow_ice
125,61,172,-8.137254901960784,mixed_snow_ice
125,62,122,-13.03921568627451,regular_glacier_ice
125,63,186,-6.764705882352942,debris_rock
125,64,204,-5.0,debris_rock
125,65,202,-5.196078431372548,debris_rock
125,66,187,-6.666666666666668,debris_rock
125,67,170,-8.333333333333336,mixed_snow_ice
125,68,177,-7.647058823529413,mixed_snow_ice
125,69,148,-10.49019607843137,clean_glacier_ice
125,70,152,-10.098039215686274,clean_glacier_ice
125,71,175,-7.843137254901961,mixed_snow_ice
125,72,167,-8.627450980392158,mixed_snow_ice
125,73,205,-4.901960784313726,debris_rock
125,74,165,-8.823529411764707,clean_glacier_ice
125,75,248,-0.6862745098039227,debris_rock
125,76,248,-0.6862745098039227,debris_rock
125,77,168,-8.529411764705884,mixed_snow_ice
125,78,166,-8.725490196078432,mixed_snow_ice
125,79,177,-7.647058823529413,mixed_snow_ice
125,80,199,-5.490196078431371,debris_rock
125,81,136,-11.666666666666666,clean_glacier_ice
125,82,130,-12.254901960784315,clean_glacier_ice
125,83,130,-12.254901960784315,clean_glacier_ice
125,84,86,-16.568627450980394,deep_glacier_ice
125,85,92,-15.980392156862745,regular_glacier_ice
125,86,92,-15.980392156862745,regular_glacier_ice
125,87,71,-18.03921568627451,deep_glacier_ice
125,88,104,-14.803921568627452,regular_glacier_ice
125,89,87,-16.470588235294116,deep_glacier_ice
125,90,53,-19.80392156862745,deep_glacier_ice
125,91,89,-16.274509803921568,regular_glacier_ice
125,92,115,-13.72549019607843,regular_glacier_ice
125,93,107,-14.509803921568627,regular_glacier_ice
125,94,121,-13.137254901960786,regular_glacier_ice
125,95,111,-14.117647058823529,regular_glacier_ice
125,96,69,-18.235294117647058,deep_glacier_ice
125,97,104,-14.803921568627452,regular_glacier_ice
125,98,63,-18.823529411764707,deep_glacier_ice
125,99,87,-16.470588235294116,deep_glacier_ice
125,100,98,-15.392156862745097,regular_glacier_ice
125,101,105,-14.705882352941178,regular_glacier_ice
125,102,114,-13.823529411764705,regular_glacier_ice
125,103,95,-15.686274509803921,regular_glacier_ice
125,104,112,-14.019607843137255,regular_glacier_ice
125,105,89,-16.274509803921568,regular_glacier_ice
125,106,64,-18.725490196078432,deep_glacier_ice
125,107,93,-15.882352941176471,regular_glacier_ice
125,108,64,-18.725490196078432,deep_glacier_ice
125,109,98,-15.392156862745097,regular_glacier_ice
125,110,89,-16.274509803921568,regular_glacier_ice
125,111,125,-12.745098039215687,regular_glacier_ice
125,112,129,-12.352941176470589,regular_glacier_ice
125,113,133,-11.960784313725489,clean_glacier_ice
125,114,115,-13.72549019607843,regular_glacier_ice
125,115,117,-13.529411764705882,regular_glacier_ice
125,116,138,-11.470588235294118,clean_glacier_ice
125,117,124,-12.843137254901961,regular_glacier_ice
125,118,91,-16.07843137254902,regular_glacier_ice
125,119,82,-16.96078431372549,deep_glacier_ice
125,120,98,-15.392156862745097,regular_glacier_ice
125,121,122,-13.03921568627451,regular_glacier_ice
125,122,126,-12.647058823529411,regular_glacier_ice
125,123,69,-18.235294117647058,deep_glacier_ice
125,124,78,-17.352941176470587,deep_glacier_ice
125,125,87,-16.470588235294116,deep_glacier_ice
125,126,71,-18.03921568627451,deep_glacier_ice
125,127,74,-17.745098039215684,deep_glacier_ice
125,128,98,-15.392156862745097,regular_glacier_ice
125,129,82,-16.96078431372549,deep_glacier_ice
125,130,87,-16.470588235294116,deep_glacier_ice
125,131,68,-18.333333333333332,deep_glacier_ice
125,132,133,-11.960784313725489,clean_glacier_ice
125,133,125,-12.745098039215687,regular_glacier_ice
125,134,143,-10.980392156862745,clean_glacier_ice
125,135,130,-12.254901960784315,clean_glacier_ice
125,136,134,-11.862745098039214,clean_glacier_ice
125,139,233,-2.1568627450980387,debris_rock
125,140,183,-7.0588235294117645,mixed_snow_ice
125,141,120,-13.23529411764706,regular_glacier_ice
125,142,120,-13.23529411764706,regular_glacier_ice
125,143,110,-14.215686274509803,regular_glacier_ice
125,144,114,-13.823529411764705,regular_glacier_ice
125,145,115,-13.72549019607843,regular_glacier_ice
125,146,126,-12.647058823529411,regular_glacier_ice
125,147,120,-13.23529411764706,regular_glacier_ice
125,148,76,-17.549019607843135,deep_glacier_ice
125,149,95,-15.686274509803921,regular_glacier_ice
125,150,136,-11.666666666666666,clean_glacier_ice
125,151,93,-15.882352941176471,regular_glacier_ice
125,154,197,-5.686274509803919,debris_rock
125,155,234,-2.0588235294117645,debris_rock
125,156,240,-1.4705882352941195,debris_rock
125,157,198,-5.588235294117645,debris_rock
125,158,182,-7.156862745098039,mixed_snow_ice
125,159,203,-5.098039215686274,debris_rock
125,160,209,-4.509803921568629,debris_rock
125,161,214,-4.019607843137255,debris_rock
125,162,200,-5.392156862745097,debris_rock
125,163,145,-10.784313725490197,clean_glacier_ice
125,164,159,-9.411764705882353,clean_glacier_ice
125,165,144,-10.882352941176471,clean_glacier_ice
125,166,121,-13.137254901960786,regular_glacier_ice
125,167,103,-14.901960784313726,regular_glacier_ice
125,168,110,-14.215686274509803,regular_glacier_ice
125,169,119,-13.333333333333334,regular_glacier_ice
125,170,193,-6.078431372549019,debris_rock
125,171,188,-6.56862745098039,debris_rock
125,172,209,-4.509803921568629,debris_rock
125,173,250,-0.49019607843137436,debris_rock
125,174,189,-6.470588235294116,debris_rock
125,175,161,-9.215686274509805,clean_glacier_ice
125,176,172,-8.137254901960784,mixed_snow_ice
125,177,178,-7.549019607843139,mixed_snow_ice
125,178,198,-5.588235294117645,debris_rock
125,179,193,-6.078431372549019,debris_rock
125,180,204,-5.0,debris_rock
125,181,185,-6.862745098039216,mixed_snow_ice
125,182,180,-7.352941176470587,mixed_snow_ice
125,183,176,-7.745098039215687,mixed_snow_ice
125,184,186,-6.764705882352942,debris_rock
125,185,187,-6.666666666666668,debris_rock
125,186,189,-6.470588235294116,debris_rock
125,187,172,-8.137254901960784,mixed_snow_ice
125,188,186,-6.764705882352942,debris_rock
125,189,207,-4.7058823529411775,debris_rock
125,190,131,-12.15686274509804,clean_glacier_ice
125,191,132,-12.058823529411763,clean_glacier_ice
125,192,174,-7.9411764705882355,mixed_snow_ice
125,193,160,-9.313725490196079,clean_glacier_ice
125,194,144,-10.882352941176471,clean_glacier_ice
125,199,220,-3.4313725490196063,debris_rock
125,200,149,-10.392156862745097,clean_glacier_ice
125,201,119,-13.333333333333334,regular_glacier_ice
125,202,98,-15.392156862745097,regular_glacier_ice
125,203,123,-12.941176470588236,regular_glacier_ice
125,204,114,-13.823529411764705,regular_glacier_ice
125,205,115,-13.72549019607843,regular_glacier_ice
125,206,137,-11.568627450980392,clean_glacier_ice
125,207,122,-13.03921568627451,regular_glacier_ice
125,208,110,-14.215686274509803,regular_glacier_ice
125,210,164,-8.92156862745098,clean_glacier_ice
125,211,255,0.0,debris_rock
125,212,170,-8.333333333333336,mixed_snow_ice
125,213,91,-16.07843137254902,regular_glacier_ice
125,214,162,-9.11764705882353,clean_glacier_ice
125,215,175,-7.843137254901961,mixed_snow_ice
125,216,125,-12.745098039215687,regular_glacier_ice
125,217,98,-15.392156862745097,regular_glacier_ice
125,218,75,-17.647058823529413,deep_glacier_ice
125,219,98,-15.392156862745097,regular_glacier_ice
125,220,135,-11.76470588235294,clean_glacier_ice
125,221,188,-6.56862745098039,debris_rock
125,222,200,-5.392156862745097,debris_rock
126,0,125,-12.745098039215687,regular_glacier_ice
126,1,141,-11.176470588235293,clean_glacier_ice
126,2,172,-8.137254901960784,mixed_snow_ice
126,3,195,-5.882352941176471,debris_rock
126,5,194,-5.980392156862745,debris_rock
126,6,205,-4.901960784313726,debris_rock
126,7,169,-8.43137254901961,mixed_snow_ice
126,8,153,-10.0,clean_glacier_ice
126,9,131,-12.15686274509804,clean_glacier_ice
126,10,177,-7.647058823529413,mixed_snow_ice
126,11,108,-14.411764705882353,regular_glacier_ice
126,12,166,-8.725490196078432,mixed_snow_ice
126,13,149,-10.392156862745097,clean_glacier_ice
126,14,186,-6.764705882352942,debris_rock
126,15,255,0.0,debris_rock
126,16,219,-3.529411764705884,debris_rock
126,17,231,-2.352941176470587,debris_rock
126,18,201,-5.2941176470588225,debris_rock
126,19,198,-5.588235294117645,debris_rock
126,20,182,-7.156862745098039,mixed_snow_ice
126,21,169,-8.43137254901961,mixed_snow_ice
126,22,118,-13.431372549019608,regular_glacier_ice
126,23,128,-12.450980392156863,regular_glacier_ice
126,24,118,-13.431372549019608,regular_glacier_ice
126,25,129,-12.352941176470589,regular_glacier_ice
126,26,101,-15.098039215686274,regular_glacier_ice
126,27,94,-15.784313725490195,regular_glacier_ice
126,28,105,-14.705882352941178,regular_glacier_ice
126,29,77,-17.450980392156865,deep_glacier_ice
126,30,160,-9.313725490196079,clean_glacier_ice
126,31,72,-17.941176470588236,deep_glacier_ice
126,32,78,-17.352941176470587,deep_glacier_ice
126,33,140,-11.274509803921568,clean_glacier_ice
126,34,116,-13.627450980392156,regular_glacier_ice
126,35,104,-14.803921568627452,regular_glacier_ice
126,36,79,-17.254901960784313,deep_glacier_ice
126,37,97,-15.490196078431373,regular_glacier_ice
126,38,120,-13.23529411764706,regular_glacier_ice
126,39,108,-14.411764705882353,regular_glacier_ice
126,40,87,-16.470588235294116,deep_glacier_ice
126,41,106,-14.607843137254902,regular_glacier_ice
126,42,89,-16.274509803921568,regular_glacier_ice
126,43,83,-16.862745098039216,deep_glacier_ice
126,44,93,-15.882352941176471,regular_glacier_ice
126,45,98,-15.392156862745097,regular_glacier_ice
126,46,92,-15.980392156862745,regular_glacier_ice
126,47,60,-19.11764705882353,deep_glacier_ice
126,48,69,-18.235294117647058,deep_glacier_ice
126,49,99,-15.294117647058822,regular_glacier_ice
126,50,101,-15.098039215686274,regular_glacier_ice
126,51,106,-14.607843137254902,regular_glacier_ice
126,52,102,-15.0,regular_glacier_ice
126,53,106,-14.607843137254902,regular_glacier_ice
126,54,133,-11.960784313725489,clean_glacier_ice
126,55,107,-14.509803921568627,regular_glacier_ice
126,56,119,-13.333333333333334,regular_glacier_ice
126,57,135,-11.76470588235294,clean_glacier_ice
126,58,94,-15.784313725490195,regular_glacier_ice
126,59,115,-13.72549019607843,regular_glacier_ice
126,60,91,-16.07843137254902,regular_glacier_ice
126,61,65,-18.627450980392158,deep_glacier_ice
126,62,129,-12.352941176470589,regular_glacier_ice
126,63,136,-11.666666666666666,clean_glacier_ice
126,64,75,-17.647058823529413,deep_glacier_ice
126,65,83,-16.862745098039216,deep_glacier_ice
126,66,74,-17.745098039215684,deep_glacier_ice
126,67,69,-18.235294117647058,deep_glacier_ice
126,68,86,-16.568627450980394,deep_glacier_ice
126,69,109,-14.313725490196079,regular_glacier_ice
126,70,88,-16.372549019607845,regular_glacier_ice
126,71,80,-17.15686274509804,deep_glacier_ice
126,72,79,-17.254901960784313,deep_glacier_ice
126,73,76,-17.549019607843135,deep_glacier_ice
126,74,105,-14.705882352941178,regular_glacier_ice
126,75,113,-13.92156862745098,regular_glacier_ice
126,76,167,-8.627450980392158,mixed_snow_ice
126,77,164,-8.92156862745098,clean_glacier_ice
126,78,179,-7.450980392156865,mixed_snow_ice
126,81,198,-5.588235294117645,debris_rock
126,82,137,-11.568627450980392,clean_glacier_ice
126,83,124,-12.843137254901961,regular_glacier_ice
126,84,111,-14.117647058823529,regular_glacier_ice
126,85,126,-12.647058823529411,regular_glacier_ice
126,86,136,-11.666666666666666,clean_glacier_ice
126,87,113,-13.92156862745098,regular_glacier_ice
126,88,117,-13.529411764705882,regular_glacier_ice
126,89,100,-15.196078431372548,regular_glacier_ice
126,90,90,-16.176470588235293,regular_glacier_ice
126,91,122,-13.03921568627451,regular_glacier_ice
126,92,148,-10.49019607843137,clean_glacier_ice
126,93,95,-15.686274509803921,regular_glacier_ice
126,96,220,-3.4313725490196063,debris_rock
126,97,230,-2.450980392156861,debris_rock
126,98,234,-2.0588235294117645,debris_rock
126,99,177,-7.647058823529413,mixed_snow_ice
126,100,175,-7.843137254901961,mixed_snow_ice
126,101,164,-8.92156862745098,clean_glacier_ice
126,102,133,-11.960784313725489,clean_glacier_ice
126,103,133,-11.960784313725489,clean_glacier_ice
126,104,180,-7.352941176470587,mixed_snow_ice
126,105,219,-3.529411764705884,debris_rock
126,106,206,-4.803921568627452,debris_rock
126,107,170,-8.333333333333336,mixed_snow_ice
126,108,168,-8.529411764705884,mixed_snow_ice
126,109,140,-11.274509803921568,clean_glacier_ice
126,110,134,-11.862745098039214,clean_glacier_ice
126,111,166,-8.725490196078432,mixed_snow_ice
126,112,230,-2.450980392156861,debris_rock
126,113,172,-8.137254901960784,mixed_snow_ice
126,114,209,-4.509803921568629,debris_rock
126,115,234,-2.0588235294117645,debris_rock
126,116,154,-9.901960784313726,clean_glacier_ice
126,117,147,-10.588235294117649,clean_glacier_ice
126,118,171,-8.235294117647062,mixed_snow_ice
126,119,192,-6.1764705882352935,debris_rock
126,120,192,-6.1764705882352935,debris_rock
126,121,194,-5.980392156862745,debris_rock
126,122,210,-4.411764705882355,debris_rock
126,123,197,-5.686274509803919,debris_rock
126,124,194,-5.980392156862745,debris_rock
126,125,188,-6.56862745098039,debris_rock
126,126,185,-6.862745098039216,mixed_snow_ice
126,127,188,-6.56862745098039,debris_rock
126,128,195,-5.882352941176471,debris_rock
126,129,178,-7.549019607843139,mixed_snow_ice
126,130,174,-7.9411764705882355,mixed_snow_ice
126,131,161,-9.215686274509805,clean_glacier_ice
126,132,113,-13.92156862745098,regular_glacier_ice
126,133,79,-17.254901960784313,deep_glacier_ice
126,136,143,-10.980392156862745,clean_glacier_ice
126,141,187,-6.666666666666668,debris_rock
126,142,120,-13.23529411764706,regular_glacier_ice
126,143,105,-14.705882352941178,regular_glacier_ice
126,144,115,-13.72549019607843,regular_glacier_ice
126,145,104,-14.803921568627452,regular_glacier_ice
126,146,125,-12.745098039215687,regular_glacier_ice
126,147,131,-12.15686274509804,clean_glacier_ice
126,148,141,-11.176470588235293,clean_glacier_ice
126,149,114,-13.823529411764705,regular_glacier_ice
126,150,106,-14.607843137254902,regular_glacier_ice
126,152,173,-8.03921568627451,mixed_snow_ice
126,153,225,-2.9411764705882355,debris_rock
126,154,175,-7.843137254901961,mixed_snow_ice
126,155,107,-14.509803921568627,regular_glacier_ice
126,156,157,-9.607843137254902,clean_glacier_ice
126,157,159,-9.411764705882353,clean_glacier_ice
126,158,184,-6.96078431372549,mixed_snow_ice
126,159,169,-8.43137254901961,mixed_snow_ice
126,160,57,-19.41176470588235,deep_glacier_ice
126,161,85,-16.666666666666668,deep_glacier_ice
126,162,146,-10.686274509803923,clean_glacier_ice
126,163,233,-2.1568627450980387,debris_rock
126,164,193,-6.078431372549019,debris_rock
126,165,130,-12.254901960784315,clean_glacier_ice
126,166,127,-12.549019607843137,regular_glacier_ice
126,167,162,-9.11764705882353,clean_glacier_ice
126,168,195,-5.882352941176471,debris_rock
126,170,178,-7.549019607843139,mixed_snow_ice
126,171,155,-9.803921568627452,clean_glacier_ice
126,172,176,-7.745098039215687,mixed_snow_ice
126,173,187,-6.666666666666668,debris_rock
126,174,115,-13.72549019607843,regular_glacier_ice
126,175,139,-11.372549019607844,clean_glacier_ice
126,176,129,-12.352941176470589,regular_glacier_ice
126,177,157,-9.607843137254902,clean_glacier_ice
126,178,173,-8.03921568627451,mixed_snow_ice
126,179,210,-4.411764705882355,debris_rock
126,180,255,0.0,debris_rock
126,181,204,-5.0,debris_rock
126,182,255,0.0,debris_rock
126,183,249,-0.5882352941176485,debris_rock
126,184,175,-7.843137254901961,mixed_snow_ice
126,185,131,-12.15686274509804,clean_glacier_ice
126,186,137,-11.568627450980392,clean_glacier_ice
126,187,102,-15.0,regular_glacier_ice
126,188,91,-16.07843137254902,regular_glacier_ice
126,189,88,-16.372549019607845,regular_glacier_ice
126,190,106,-14.607843137254902,regular_glacier_ice
126,191,71,-18.03921568627451,deep_glacier_ice
126,192,76,-17.549019607843135,deep_glacier_ice
126,193,113,-13.92156862745098,regular_glacier_ice
126,194,66,-18.52941176470588,deep_glacier_ice
126,195,131,-12.15686274509804,clean_glacier_ice
126,196,68,-18.333333333333332,deep_glacier_ice
126,197,76,-17.549019607843135,deep_glacier_ice
126,198,105,-14.705882352941178,regular_glacier_ice
126,199,90,-16.176470588235293,regular_glacier_ice
126,200,104,-14.803921568627452,regular_glacier_ice
126,201,91,-16.07843137254902,regular_glacier_ice
126,202,115,-13.72549019607843,regular_glacier_ice
126,203,116,-13.627450980392156,regular_glacier_ice
126,204,112,-14.019607843137255,regular_glacier_ice
126,205,99,-15.294117647058822,regular_glacier_ice
126,206,100,-15.196078431372548,regular_glacier_ice
126,207,79,-17.254901960784313,deep_glacier_ice
126,208,114,-13.823529411764705,regular_glacier_ice
126,209,98,-15.392156862745097,regular_glacier_ice
126,210,79,-17.254901960784313,deep_glacier_ice
126,211,97,-15.490196078431373,regular_glacier_ice
126,212,78,-17.352941176470587,deep_glacier_ice
126,213,84,-16.764705882352942,deep_glacier_ice
126,214,106,-14.607843137254902,regular_glacier_ice
126,215,80,-17.15686274509804,deep_glacier_ice
126,216,78,-17.352941176470587,deep_glacier_ice
126,217,79,-17.254901960784313,deep_glacier_ice
126,218,128,-12.450980392156863,regular_glacier_ice
126,219,104,-14.803921568627452,regular_glacier_ice
126,220,78,-17.352941176470587,deep_glacier_ice
126,221,82,-16.96078431372549,deep_glacier_ice
126,222,104,-14.803921568627452,regular_glacier_ice
127,0,102,-15.0,regular_glacier_ice
127,1,127,-12.549019607843137,regular_glacier_ice
127,2,84,-16.764705882352942,deep_glacier_ice
127,3,80,-17.15686274509804,deep_glacier_ice
127,4,94,-15.784313725490195,regular_glacier_ice
127,5,105,-14.705882352941178,regular_glacier_ice
127,6,98,-15.392156862745097,regular_glacier_ice
127,7,87,-16.470588235294116,deep_glacier_ice
127,8,88,-16.372549019607845,regular_glacier_ice
127,9,45,-20.588235294117645,deep_glacier_ice
127,10,77,-17.450980392156865,deep_glacier_ice
127,11,77,-17.450980392156865,deep_glacier_ice
127,12,99,-15.294117647058822,regular_glacier_ice
127,13,77,-17.450980392156865,deep_glacier_ice
127,14,110,-14.215686274509803,regular_glacier_ice
127,15,92,-15.980392156862745,regular_glacier_ice
127,16,114,-13.823529411764705,regular_glacier_ice
127,17,112,-14.019607843137255,regular_glacier_ice
127,18,160,-9.313725490196079,clean_glacier_ice
127,19,189,-6.470588235294116,debris_rock
127,20,174,-7.9411764705882355,mixed_snow_ice
127,22,255,0.0,debris_rock
127,23,168,-8.529411764705884,mixed_snow_ice
127,24,152,-10.098039215686274,clean_glacier_ice
127,25,155,-9.803921568627452,clean_glacier_ice
127,26,75,-17.647058823529413,deep_glacier_ice
127,27,108,-14.411764705882353,regular_glacier_ice
127,28,118,-13.431372549019608,regular_glacier_ice
127,29,115,-13.72549019607843,regular_glacier_ice
127,30,138,-11.470588235294118,clean_glacier_ice
127,31,101,-15.098039215686274,regular_glacier_ice
127,32,134,-11.862745098039214,clean_glacier_ice
127,33,126,-12.647058823529411,regular_glacier_ice
127,34,131,-12.15686274509804,clean_glacier_ice
127,35,91,-16.07843137254902,regular_glacier_ice
127,38,255,0.0,debris_rock
127,39,182,-7.156862745098039,mixed_snow_ice
127,40,222,-3.235294117647058,debris_rock
127,41,222,-3.235294117647058,debris_rock
127,42,210,-4.411764705882355,debris_rock
127,43,192,-6.1764705882352935,debris_rock
127,44,200,-5.392156862745097,debris_rock
127,45,197,-5.686274509803919,debris_rock
127,46,216,-3.8235294117647065,debris_rock
127,47,204,-5.0,debris_rock
127,48,202,-5.196078431372548,debris_rock
127,49,205,-4.901960784313726,debris_rock
127,50,186,-6.764705882352942,debris_rock
127,51,179,-7.450980392156865,mixed_snow_ice
127,52,193,-6.078431372549019,debris_rock
127,53,228,-2.6470588235294095,debris_rock
127,54,181,-7.254901960784313,mixed_snow_ice
127,55,132,-12.058823529411763,clean_glacier_ice
127,56,170,-8.333333333333336,mixed_snow_ice
127,57,190,-6.372549019607842,debris_rock
127,58,140,-11.274509803921568,clean_glacier_ice
127,59,165,-8.823529411764707,clean_glacier_ice
127,60,242,-1.2745098039215712,debris_rock
127,61,255,0.0,debris_rock
127,62,210,-4.411764705882355,debris_rock
127,63,230,-2.450980392156861,debris_rock
127,64,200,-5.392156862745097,debris_rock
127,65,193,-6.078431372549019,debris_rock
127,66,190,-6.372549019607842,debris_rock
127,67,202,-5.196078431372548,debris_rock
127,68,232,-2.254901960784313,debris_rock
127,69,163,-9.019607843137257,clean_glacier_ice
127,70,122,-13.03921568627451,regular_glacier_ice
127,71,87,-16.470588235294116,deep_glacier_ice
127,72,100,-15.196078431372548,regular_glacier_ice
127,73,86,-16.568627450980394,deep_glacier_ice
127,74,48,-20.294117647058822,deep_glacier_ice
127,83,221,-3.333333333333332,debris_rock
127,84,94,-15.784313725490195,regular_glacier_ice
127,85,95,-15.686274509803921,regular_glacier_ice
127,86,114,-13.823529411764705,regular_glacier_ice
127,87,125,-12.745098039215687,regular_glacier_ice
127,88,131,-12.15686274509804,clean_glacier_ice
127,89,100,-15.196078431372548,regular_glacier_ice
127,90,142,-11.07843137254902,clean_glacier_ice
127,91,127,-12.549019607843137,regular_glacier_ice
127,94,148,-10.49019607843137,clean_glacier_ice
127,95,175,-7.843137254901961,mixed_snow_ice
127,96,165,-8.823529411764707,clean_glacier_ice
127,98,178,-7.549019607843139,mixed_snow_ice
127,99,183,-7.0588235294117645,mixed_snow_ice
127,100,203,-5.098039215686274,debris_rock
127,101,150,-10.294117647058822,clean_glacier_ice
127,102,52,-19.901960784313726,deep_glacier_ice
127,103,82,-16.96078431372549,deep_glacier_ice
127,104,144,-10.882352941176471,clean_glacier_ice
127,105,191,-6.274509803921568,debris_rock
127,106,167,-8.627450980392158,mixed_snow_ice
127,107,120,-13.23529411764706,regular_glacier_ice
127,108,176,-7.745098039215687,mixed_snow_ice
127,109,254,-0.09803921568627416,debris_rock
127,110,230,-2.450980392156861,debris_rock
127,111,174,-7.9411764705882355,mixed_snow_ice
127,112,231,-2.352941176470587,debris_rock
127,113,198,-5.588235294117645,debris_rock
127,114,180,-7.352941176470587,mixed_snow_ice
127,115,162,-9.11764705882353,clean_glacier_ice
127,116,119,-13.333333333333334,regular_glacier_ice
127,117,117,-13.529411764705882,regular_glacier_ice
127,118,141,-11.176470588235293,clean_glacier_ice
127,119,131,-12.15686274509804,clean_glacier_ice
127,120,155,-9.803921568627452,clean_glacier_ice
127,121,242,-1.2745098039215712,debris_rock
127,122,228,-2.6470588235294095,debris_rock
127,123,219,-3.529411764705884,debris_rock
127,124,232,-2.254901960784313,debris_rock
127,125,195,-5.882352941176471,debris_rock
127,126,134,-11.862745098039214,clean_glacier_ice
127,127,136,-11.666666666666666,clean_glacier_ice
127,128,139,-11.372549019607844,clean_glacier_ice
127,129,93,-15.882352941176471,regular_glacier_ice
127,130,83,-16.862745098039216,deep_glacier_ice
127,131,81,-17.058823529411764,deep_glacier_ice
127,132,62,-18.92156862745098,deep_glacier_ice
127,133,78,-17.352941176470587,deep_glacier_ice
127,134,87,-16.470588235294116,deep_glacier_ice
127,135,130,-12.254901960784315,clean_glacier_ice
127,136,81,-17.058823529411764,deep_glacier_ice
127,137,118,-13.431372549019608,regular_glacier_ice
127,138,68,-18.333333333333332,deep_glacier_ice
127,139,58,-19.313725490196077,deep_glacier_ice
127,140,95,-15.686274509803921,regular_glacier_ice
127,141,74,-17.745098039215684,deep_glacier_ice
127,142,95,-15.686274509803921,regular_glacier_ice
127,143,85,-16.666666666666668,deep_glacier_ice
127,144,109,-14.313725490196079,regular_glacier_ice
127,145,95,-15.686274509803921,regular_glacier_ice
127,146,124,-12.843137254901961,regular_glacier_ice
127,147,82,-16.96078431372549,deep_glacier_ice
127,148,70,-18.137254901960784,deep_glacier_ice
127,149,87,-16.470588235294116,deep_glacier_ice
127,150,103,-14.901960784313726,regular_glacier_ice
127,151,63,-18.823529411764707,deep_glacier_ice
127,152,92,-15.980392156862745,regular_glacier_ice
127,153,81,-17.058823529411764,deep_glacier_ice
127,154,66,-18.52941176470588,deep_glacier_ice
127,155,77,-17.450980392156865,deep_glacier_ice
127,156,104,-14.803921568627452,regular_glacier_ice
127,157,126,-12.647058823529411,regular_glacier_ice
127,158,69,-18.235294117647058,deep_glacier_ice
127,159,105,-14.705882352941178,regular_glacier_ice
127,160,88,-16.372549019607845,regular_glacier_ice
127,161,104,-14.803921568627452,regular_glacier_ice
127,162,82,-16.96078431372549,deep_glacier_ice
127,163,102,-15.0,regular_glacier_ice
127,164,114,-13.823529411764705,regular_glacier_ice
127,165,111,-14.117647058823529,regular_glacier_ice
127,166,99,-15.294117647058822,regular_glacier_ice
127,167,97,-15.490196078431373,regular_glacier_ice
127,168,95,-15.686274509803921,regular_glacier_ice
127,169,114,-13.823529411764705,regular_glacier_ice
127,170,133,-11.960784313725489,clean_glacier_ice
127,171,114,-13.823529411764705,regular_glacier_ice
127,172,108,-14.411764705882353,regular_glacier_ice
127,173,111,-14.117647058823529,regular_glacier_ice
127,174,80,-17.15686274509804,deep_glacier_ice
127,175,84,-16.764705882352942,deep_glacier_ice
127,176,53,-19.80392156862745,deep_glacier_ice
127,177,56,-19.509803921568626,deep_glacier_ice
127,178,64,-18.725490196078432,deep_glacier_ice
127,179,125,-12.745098039215687,regular_glacier_ice
127,180,84,-16.764705882352942,deep_glacier_ice
127,181,145,-10.784313725490197,clean_glacier_ice
127,182,156,-9.705882352941176,clean_glacier_ice
127,183,132,-12.058823529411763,clean_glacier_ice
127,184,141,-11.176470588235293,clean_glacier_ice
127,185,164,-8.92156862745098,clean_glacier_ice
127,186,254,-0.09803921568627416,debris_rock
127,187,253,-0.19607843137254832,debris_rock
127,188,168,-8.529411764705884,mixed_snow_ice
127,189,187,-6.666666666666668,debris_rock
127,190,201,-5.2941176470588225,debris_rock
127,191,88,-16.372549019607845,regular_glacier_ice
127,192,97,-15.490196078431373,regular_glacier_ice
127,193,126,-12.647058823529411,regular_glacier_ice
127,194,120,-13.23529411764706,regular_glacier_ice
127,195,111,-14.117647058823529,regular_glacier_ice
127,196,104,-14.803921568627452,regular_glacier_ice
127,197,135,-11.76470588235294,clean_glacier_ice
127,198,103,-14.901960784313726,regular_glacier_ice
127,199,122,-13.03921568627451,regular_glacier_ice
127,200,138,-11.470588235294118,clean_glacier_ice
127,201,124,-12.843137254901961,regular_glacier_ice
127,204,190,-6.372549019607842,debris_rock
127,205,208,-4.607843137254903,debris_rock
127,206,196,-5.784313725490193,debris_rock
127,207,211,-4.313725490196081,debris_rock
127,208,207,-4.7058823529411775,debris_rock
127,209,168,-8.529411764705884,mixed_snow_ice
127,210,175,-7.843137254901961,mixed_snow_ice
127,211,188,-6.56862745098039,debris_rock
127,212,198,-5.588235294117645,debris_rock
127,213,198,-5.588235294117645,debris_rock
127,214,196,-5.784313725490193,debris_rock
127,215,188,-6.56862745098039,debris_rock
127,216,218,-3.627450980392158,debris_rock
127,217,231,-2.352941176470587,debris_rock
127,218,215,-3.9215686274509807,debris_rock
127,219,141,-11.176470588235293,clean_glacier_ice
127,220,141,-11.176470588235293,clean_glacier_ice
127,221,161,-9.215686274509805,clean_glacier_ice
127,222,148,-10.49019607843137,clean_glacier_ice
128,0,104,-14.803921568627452,regular_glacier_ice
128,1,174,-7.9411764705882355,mixed_snow_ice
128,2,231,-2.352941176470587,debris_rock
128,3,196,-5.784313725490193,debris_rock
128,4,201,-5.2941176470588225,debris_rock
128,5,202,-5.196078431372548,debris_rock
128,6,190,-6.372549019607842,debris_rock
128,7,210,-4.411764705882355,debris_rock
128,8,205,-4.901960784313726,debris_rock
128,9,198,-5.588235294117645,debris_rock
128,10,191,-6.274509803921568,debris_rock
128,11,77,-17.450980392156865,deep_glacier_ice
128,12,69,-18.235294117647058,deep_glacier_ice
128,13,105,-14.705882352941178,regular_glacier_ice
128,14,113,-13.92156862745098,regular_glacier_ice
128,24,200,-5.392156862745097,debris_rock
128,25,147,-10.588235294117649,clean_glacier_ice
128,26,122,-13.03921568627451,regular_glacier_ice
128,27,93,-15.882352941176471,regular_glacier_ice
128,28,75,-17.647058823529413,deep_glacier_ice
128,29,90,-16.176470588235293,regular_glacier_ice
128,30,96,-15.588235294117647,regular_glacier_ice
128,31,70,-18.137254901960784,deep_glacier_ice
128,32,103,-14.901960784313726,regular_glacier_ice
128,36,186,-6.764705882352942,debris_rock
128,37,89,-16.274509803921568,regular_glacier_ice
128,41,209,-4.509803921568629,debris_rock
128,42,142,-11.07843137254902,clean_glacier_ice
128,43,77,-17.450980392156865,deep_glacier_ice
128,44,43,-20.784313725490197,very_deep_glacier_ice
128,45,64,-18.725490196078432,deep_glacier_ice
128,46,131,-12.15686274509804,clean_glacier_ice
128,47,209,-4.509803921568629,debris_rock
128,48,191,-6.274509803921568,debris_rock
128,49,135,-11.76470588235294,clean_glacier_ice
128,50,210,-4.411764705882355,debris_rock
128,51,255,0.0,debris_rock
128,52,196,-5.784313725490193,debris_rock
128,53,148,-10.49019607843137,clean_glacier_ice
128,54,206,-4.803921568627452,debris_rock
128,55,186,-6.764705882352942,debris_rock
128,56,176,-7.745098039215687,mixed_snow_ice
128,57,179,-7.450980392156865,mixed_snow_ice
128,58,184,-6.96078431372549,mixed_snow_ice
128,59,155,-9.803921568627452,clean_glacier_ice
128,60,127,-12.549019607843137,regular_glacier_ice
128,61,167,-8.627450980392158,mixed_snow_ice
128,62,216,-3.8235294117647065,debris_rock
128,63,180,-7.352941176470587,mixed_snow_ice
128,64,202,-5.196078431372548,debris_rock
128,65,214,-4.019607843137255,debris_rock
128,66,207,-4.7058823529411775,debris_rock
128,67,152,-10.098039215686274,clean_glacier_ice
128,68,95,-15.686274509803921,regular_glacier_ice
128,69,117,-13.529411764705882,regular_glacier_ice
128,70,113,-13.92156862745098,regular_glacier_ice
128,71,88,-16.372549019607845,regular_glacier_ice
128,72,109,-14.313725490196079,regular_glacier_ice
128,73,117,-13.529411764705882,regular_glacier_ice
128,74,99,-15.294117647058822,regular_glacier_ice
128,75,96,-15.588235294117647,regular_glacier_ice
128,76,108,-14.411764705882353,regular_glacier_ice
128,77,103,-14.901960784313726,regular_glacier_ice
128,78,122,-13.03921568627451,regular_glacier_ice
128,79,102,-15.0,regular_glacier_ice
128,80,68,-18.333333333333332,deep_glacier_ice
128,81,45,-20.588235294117645,deep_glacier_ice
128,82,62,-18.92156862745098,deep_glacier_ice
128,83,85,-16.666666666666668,deep_glacier_ice
128,84,109,-14.313725490196079,regular_glacier_ice
128,85,53,-19.80392156862745,deep_glacier_ice
128,86,75,-17.647058823529413,deep_glacier_ice
128,87,91,-16.07843137254902,regular_glacier_ice
128,88,82,-16.96078431372549,deep_glacier_ice
128,89,79,-17.254901960784313,deep_glacier_ice
128,90,90,-16.176470588235293,regular_glacier_ice
128,91,99,-15.294117647058822,regular_glacier_ice
128,92,77,-17.450980392156865,deep_glacier_ice
128,93,69,-18.235294117647058,deep_glacier_ice
128,94,66,-18.52941176470588,deep_glacier_ice
128,95,79,-17.254901960784313,deep_glacier_ice
128,96,70,-18.137254901960784,deep_glacier_ice
128,97,69,-18.235294117647058,deep_glacier_ice
128,98,65,-18.627450980392158,deep_glacier_ice
128,99,113,-13.92156862745098,regular_glacier_ice
128,100,78,-17.352941176470587,deep_glacier_ice
128,101,99,-15.294117647058822,regular_glacier_ice
128,102,118,-13.431372549019608,regular_glacier_ice
128,103,107,-14.509803921568627,regular_glacier_ice
128,104,81,-17.058823529411764,deep_glacier_ice
128,105,119,-13.333333333333334,regular_glacier_ice
128,106,94,-15.784313725490195,regular_glacier_ice
128,107,76,-17.549019607843135,deep_glacier_ice
128,108,108,-14.411764705882353,regular_glacier_ice
128,109,105,-14.705882352941178,regular_glacier_ice
128,110,95,-15.686274509803921,regular_glacier_ice
128,111,83,-16.862745098039216,deep_glacier_ice
128,112,109,-14.313725490196079,regular_glacier_ice
128,113,94,-15.784313725490195,regular_glacier_ice
128,114,96,-15.588235294117647,regular_glacier_ice
128,115,101,-15.098039215686274,regular_glacier_ice
128,116,100,-15.196078431372548,regular_glacier_ice
128,117,75,-17.647058823529413,deep_glacier_ice
128,118,83,-16.862745098039216,deep_glacier_ice
128,119,72,-17.941176470588236,deep_glacier_ice
128,120,94,-15.784313725490195,regular_glacier_ice
128,121,111,-14.117647058823529,regular_glacier_ice
128,122,102,-15.0,regular_glacier_ice
128,123,138,-11.470588235294118,clean_glacier_ice
128,124,179,-7.450980392156865,mixed_snow_ice
128,125,127,-12.549019607843137,regular_glacier_ice
128,126,114,-13.823529411764705,regular_glacier_ice
128,127,155,-9.803921568627452,clean_glacier_ice
128,128,191,-6.274509803921568,debris_rock
128,129,208,-4.607843137254903,debris_rock
128,130,153,-10.0,clean_glacier_ice
128,131,213,-4.117647058823529,debris_rock
128,132,209,-4.509803921568629,debris_rock
128,133,167,-8.627450980392158,mixed_snow_ice
128,134,124,-12.843137254901961,regular_glacier_ice
128,135,159,-9.411764705882353,clean_glacier_ice
128,136,178,-7.549019607843139,mixed_snow_ice
128,137,156,-9.705882352941176,clean_glacier_ice
128,138,119,-13.333333333333334,regular_glacier_ice
128,139,152,-10.098039215686274,clean_glacier_ice
128,140,115,-13.72549019607843,regular_glacier_ice
128,141,137,-11.568627450980392,clean_glacier_ice
128,142,139,-11.372549019607844,clean_glacier_ice
128,143,114,-13.823529411764705,regular_glacier_ice
128,144,155,-9.803921568627452,clean_glacier_ice
128,146,235,-1.9607843137254903,debris_rock
128,147,140,-11.274509803921568,clean_glacier_ice
128,148,175,-7.843137254901961,mixed_snow_ice
128,149,183,-7.0588235294117645,mixed_snow_ice
128,150,177,-7.647058823529413,mixed_snow_ice
128,151,190,-6.372549019607842,debris_rock
128,152,201,-5.2941176470588225,debris_rock
128,153,206,-4.803921568627452,debris_rock
128,154,177,-7.647058823529413,mixed_snow_ice
128,155,154,-9.901960784313726,clean_glacier_ice
128,156,169,-8.43137254901961,mixed_snow_ice
128,157,155,-9.803921568627452,clean_glacier_ice
128,158,203,-5.098039215686274,debris_rock
128,159,163,-9.019607843137257,clean_glacier_ice
128,160,130,-12.254901960784315,clean_glacier_ice
128,161,117,-13.529411764705882,regular_glacier_ice
128,162,123,-12.941176470588236,regular_glacier_ice
128,163,83,-16.862745098039216,deep_glacier_ice
128,164,99,-15.294117647058822,regular_glacier_ice
128,165,96,-15.588235294117647,regular_glacier_ice
128,166,161,-9.215686274509805,clean_glacier_ice
128,167,193,-6.078431372549019,debris_rock
128,168,189,-6.470588235294116,debris_rock
128,169,177,-7.647058823529413,mixed_snow_ice
128,170,169,-8.43137254901961,mixed_snow_ice
128,171,219,-3.529411764705884,debris_rock
128,172,171,-8.235294117647062,mixed_snow_ice
128,173,126,-12.647058823529411,regular_glacier_ice
128,174,147,-10.588235294117649,clean_glacier_ice
128,175,141,-11.176470588235293,clean_glacier_ice
128,176,84,-16.764705882352942,deep_glacier_ice
128,177,188,-6.56862745098039,debris_rock
128,178,152,-10.098039215686274,clean_glacier_ice
128,188,226,-2.8431372549019613,debris_rock
128,189,218,-3.627450980392158,debris_rock
128,190,142,-11.07843137254902,clean_glacier_ice
128,191,116,-13.627450980392156,regular_glacier_ice
128,192,94,-15.784313725490195,regular_glacier_ice
128,193,72,-17.941176470588236,deep_glacier_ice
128,194,92,-15.980392156862745,regular_glacier_ice
128,195,72,-17.941176470588236,deep_glacier_ice
128,201,164,-8.92156862745098,clean_glacier_ice
128,202,72,-17.941176470588236,deep_glacier_ice
128,206,193,-6.078431372549019,debris_rock
128,207,129,-12.352941176470589,regular_glacier_ice
128,208,71,-18.03921568627451,deep_glacier_ice
128,210,52,-19.901960784313726,deep_glacier_ice
128,211,112,-14.019607843137255,regular_glacier_ice
128,212,181,-7.254901960784313,mixed_snow_ice
128,213,212,-4.215686274509803,debris_rock
128,214,133,-11.960784313725489,clean_glacier_ice
128,215,231,-2.352941176470587,debris_rock
128,216,255,0.0,debris_rock
128,217,204,-5.0,debris_rock
128,218,182,-7.156862745098039,mixed_snow_ice
128,219,189,-6.470588235294116,debris_rock
128,220,162,-9.11764705882353,clean_glacier_ice
128,221,173,-8.03921568627451,mixed_snow_ice
128,222,176,-7.745098039215687,mixed_snow_ice
129,0,195,-5.882352941176471,debris_rock
129,1,167,-8.627450980392158,mixed_snow_ice
129,2,167,-8.627450980392158,mixed_snow_ice
129,3,255,0.0,debris_rock
129,4,255,0.0,debris_rock
129,5,230,-2.450980392156861,debris_rock
129,6,194,-5.980392156862745,debris_rock
129,7,141,-11.176470588235293,clean_glacier_ice
129,8,151,-10.196078431372548,clean_glacier_ice
129,9,109,-14.313725490196079,regular_glacier_ice
129,10,105,-14.705882352941178,regular_glacier_ice
129,11,100,-15.196078431372548,regular_glacier_ice
129,12,74,-17.745098039215684,deep_glacier_ice
129,13,82,-16.96078431372549,deep_glacier_ice
129,14,115,-13.72549019607843,regular_glacier_ice
129,15,117,-13.529411764705882,regular_glacier_ice
129,16,105,-14.705882352941178,regular_glacier_ice
129,17,123,-12.941176470588236,regular_glacier_ice
129,18,93,-15.882352941176471,regular_glacier_ice
129,19,140,-11.274509803921568,clean_glacier_ice
129,20,152,-10.098039215686274,clean_glacier_ice
129,21,115,-13.72549019607843,regular_glacier_ice
129,22,31,-21.96078431372549,very_deep_glacier_ice
129,23,39,-21.176470588235293,very_deep_glacier_ice
129,24,64,-18.725490196078432,deep_glacier_ice
129,25,51,-20.0,deep_glacier_ice
129,26,68,-18.333333333333332,deep_glacier_ice
129,27,44,-20.686274509803923,deep_glacier_ice
129,28,68,-18.333333333333332,deep_glacier_ice
129,29,80,-17.15686274509804,deep_glacier_ice
129,30,79,-17.254901960784313,deep_glacier_ice
129,31,116,-13.627450980392156,regular_glacier_ice
129,32,77,-17.450980392156865,deep_glacier_ice
129,33,97,-15.490196078431373,regular_glacier_ice
129,34,84,-16.764705882352942,deep_glacier_ice
129,35,93,-15.882352941176471,regular_glacier_ice
129,36,77,-17.450980392156865,deep_glacier_ice
129,37,89,-16.274509803921568,regular_glacier_ice
129,38,74,-17.745098039215684,deep_glacier_ice
129,39,83,-16.862745098039216,deep_glacier_ice
129,40,91,-16.07843137254902,regular_glacier_ice
129,41,115,-13.72549019607843,regular_glacier_ice
129,42,106,-14.607843137254902,regular_glacier_ice
129,43,100,-15.196078431372548,regular_glacier_ice
129,44,82,-16.96078431372549,deep_glacier_ice
129,45,95,-15.686274509803921,regular_glacier_ice
129,46,106,-14.607843137254902,regular_glacier_ice
129,47,108,-14.411764705882353,regular_glacier_ice
129,48,74,-17.745098039215684,deep_glacier_ice
129,49,85,-16.666666666666668,deep_glacier_ice
129,50,71,-18.03921568627451,deep_glacier_ice
129,51,85,-16.666666666666668,deep_glacier_ice
129,52,77,-17.450980392156865,deep_glacier_ice
129,53,57,-19.41176470588235,deep_glacier_ice
129,54,109,-14.313725490196079,regular_glacier_ice
129,55,91,-16.07843137254902,regular_glacier_ice
129,56,105,-14.705882352941178,regular_glacier_ice
129,57,72,-17.941176470588236,deep_glacier_ice
129,58,101,-15.098039215686274,regular_glacier_ice
129,59,106,-14.607843137254902,regular_glacier_ice
129,60,75,-17.647058823529413,deep_glacier_ice
129,61,88,-16.372549019607845,regular_glacier_ice
129,62,102,-15.0,regular_glacier_ice
129,63,105,-14.705882352941178,regular_glacier_ice
129,64,129,-12.352941176470589,regular_glacier_ice
129,65,135,-11.76470588235294,clean_glacier_ice
129,66,150,-10.294117647058822,clean_glacier_ice
129,67,107,-14.509803921568627,regular_glacier_ice
129,68,107,-14.509803921568627,regular_glacier_ice
129,69,152,-10.098039215686274,clean_glacier_ice
129,70,188,-6.56862745098039,debris_rock
129,71,211,-4.313725490196081,debris_rock
129,72,176,-7.745098039215687,mixed_snow_ice
129,73,180,-7.352941176470587,mixed_snow_ice
129,74,192,-6.1764705882352935,debris_rock
129,75,192,-6.1764705882352935,debris_rock
129,76,168,-8.529411764705884,mixed_snow_ice
129,77,183,-7.0588235294117645,mixed_snow_ice
129,78,201,-5.2941176470588225,debris_rock
129,79,155,-9.803921568627452,clean_glacier_ice
129,80,151,-10.196078431372548,clean_glacier_ice
129,81,152,-10.098039215686274,clean_glacier_ice
129,82,106,-14.607843137254902,regular_glacier_ice
129,83,143,-10.980392156862745,clean_glacier_ice
129,84,166,-8.725490196078432,mixed_snow_ice
129,85,141,-11.176470588235293,clean_glacier_ice
129,86,155,-9.803921568627452,clean_glacier_ice
129,87,179,-7.450980392156865,mixed_snow_ice
129,88,221,-3.333333333333332,debris_rock
129,89,143,-10.980392156862745,clean_glacier_ice
129,90,131,-12.15686274509804,clean_glacier_ice
129,91,92,-15.980392156862745,regular_glacier_ice
129,92,194,-5.980392156862745,debris_rock
129,93,241,-1.3725490196078454,debris_rock
129,94,225,-2.9411764705882355,debris_rock
129,95,192,-6.1764705882352935,debris_rock
129,96,193,-6.078431372549019,debris_rock
129,97,153,-10.0,clean_glacier_ice
129,98,196,-5.784313725490193,debris_rock
129,99,219,-3.529411764705884,debris_rock
129,100,227,-2.745098039215687,debris_rock
129,101,183,-7.0588235294117645,mixed_snow_ice
129,102,146,-10.686274509803923,clean_glacier_ice
129,103,92,-15.980392156862745,regular_glacier_ice
129,104,88,-16.372549019607845,regular_glacier_ice
129,105,88,-16.372549019607845,regular_glacier_ice
129,106,87,-16.470588235294116,deep_glacier_ice
129,107,71,-18.03921568627451,deep_glacier_ice
129,108,111,-14.117647058823529,regular_glacier_ice
129,109,164,-8.92156862745098,clean_glacier_ice
129,110,219,-3.529411764705884,debris_rock
129,111,200,-5.392156862745097,debris_rock
129,112,209,-4.509803921568629,debris_rock
129,113,183,-7.0588235294117645,mixed_snow_ice
129,114,107,-14.509803921568627,regular_glacier_ice
129,115,86,-16.568627450980394,deep_glacier_ice
129,116,40,-21.07843137254902,very_deep_glacier_ice
129,120,157,-9.607843137254902,clean_glacier_ice
129,130,248,-0.6862745098039227,debris_rock
129,131,162,-9.11764705882353,clean_glacier_ice
129,132,115,-13.72549019607843,regular_glacier_ice
129,133,69,-18.235294117647058,deep_glacier_ice
129,134,91,-16.07843137254902,regular_glacier_ice
129,135,75,-17.647058823529413,deep_glacier_ice
129,136,49,-20.19607843137255,deep_glacier_ice
129,141,173,-8.03921568627451,mixed_snow_ice
129,142,168,-8.529411764705884,mixed_snow_ice
129,143,152,-10.098039215686274,clean_glacier_ice
129,144,114,-13.823529411764705,regular_glacier_ice
129,148,134,-11.862745098039214,clean_glacier_ice
129,149,119,-13.333333333333334,regular_glacier_ice
129,150,84,-16.764705882352942,deep_glacier_ice
129,151,64,-18.725490196078432,deep_glacier_ice
129,152,61,-19.019607843137255,deep_glacier_ice
129,153,82,-16.96078431372549,deep_glacier_ice
129,154,243,-1.176470588235297,debris_rock
129,155,240,-1.4705882352941195,debris_rock
129,156,193,-6.078431372549019,debris_rock
129,157,233,-2.1568627450980387,debris_rock
129,158,227,-2.745098039215687,debris_rock
129,159,239,-1.5686274509803937,debris_rock
129,160,179,-7.450980392156865,mixed_snow_ice
129,161,138,-11.470588235294118,clean_glacier_ice
129,162,171,-8.235294117647062,mixed_snow_ice
129,163,133,-11.960784313725489,clean_glacier_ice
129,164,141,-11.176470588235293,clean_glacier_ice
129,165,193,-6.078431372549019,debris_rock
129,166,215,-3.9215686274509807,debris_rock
129,167,181,-7.254901960784313,mixed_snow_ice
129,168,170,-8.333333333333336,mixed_snow_ice
129,169,192,-6.1764705882352935,debris_rock
129,170,194,-5.980392156862745,debris_rock
129,171,173,-8.03921568627451,mixed_snow_ice
129,172,125,-12.745098039215687,regular_glacier_ice
129,173,119,-13.333333333333334,regular_glacier_ice
129,174,99,-15.294117647058822,regular_glacier_ice
129,175,108,-14.411764705882353,regular_glacier_ice
129,176,108,-14.411764705882353,regular_glacier_ice
129,177,106,-14.607843137254902,regular_glacier_ice
129,178,92,-15.980392156862745,regular_glacier_ice
129,179,114,-13.823529411764705,regular_glacier_ice
129,180,110,-14.215686274509803,regular_glacier_ice
129,181,90,-16.176470588235293,regular_glacier_ice
129,182,98,-15.392156862745097,regular_glacier_ice
129,183,113,-13.92156862745098,regular_glacier_ice
129,184,134,-11.862745098039214,clean_glacier_ice
129,185,127,-12.549019607843137,regular_glacier_ice
129,186,72,-17.941176470588236,deep_glacier_ice
129,187,72,-17.941176470588236,deep_glacier_ice
129,188,43,-20.784313725490197,very_deep_glacier_ice
129,189,49,-20.19607843137255,deep_glacier_ice
129,190,61,-19.019607843137255,deep_glacier_ice
129,191,68,-18.333333333333332,deep_glacier_ice
129,192,44,-20.686274509803923,deep_glacier_ice
129,193,72,-17.941176470588236,deep_glacier_ice
129,194,59,-19.215686274509803,deep_glacier_ice
129,195,80,-17.15686274509804,deep_glacier_ice
129,196,89,-16.274509803921568,regular_glacier_ice
129,197,93,-15.882352941176471,regular_glacier_ice
129,198,81,-17.058823529411764,deep_glacier_ice
129,199,111,-14.117647058823529,regular_glacier_ice
129,200,96,-15.588235294117647,regular_glacier_ice
129,201,81,-17.058823529411764,deep_glacier_ice
129,202,81,-17.058823529411764,deep_glacier_ice
129,203,73,-17.84313725490196,deep_glacier_ice
129,204,89,-16.274509803921568,regular_glacier_ice
129,205,87,-16.470588235294116,deep_glacier_ice
129,206,81,-17.058823529411764,deep_glacier_ice
129,207,84,-16.764705882352942,deep_glacier_ice
129,208,89,-16.274509803921568,regular_glacier_ice
129,209,104,-14.803921568627452,regular_glacier_ice
129,210,103,-14.901960784313726,regular_glacier_ice
129,211,82,-16.96078431372549,deep_glacier_ice
129,212,92,-15.980392156862745,regular_glacier_ice
129,213,93,-15.882352941176471,regular_glacier_ice
129,214,105,-14.705882352941178,regular_glacier_ice
129,215,90,-16.176470588235293,regular_glacier_ice
129,216,76,-17.549019607843135,deep_glacier_ice
129,217,82,-16.96078431372549,deep_glacier_ice
129,218,65,-18.627450980392158,deep_glacier_ice
129,219,112,-14.019607843137255,regular_glacier_ice
129,220,95,-15.686274509803921,regular_glacier_ice
129,221,101,-15.098039215686274,regular_glacier_ice
129,222,80,-17.15686274509804,deep_glacier_ice
130,0,77,-17.450980392156865,deep_glacier_ice
130,1,85,-16.666666666666668,deep_glacier_ice
130,2,70,-18.137254901960784,deep_glacier_ice
130,3,98,-15.392156862745097,regular_glacier_ice
130,4,103,-14.901960784313726,regular_glacier_ice
130,5,117,-13.529411764705882,regular_glacier_ice
130,6,148,-10.49019607843137,clean_glacier_ice
130,7,119,-13.333333333333334,regular_glacier_ice
130,8,136,-11.666666666666666,clean_glacier_ice
130,9,136,-11.666666666666666,clean_glacier_ice
130,10,130,-12.254901960784315,clean_glacier_ice
130,11,184,-6.96078431372549,mixed_snow_ice
130,12,193,-6.078431372549019,debris_rock
130,13,198,-5.588235294117645,debris_rock
130,14,194,-5.980392156862745,debris_rock
130,15,198,-5.588235294117645,debris_rock
130,16,199,-5.490196078431371,debris_rock
130,17,172,-8.137254901960784,mixed_snow_ice
130,18,193,-6.078431372549019,debris_rock
130,19,170,-8.333333333333336,mixed_snow_ice
130,20,184,-6.96078431372549,mixed_snow_ice
130,21,153,-10.0,clean_glacier_ice
130,22,150,-10.294117647058822,clean_glacier_ice
130,23,167,-8.627450980392158,mixed_snow_ice
130,24,172,-8.137254901960784,mixed_snow_ice
130,25,197,-5.686274509803919,debris_rock
130,26,195,-5.882352941176471,debris_rock
130,27,142,-11.07843137254902,clean_glacier_ice
130,28,145,-10.784313725490197,clean_glacier_ice
130,29,149,-10.392156862745097,clean_glacier_ice
130,30,149,-10.392156862745097,clean_glacier_ice
130,31,133,-11.960784313725489,clean_glacier_ice
130,32,131,-12.15686274509804,clean_glacier_ice
130,33,82,-16.96078431372549,deep_glacier_ice
130,34,104,-14.803921568627452,regular_glacier_ice
130,35,194,-5.980392156862745,debris_rock
130,36,246,-0.882352941176471,debris_rock
130,37,255,0.0,debris_rock
130,38,238,-1.6666666666666679,debris_rock
130,39,201,-5.2941176470588225,debris_rock
130,40,223,-3.137254901960784,debris_rock
130,41,217,-3.7254901960784323,debris_rock
130,42,183,-7.0588235294117645,mixed_snow_ice
130,43,157,-9.607843137254902,clean_glacier_ice
130,44,126,-12.647058823529411,regular_glacier_ice
130,45,101,-15.098039215686274,regular_glacier_ice
130,46,84,-16.764705882352942,deep_glacier_ice
130,47,67,-18.431372549019606,deep_glacier_ice
130,48,89,-16.274509803921568,regular_glacier_ice
130,49,112,-14.019607843137255,regular_glacier_ice
130,50,80,-17.15686274509804,deep_glacier_ice
130,51,180,-7.352941176470587,mixed_snow_ice
130,52,247,-0.7843137254901968,debris_rock
130,53,212,-4.215686274509803,debris_rock
130,54,201,-5.2941176470588225,debris_rock
130,55,190,-6.372549019607842,debris_rock
130,56,103,-14.901960784313726,regular_glacier_ice
130,57,61,-19.019607843137255,deep_glacier_ice
130,62,216,-3.8235294117647065,debris_rock
130,71,255,0.0,debris_rock
130,72,185,-6.862745098039216,mixed_snow_ice
130,73,158,-9.509803921568627,clean_glacier_ice
130,74,81,-17.058823529411764,deep_glacier_ice
130,75,82,-16.96078431372549,deep_glacier_ice
130,76,108,-14.411764705882353,regular_glacier_ice
130,77,107,-14.509803921568627,regular_glacier_ice
130,78,102,-15.0,regular_glacier_ice
130,82,165,-8.823529411764707,clean_glacier_ice
130,83,192,-6.1764705882352935,debris_rock
130,84,149,-10.392156862745097,clean_glacier_ice
130,85,151,-10.196078431372548,clean_glacier_ice
130,90,117,-13.529411764705882,regular_glacier_ice
130,91,126,-12.647058823529411,regular_glacier_ice
130,92,118,-13.431372549019608,regular_glacier_ice
130,93,92,-15.980392156862745,regular_glacier_ice
130,94,51,-20.0,deep_glacier_ice
130,95,97,-15.490196078431373,regular_glacier_ice
130,96,255,0.0,debris_rock
130,97,208,-4.607843137254903,debris_rock
130,98,229,-2.5490196078431353,debris_rock
130,99,215,-3.9215686274509807,debris_rock
130,100,227,-2.745098039215687,debris_rock
130,101,214,-4.019607843137255,debris_rock
130,102,154,-9.901960784313726,clean_glacier_ice
130,103,131,-12.15686274509804,clean_glacier_ice
130,104,155,-9.803921568627452,clean_glacier_ice
130,105,159,-9.411764705882353,clean_glacier_ice
130,106,85,-16.666666666666668,deep_glacier_ice
130,107,168,-8.529411764705884,mixed_snow_ice
130,108,230,-2.450980392156861,debris_rock
130,109,229,-2.5490196078431353,debris_rock
130,110,199,-5.490196078431371,debris_rock
130,111,199,-5.490196078431371,debris_rock
130,112,147,-10.588235294117649,clean_glacier_ice
130,113,98,-15.392156862745097,regular_glacier_ice
130,114,100,-15.196078431372548,regular_glacier_ice
130,115,96,-15.588235294117647,regular_glacier_ice
130,116,75,-17.647058823529413,deep_glacier_ice
130,117,88,-16.372549019607845,regular_glacier_ice
130,118,108,-14.411764705882353,regular_glacier_ice
130,119,119,-13.333333333333334,regular_glacier_ice
130,120,97,-15.490196078431373,regular_glacier_ice
130,121,71,-18.03921568627451,deep_glacier_ice
130,122,90,-16.176470588235293,regular_glacier_ice
130,123,83,-16.862745098039216,deep_glacier_ice
130,124,95,-15.686274509803921,regular_glacier_ice
130,125,80,-17.15686274509804,deep_glacier_ice
130,126,73,-17.84313725490196,deep_glacier_ice
130,127,85,-16.666666666666668,deep_glacier_ice
130,128,105,-14.705882352941178,regular_glacier_ice
130,129,78,-17.352941176470587,deep_glacier_ice
130,130,64,-18.725490196078432,deep_glacier_ice
130,131,48,-20.294117647058822,deep_glacier_ice
130,132,48,-20.294117647058822,deep_glacier_ice
130,133,56,-19.509803921568626,deep_glacier_ice
130,134,37,-21.372549019607842,very_deep_glacier_ice
130,135,52,-19.901960784313726,deep_glacier_ice
130,136,67,-18.431372549019606,deep_glacier_ice
130,137,60,-19.11764705882353,deep_glacier_ice
130,138,101,-15.098039215686274,regular_glacier_ice
130,139,92,-15.980392156862745,regular_glacier_ice
130,140,93,-15.882352941176471,regular_glacier_ice
130,141,98,-15.392156862745097,regular_glacier_ice
130,142,46,-20.490196078431374,deep_glacier_ice
130,143,60,-19.11764705882353,deep_glacier_ice
130,144,85,-16.666666666666668,deep_glacier_ice
130,145,81,-17.058823529411764,deep_glacier_ice
130,146,77,-17.450980392156865,deep_glacier_ice
130,147,73,-17.84313725490196,deep_glacier_ice
130,148,61,-19.019607843137255,deep_glacier_ice
130,149,100,-15.196078431372548,regular_glacier_ice
130,150,80,-17.15686274509804,deep_glacier_ice
130,151,89,-16.274509803921568,regular_glacier_ice
130,152,102,-15.0,regular_glacier_ice
130,153,86,-16.568627450980394,deep_glacier_ice
130,154,90,-16.176470588235293,regular_glacier_ice
130,155,88,-16.372549019607845,regular_glacier_ice
130,156,77,-17.450980392156865,deep_glacier_ice
130,157,74,-17.745098039215684,deep_glacier_ice
130,158,92,-15.980392156862745,regular_glacier_ice
130,159,76,-17.549019607843135,deep_glacier_ice
130,160,68,-18.333333333333332,deep_glacier_ice
130,161,117,-13.529411764705882,regular_glacier_ice
130,162,110,-14.215686274509803,regular_glacier_ice
130,163,108,-14.411764705882353,regular_glacier_ice
130,164,76,-17.549019607843135,deep_glacier_ice
130,165,75,-17.647058823529413,deep_glacier_ice
130,166,71,-18.03921568627451,deep_glacier_ice
130,167,78,-17.352941176470587,deep_glacier_ice
130,168,120,-13.23529411764706,regular_glacier_ice
130,169,99,-15.294117647058822,regular_glacier_ice
130,170,106,-14.607843137254902,regular_glacier_ice
130,171,103,-14.901960784313726,regular_glacier_ice
130,172,125,-12.745098039215687,regular_glacier_ice
130,173,145,-10.784313725490197,clean_glacier_ice
130,174,126,-12.647058823529411,regular_glacier_ice
130,175,172,-8.137254901960784,mixed_snow_ice
130,176,180,-7.352941176470587,mixed_snow_ice
130,177,162,-9.11764705882353,clean_glacier_ice
130,178,195,-5.882352941176471,debris_rock
130,179,236,-1.8627450980392162,debris_rock
130,180,211,-4.313725490196081,debris_rock
130,181,213,-4.117647058823529,debris_rock
130,182,191,-6.274509803921568,debris_rock
130,183,213,-4.117647058823529,debris_rock
130,184,184,-6.96078431372549,mixed_snow_ice
130,185,177,-7.647058823529413,mixed_snow_ice
130,186,142,-11.07843137254902,clean_glacier_ice
130,187,176,-7.745098039215687,mixed_snow_ice
130,188,152,-10.098039215686274,clean_glacier_ice
130,189,240,-1.4705882352941195,debris_rock
130,192,178,-7.549019607843139,mixed_snow_ice
130,193,222,-3.235294117647058,debris_rock
130,194,120,-13.23529411764706,regular_glacier_ice
130,195,98,-15.392156862745097,regular_glacier_ice
130,196,155,-9.803921568627452,clean_glacier_ice
130,197,209,-4.509803921568629,debris_rock
130,198,116,-13.627450980392156,regular_glacier_ice
130,199,108,-14.411764705882353,regular_glacier_ice
130,200,138,-11.470588235294118,clean_glacier_ice
130,201,216,-3.8235294117647065,debris_rock
130,202,255,0.0,debris_rock
130,203,255,0.0,debris_rock
130,204,196,-5.784313725490193,debris_rock
130,205,180,-7.352941176470587,mixed_snow_ice
130,206,241,-1.3725490196078454,debris_rock
130,207,166,-8.725490196078432,mixed_snow_ice
130,208,196,-5.784313725490193,debris_rock
130,209,150,-10.294117647058822,clean_glacier_ice
130,210,130,-12.254901960784315,clean_glacier_ice
130,211,136,-11.666666666666666,clean_glacier_ice
130,212,142,-11.07843137254902,clean_glacier_ice
130,213,129,-12.352941176470589,regular_glacier_ice
130,214,98,-15.392156862745097,regular_glacier_ice
130,215,135,-11.76470588235294,clean_glacier_ice
130,216,155,-9.803921568627452,clean_glacier_ice
130,217,179,-7.450980392156865,mixed_snow_ice
130,218,79,-17.254901960784313,deep_glacier_ice
130,219,236,-1.8627450980392162,debris_rock
130,220,206,-4.803921568627452,debris_rock
130,221,65,-18.627450980392158,deep_glacier_ice
130,222,51,-20.0,deep_glacier_ice
131,4,145,-10.784313725490197,clean_glacier_ice
131,5,80,-17.15686274509804,deep_glacier_ice
131,13,183,-7.0588235294117645,mixed_snow_ice
131,14,179,-7.450980392156865,mixed_snow_ice
131,15,158,-9.509803921568627,clean_glacier_ice
131,16,85,-16.666666666666668,deep_glacier_ice
131,17,146,-10.686274509803923,clean_glacier_ice
131,18,128,-12.450980392156863,regular_glacier_ice
131,19,111,-14.117647058823529,regular_glacier_ice
131,20,112,-14.019607843137255,regular_glacier_ice
131,21,141,-11.176470588235293,clean_glacier_ice
131,22,196,-5.784313725490193,debris_rock
131,23,220,-3.4313725490196063,debris_rock
131,24,146,-10.686274509803923,clean_glacier_ice
131,25,184,-6.96078431372549,mixed_snow_ice
131,26,149,-10.392156862745097,clean_glacier_ice
131,27,173,-8.03921568627451,mixed_snow_ice
131,32,132,-12.058823529411763,clean_glacier_ice
131,33,111,-14.117647058823529,regular_glacier_ice
131,34,111,-14.117647058823529,regular_glacier_ice
131,35,89,-16.274509803921568,regular_glacier_ice
131,36,26,-22.450980392156865,very_deep_glacier_ice
131,37,131,-12.15686274509804,clean_glacier_ice
131,38,242,-1.2745098039215712,debris_rock
131,39,166,-8.725490196078432,mixed_snow_ice
131,40,201,-5.2941176470588225,debris_rock
131,41,224,-3.0392156862745097,debris_rock
131,42,176,-7.745098039215687,mixed_snow_ice
131,43,178,-7.549019607843139,mixed_snow_ice
131,44,185,-6.862745098039216,mixed_snow_ice
131,45,198,-5.588235294117645,debris_rock
131,46,201,-5.2941176470588225,debris_rock
131,47,221,-3.333333333333332,debris_rock
131,48,192,-6.1764705882352935,debris_rock
131,49,205,-4.901960784313726,debris_rock
131,50,192,-6.1764705882352935,debris_rock
131,51,255,0.0,debris_rock
131,52,196,-5.784313725490193,debris_rock
131,53,117,-13.529411764705882,regular_glacier_ice
131,54,117,-13.529411764705882,regular_glacier_ice
131,55,72,-17.941176470588236,deep_glacier_ice
131,56,79,-17.254901960784313,deep_glacier_ice
131,57,85,-16.666666666666668,deep_glacier_ice
131,58,65,-18.627450980392158,deep_glacier_ice
131,59,89,-16.274509803921568,regular_glacier_ice
131,60,111,-14.117647058823529,regular_glacier_ice
131,61,97,-15.490196078431373,regular_glacier_ice
131,62,61,-19.019607843137255,deep_glacier_ice
131,63,83,-16.862745098039216,deep_glacier_ice
131,64,72,-17.941176470588236,deep_glacier_ice
131,65,61,-19.019607843137255,deep_glacier_ice
131,66,81,-17.058823529411764,deep_glacier_ice
131,67,82,-16.96078431372549,deep_glacier_ice
131,68,51,-20.0,deep_glacier_ice
131,69,66,-18.52941176470588,deep_glacier_ice
131,70,117,-13.529411764705882,regular_glacier_ice
131,71,77,-17.450980392156865,deep_glacier_ice
131,72,70,-18.137254901960784,deep_glacier_ice
131,73,67,-18.431372549019606,deep_glacier_ice
131,74,60,-19.11764705882353,deep_glacier_ice
131,75,91,-16.07843137254902,regular_glacier_ice
131,76,84,-16.764705882352942,deep_glacier_ice
131,77,77,-17.450980392156865,deep_glacier_ice
131,78,68,-18.333333333333332,deep_glacier_ice
131,79,107,-14.509803921568627,regular_glacier_ice
131,80,89,-16.274509803921568,regular_glacier_ice
131,81,87,-16.470588235294116,deep_glacier_ice
131,82,97,-15.490196078431373,regular_glacier_ice
131,83,80,-17.15686274509804,deep_glacier_ice
131,84,71,-18.03921568627451,deep_glacier_ice
131,85,77,-17.450980392156865,deep_glacier_ice
131,86,67,-18.431372549019606,deep_glacier_ice
131,87,66,-18.52941176470588,deep_glacier_ice
131,88,91,-16.07843137254902,regular_glacier_ice
131,89,79,-17.254901960784313,deep_glacier_ice
131,90,109,-14.313725490196079,regular_glacier_ice
131,91,68,-18.333333333333332,deep_glacier_ice
131,92,86,-16.568627450980394,deep_glacier_ice
131,93,88,-16.372549019607845,regular_glacier_ice
131,94,76,-17.549019607843135,deep_glacier_ice
131,95,106,-14.607843137254902,regular_glacier_ice
131,96,121,-13.137254901960786,regular_glacier_ice
131,97,77,-17.450980392156865,deep_glacier_ice
131,98,74,-17.745098039215684,deep_glacier_ice
131,99,79,-17.254901960784313,deep_glacier_ice
131,100,111,-14.117647058823529,regular_glacier_ice
131,101,86,-16.568627450980394,deep_glacier_ice
131,102,77,-17.450980392156865,deep_glacier_ice
131,103,101,-15.098039215686274,regular_glacier_ice
131,104,135,-11.76470588235294,clean_glacier_ice
131,105,116,-13.627450980392156,regular_glacier_ice
131,106,77,-17.450980392156865,deep_glacier_ice
131,107,79,-17.254901960784313,deep_glacier_ice
131,108,111,-14.117647058823529,regular_glacier_ice
131,109,111,-14.117647058823529,regular_glacier_ice
131,110,98,-15.392156862745097,regular_glacier_ice
131,111,73,-17.84313725490196,deep_glacier_ice
131,112,89,-16.274509803921568,regular_glacier_ice
131,113,81,-17.058823529411764,deep_glacier_ice
131,114,121,-13.137254901960786,regular_glacier_ice
131,115,136,-11.666666666666666,clean_glacier_ice
131,116,141,-11.176470588235293,clean_glacier_ice
131,117,164,-8.92156862745098,clean_glacier_ice
131,118,133,-11.960784313725489,clean_glacier_ice
131,119,152,-10.098039215686274,clean_glacier_ice
131,120,186,-6.764705882352942,debris_rock
131,121,219,-3.529411764705884,debris_rock
131,122,230,-2.450980392156861,debris_rock
131,123,223,-3.137254901960784,debris_rock
131,124,200,-5.392156862745097,debris_rock
131,125,208,-4.607843137254903,debris_rock
131,126,162,-9.11764705882353,clean_glacier_ice
131,127,154,-9.901960784313726,clean_glacier_ice
131,128,158,-9.509803921568627,clean_glacier_ice
131,129,201,-5.2941176470588225,debris_rock
131,130,165,-8.823529411764707,clean_glacier_ice
131,131,206,-4.803921568627452,debris_rock
131,132,224,-3.0392156862745097,debris_rock
131,133,213,-4.117647058823529,debris_rock
131,134,239,-1.5686274509803937,debris_rock
131,135,213,-4.117647058823529,debris_rock
131,136,180,-7.352941176470587,mixed_snow_ice
131,137,191,-6.274509803921568,debris_rock
131,138,145,-10.784313725490197,clean_glacier_ice
131,139,231,-2.352941176470587,debris_rock
131,140,91,-16.07843137254902,regular_glacier_ice
131,141,94,-15.784313725490195,regular_glacier_ice
131,142,79,-17.254901960784313,deep_glacier_ice
131,143,176,-7.745098039215687,mixed_snow_ice
131,144,226,-2.8431372549019613,debris_rock
131,145,231,-2.352941176470587,debris_rock
131,146,178,-7.549019607843139,mixed_snow_ice
131,147,217,-3.7254901960784323,debris_rock
131,148,255,0.0,debris_rock
131,149,255,0.0,debris_rock
131,150,217,-3.7254901960784323,debris_rock
131,151,178,-7.549019607843139,mixed_snow_ice
131,152,163,-9.019607843137257,clean_glacier_ice
131,153,113,-13.92156862745098,regular_glacier_ice
131,154,224,-3.0392156862745097,debris_rock
131,155,147,-10.588235294117649,clean_glacier_ice
131,156,110,-14.215686274509803,regular_glacier_ice
131,157,148,-10.49019607843137,clean_glacier_ice
131,158,150,-10.294117647058822,clean_glacier_ice
131,159,112,-14.019607843137255,regular_glacier_ice
131,160,103,-14.901960784313726,regular_glacier_ice
131,161,209,-4.509803921568629,debris_rock
131,162,181,-7.254901960784313,mixed_snow_ice
131,163,26,-22.450980392156865,very_deep_glacier_ice
131,169,174,-7.9411764705882355,mixed_snow_ice
131,170,158,-9.509803921568627,clean_glacier_ice
131,178,162,-9.11764705882353,clean_glacier_ice
131,179,198,-5.588235294117645,debris_rock
131,180,157,-9.607843137254902,clean_glacier_ice
131,181,121,-13.137254901960786,regular_glacier_ice
131,182,166,-8.725490196078432,mixed_snow_ice
131,183,164,-8.92156862745098,clean_glacier_ice
131,184,93,-15.882352941176471,regular_glacier_ice
131,185,100,-15.196078431372548,regular_glacier_ice
131,186,136,-11.666666666666666,clean_glacier_ice
131,187,182,-7.156862745098039,mixed_snow_ice
131,188,198,-5.588235294117645,debris_rock
131,189,158,-9.509803921568627,clean_glacier_ice
131,190,145,-10.784313725490197,clean_glacier_ice
131,192,188,-6.56862745098039,debris_rock
131,197,179,-7.450980392156865,mixed_snow_ice
131,198,161,-9.215686274509805,clean_glacier_ice
131,199,137,-11.568627450980392,clean_glacier_ice
131,200,142,-11.07843137254902,clean_glacier_ice
131,201,158,-9.509803921568627,clean_glacier_ice
131,202,127,-12.549019607843137,regular_glacier_ice
131,203,195,-5.882352941176471,debris_rock
131,204,200,-5.392156862745097,debris_rock
131,205,187,-6.666666666666668,debris_rock
131,206,203,-5.098039215686274,debris_rock
131,207,255,0.0,debris_rock
131,208,254,-0.09803921568627416,debris_rock
131,209,240,-1.4705882352941195,debris_rock
131,210,226,-2.8431372549019613,debris_rock
131,211,236,-1.8627450980392162,debris_rock
131,212,175,-7.843137254901961,mixed_snow_ice
131,213,144,-10.882352941176471,clean_glacier_ice
131,214,200,-5.392156862745097,debris_rock
131,215,191,-6.274509803921568,debris_rock
131,216,222,-3.235294117647058,debris_rock
131,217,127,-12.549019607843137,regular_glacier_ice
131,218,67,-18.431372549019606,deep_glacier_ice
131,219,89,-16.274509803921568,regular_glacier_ice
131,220,82,-16.96078431372549,deep_glacier_ice
131,221,73,-17.84313725490196,deep_glacier_ice
131,222,75,-17.647058823529413,deep_glacier_ice
132,0,77,-17.450980392156865,deep_glacier_ice
132,1,129,-12.352941176470589,regular_glacier_ice
132,2,108,-14.411764705882353,regular_glacier_ice
132,3,85,-16.666666666666668,deep_glacier_ice
132,4,119,-13.333333333333334,regular_glacier_ice
132,5,104,-14.803921568627452,regular_glacier_ice
132,6,101,-15.098039215686274,regular_glacier_ice
132,7,89,-16.274509803921568,regular_glacier_ice
132,8,87,-16.470588235294116,deep_glacier_ice
132,9,68,-18.333333333333332,deep_glacier_ice
132,10,66,-18.52941176470588,deep_glacier_ice
132,11,51,-20.0,deep_glacier_ice
132,12,82,-16.96078431372549,deep_glacier_ice
132,13,63,-18.823529411764707,deep_glacier_ice
132,14,60,-19.11764705882353,deep_glacier_ice
132,15,95,-15.686274509803921,regular_glacier_ice
132,16,72,-17.941176470588236,deep_glacier_ice
132,17,131,-12.15686274509804,clean_glacier_ice
132,18,109,-14.313725490196079,regular_glacier_ice
132,19,112,-14.019607843137255,regular_glacier_ice
132,20,72,-17.941176470588236,deep_glacier_ice
132,21,74,-17.745098039215684,deep_glacier_ice
132,22,90,-16.176470588235293,regular_glacier_ice
132,23,83,-16.862745098039216,deep_glacier_ice
132,24,90,-16.176470588235293,regular_glacier_ice
132,25,83,-16.862745098039216,deep_glacier_ice
132,26,73,-17.84313725490196,deep_glacier_ice
132,27,39,-21.176470588235293,very_deep_glacier_ice
132,28,49,-20.19607843137255,deep_glacier_ice
132,29,59,-19.215686274509803,deep_glacier_ice
132,30,61,-19.019607843137255,deep_glacier_ice
132,31,89,-16.274509803921568,regular_glacier_ice
132,32,78,-17.352941176470587,deep_glacier_ice
132,33,77,-17.450980392156865,deep_glacier_ice
132,34,85,-16.666666666666668,deep_glacier_ice
132,35,89,-16.274509803921568,regular_glacier_ice
132,36,71,-18.03921568627451,deep_glacier_ice
132,37,123,-12.941176470588236,regular_glacier_ice
132,38,137,-11.568627450980392,clean_glacier_ice
132,39,124,-12.843137254901961,regular_glacier_ice
132,40,99,-15.294117647058822,regular_glacier_ice
132,41,102,-15.0,regular_glacier_ice
132,42,83,-16.862745098039216,deep_glacier_ice
132,43,66,-18.52941176470588,deep_glacier_ice
132,44,74,-17.745098039215684,deep_glacier_ice
132,45,97,-15.490196078431373,regular_glacier_ice
132,46,106,-14.607843137254902,regular_glacier_ice
132,47,94,-15.784313725490195,regular_glacier_ice
132,48,88,-16.372549019607845,regular_glacier_ice
132,49,76,-17.549019607843135,deep_glacier_ice
132,50,138,-11.470588235294118,clean_glacier_ice
132,51,97,-15.490196078431373,regular_glacier_ice
132,52,95,-15.686274509803921,regular_glacier_ice
132,53,104,-14.803921568627452,regular_glacier_ice
132,54,88,-16.372549019607845,regular_glacier_ice
132,55,101,-15.098039215686274,regular_glacier_ice
132,56,112,-14.019607843137255,regular_glacier_ice
132,57,113,-13.92156862745098,regular_glacier_ice
132,58,144,-10.882352941176471,clean_glacier_ice
132,59,139,-11.372549019607844,clean_glacier_ice
132,60,125,-12.745098039215687,regular_glacier_ice
132,61,159,-9.411764705882353,clean_glacier_ice
132,62,194,-5.980392156862745,debris_rock
132,63,178,-7.549019607843139,mixed_snow_ice
132,64,209,-4.509803921568629,debris_rock
132,65,201,-5.2941176470588225,debris_rock
132,66,213,-4.117647058823529,debris_rock
132,67,200,-5.392156862745097,debris_rock
132,68,170,-8.333333333333336,mixed_snow_ice
132,69,181,-7.254901960784313,mixed_snow_ice
132,70,194,-5.980392156862745,debris_rock
132,71,189,-6.470588235294116,debris_rock
132,72,189,-6.470588235294116,debris_rock
132,73,224,-3.0392156862745097,debris_rock
132,74,194,-5.980392156862745,debris_rock
132,75,193,-6.078431372549019,debris_rock
132,76,224,-3.0392156862745097,debris_rock
132,77,195,-5.882352941176471,debris_rock
132,78,197,-5.686274509803919,debris_rock
132,79,220,-3.4313725490196063,debris_rock
132,80,173,-8.03921568627451,mixed_snow_ice
132,81,136,-11.666666666666666,clean_glacier_ice
132,82,69,-18.235294117647058,deep_glacier_ice
132,83,104,-14.803921568627452,regular_glacier_ice
132,84,148,-10.49019607843137,clean_glacier_ice
132,85,152,-10.098039215686274,clean_glacier_ice
132,86,145,-10.784313725490197,clean_glacier_ice
132,87,189,-6.470588235294116,debris_rock
132,88,169,-8.43137254901961,mixed_snow_ice
132,89,255,0.0,debris_rock
132,90,255,0.0,debris_rock
132,91,244,-1.0784313725490193,debris_rock
132,92,255,0.0,debris_rock
132,93,255,0.0,debris_rock
132,94,139,-11.372549019607844,clean_glacier_ice
132,95,93,-15.882352941176471,regular_glacier_ice
132,96,201,-5.2941176470588225,debris_rock
132,97,130,-12.254901960784315,clean_glacier_ice
132,98,103,-14.901960784313726,regular_glacier_ice
132,99,131,-12.15686274509804,clean_glacier_ice
132,100,97,-15.490196078431373,regular_glacier_ice
132,101,60,-19.11764705882353,deep_glacier_ice
132,102,70,-18.137254901960784,deep_glacier_ice
132,103,149,-10.392156862745097,clean_glacier_ice
132,104,126,-12.647058823529411,regular_glacier_ice
132,111,199,-5.490196078431371,debris_rock
132,112,148,-10.49019607843137,clean_glacier_ice
132,120,172,-8.137254901960784,mixed_snow_ice
132,121,183,-7.0588235294117645,mixed_snow_ice
132,122,149,-10.392156862745097,clean_glacier_ice
132,123,136,-11.666666666666666,clean_glacier_ice
132,124,118,-13.431372549019608,regular_glacier_ice
132,125,109,-14.313725490196079,regular_glacier_ice
132,126,120,-13.23529411764706,regular_glacier_ice
132,127,127,-12.549019607843137,regular_glacier_ice
132,128,143,-10.980392156862745,clean_glacier_ice
132,129,179,-7.450980392156865,mixed_snow_ice
132,130,176,-7.745098039215687,mixed_snow_ice
132,131,184,-6.96078431372549,mixed_snow_ice
132,132,173,-8.03921568627451,mixed_snow_ice
132,135,183,-7.0588235294117645,mixed_snow_ice
132,136,163,-9.019607843137257,clean_glacier_ice
132,137,245,-0.9803921568627452,debris_rock
132,138,214,-4.019607843137255,debris_rock
132,139,206,-4.803921568627452,debris_rock
132,140,184,-6.96078431372549,mixed_snow_ice
132,141,173,-8.03921568627451,mixed_snow_ice
132,142,140,-11.274509803921568,clean_glacier_ice
132,143,160,-9.313725490196079,clean_glacier_ice
132,144,139,-11.372549019607844,clean_glacier_ice
132,145,206,-4.803921568627452,debris_rock
132,146,202,-5.196078431372548,debris_rock
132,147,144,-10.882352941176471,clean_glacier_ice
132,148,187,-6.666666666666668,debris_rock
132,149,224,-3.0392156862745097,debris_rock
132,150,228,-2.6470588235294095,debris_rock
132,151,229,-2.5490196078431353,debris_rock
132,152,230,-2.450980392156861,debris_rock
132,153,222,-3.235294117647058,debris_rock
132,154,184,-6.96078431372549,mixed_snow_ice
132,155,114,-13.823529411764705,regular_glacier_ice
132,156,125,-12.745098039215687,regular_glacier_ice
132,157,131,-12.15686274509804,clean_glacier_ice
132,158,159,-9.411764705882353,clean_glacier_ice
132,159,96,-15.588235294117647,regular_glacier_ice
132,160,56,-19.509803921568626,deep_glacier_ice
132,161,67,-18.431372549019606,deep_glacier_ice
132,162,77,-17.450980392156865,deep_glacier_ice
132,163,47,-20.392156862745097,deep_glacier_ice
132,164,36,-21.470588235294116,very_deep_glacier_ice
132,165,68,-18.333333333333332,deep_glacier_ice
132,166,64,-18.725490196078432,deep_glacier_ice
132,167,52,-19.901960784313726,deep_glacier_ice
132,168,86,-16.568627450980394,deep_glacier_ice
132,169,92,-15.980392156862745,regular_glacier_ice
132,170,90,-16.176470588235293,regular_glacier_ice
132,171,110,-14.215686274509803,regular_glacier_ice
132,172,89,-16.274509803921568,regular_glacier_ice
132,173,88,-16.372549019607845,regular_glacier_ice
132,174,75,-17.647058823529413,deep_glacier_ice
132,175,80,-17.15686274509804,deep_glacier_ice
132,176,112,-14.019607843137255,regular_glacier_ice
132,177,76,-17.549019607843135,deep_glacier_ice
132,178,86,-16.568627450980394,deep_glacier_ice
132,179,105,-14.705882352941178,regular_glacier_ice
132,180,72,-17.941176470588236,deep_glacier_ice
132,181,85,-16.666666666666668,deep_glacier_ice
132,182,84,-16.764705882352942,deep_glacier_ice
132,183,79,-17.254901960784313,deep_glacier_ice
132,184,124,-12.843137254901961,regular_glacier_ice
132,185,71,-18.03921568627451,deep_glacier_ice
132,186,53,-19.80392156862745,deep_glacier_ice
132,187,70,-18.137254901960784,deep_glacier_ice
132,188,108,-14.411764705882353,regular_glacier_ice
132,189,93,-15.882352941176471,regular_glacier_ice
132,190,60,-19.11764705882353,deep_glacier_ice
132,191,47,-20.392156862745097,deep_glacier_ice
132,192,54,-19.705882352941178,deep_glacier_ice
132,193,49,-20.19607843137255,deep_glacier_ice
132,194,44,-20.686274509803923,deep_glacier_ice
132,195,91,-16.07843137254902,regular_glacier_ice
132,196,72,-17.941176470588236,deep_glacier_ice
132,197,55,-19.607843137254903,deep_glacier_ice
132,198,51,-20.0,deep_glacier_ice
132,199,70,-18.137254901960784,deep_glacier_ice
132,200,104,-14.803921568627452,regular_glacier_ice
132,201,111,-14.117647058823529,regular_glacier_ice
132,202,98,-15.392156862745097,regular_glacier_ice
132,203,102,-15.0,regular_glacier_ice
132,204,88,-16.372549019607845,regular_glacier_ice
132,205,86,-16.568627450980394,deep_glacier_ice
132,206,101,-15.098039215686274,regular_glacier_ice
132,207,67,-18.431372549019606,deep_glacier_ice
132,208,83,-16.862745098039216,deep_glacier_ice
132,209,109,-14.313725490196079,regular_glacier_ice
132,210,85,-16.666666666666668,deep_glacier_ice
132,211,90,-16.176470588235293,regular_glacier_ice
132,212,103,-14.901960784313726,regular_glacier_ice
132,213,107,-14.509803921568627,regular_glacier_ice
132,214,52,-19.901960784313726,deep_glacier_ice
132,215,92,-15.980392156862745,regular_glacier_ice
132,216,61,-19.019607843137255,deep_glacier_ice
132,217,83,-16.862745098039216,deep_glacier_ice
132,218,84,-16.764705882352942,deep_glacier_ice
132,219,102,-15.0,regular_glacier_ice
132,220,100,-15.196078431372548,regular_glacier_ice
132,221,107,-14.509803921568627,regular_glacier_ice
132,222,112,-14.019607843137255,regular_glacier_ice
133,0,132,-12.058823529411763,clean_glacier_ice
133,1,144,-10.882352941176471,clean_glacier_ice
133,2,115,-13.72549019607843,regular_glacier_ice
133,3,127,-12.549019607843137,regular_glacier_ice
133,4,162,-9.11764705882353,clean_glacier_ice
133,5,186,-6.764705882352942,debris_rock
133,6,178,-7.549019607843139,mixed_snow_ice
133,7,206,-4.803921568627452,debris_rock
133,8,198,-5.588235294117645,debris_rock
133,9,176,-7.745098039215687,mixed_snow_ice
133,10,200,-5.392156862745097,debris_rock
133,11,190,-6.372549019607842,debris_rock
133,12,194,-5.980392156862745,debris_rock
133,13,176,-7.745098039215687,mixed_snow_ice
133,14,152,-10.098039215686274,clean_glacier_ice
133,15,245,-0.9803921568627452,debris_rock
133,16,162,-9.11764705882353,clean_glacier_ice
133,17,205,-4.901960784313726,debris_rock
133,18,186,-6.764705882352942,debris_rock
133,19,215,-3.9215686274509807,debris_rock
133,20,191,-6.274509803921568,debris_rock
133,21,197,-5.686274509803919,debris_rock
133,22,255,0.0,debris_rock
133,23,176,-7.745098039215687,mixed_snow_ice
133,24,105,-14.705882352941178,regular_glacier_ice
133,25,123,-12.941176470588236,regular_glacier_ice
133,26,133,-11.960784313725489,clean_glacier_ice
133,27,129,-12.352941176470589,regular_glacier_ice
133,28,152,-10.098039215686274,clean_glacier_ice
133,29,157,-9.607843137254902,clean_glacier_ice
133,30,221,-3.333333333333332,debris_rock
133,31,255,0.0,debris_rock
133,32,255,0.0,debris_rock
133,33,178,-7.549019607843139,mixed_snow_ice
133,34,236,-1.8627450980392162,debris_rock
133,35,236,-1.8627450980392162,debris_rock
133,36,194,-5.980392156862745,debris_rock
133,37,177,-7.647058823529413,mixed_snow_ice
133,38,154,-9.901960784313726,clean_glacier_ice
133,39,168,-8.529411764705884,mixed_snow_ice
133,40,187,-6.666666666666668,debris_rock
133,41,119,-13.333333333333334,regular_glacier_ice
133,42,75,-17.647058823529413,deep_glacier_ice
133,43,52,-19.901960784313726,deep_glacier_ice
133,44,2,-24.80392156862745,very_deep_glacier_ice
133,45,58,-19.313725490196077,deep_glacier_ice
133,46,174,-7.9411764705882355,mixed_snow_ice
133,53,201,-5.2941176470588225,debris_rock
133,54,198,-5.588235294117645,debris_rock
133,55,102,-15.0,regular_glacier_ice
133,62,174,-7.9411764705882355,mixed_snow_ice
133,63,190,-6.372549019607842,debris_rock
133,64,168,-8.529411764705884,mixed_snow_ice
133,65,126,-12.647058823529411,regular_glacier_ice
133,66,119,-13.333333333333334,regular_glacier_ice
133,67,145,-10.784313725490197,clean_glacier_ice
133,68,121,-13.137254901960786,regular_glacier_ice
133,69,123,-12.941176470588236,regular_glacier_ice
133,70,142,-11.07843137254902,clean_glacier_ice
133,71,165,-8.823529411764707,clean_glacier_ice
133,72,159,-9.411764705882353,clean_glacier_ice
133,73,190,-6.372549019607842,debris_rock
133,74,193,-6.078431372549019,debris_rock
133,75,198,-5.588235294117645,debris_rock
133,76,189,-6.470588235294116,debris_rock
133,77,184,-6.96078431372549,mixed_snow_ice
133,78,217,-3.7254901960784323,debris_rock
133,79,170,-8.333333333333336,mixed_snow_ice
133,80,223,-3.137254901960784,debris_rock
133,81,192,-6.1764705882352935,debris_rock
133,82,200,-5.392156862745097,debris_rock
133,83,197,-5.686274509803919,debris_rock
133,84,157,-9.607843137254902,clean_glacier_ice
133,85,136,-11.666666666666666,clean_glacier_ice
133,86,159,-9.411764705882353,clean_glacier_ice
133,87,203,-5.098039215686274,debris_rock
133,88,239,-1.5686274509803937,debris_rock
133,89,255,0.0,debris_rock
133,90,204,-5.0,debris_rock
133,91,159,-9.411764705882353,clean_glacier_ice
133,92,172,-8.137254901960784,mixed_snow_ice
133,93,175,-7.843137254901961,mixed_snow_ice
133,94,179,-7.450980392156865,mixed_snow_ice
133,95,236,-1.8627450980392162,debris_rock
133,96,232,-2.254901960784313,debris_rock
133,97,158,-9.509803921568627,clean_glacier_ice
133,98,93,-15.882352941176471,regular_glacier_ice
133,99,134,-11.862745098039214,clean_glacier_ice
133,100,117,-13.529411764705882,regular_glacier_ice
133,101,84,-16.764705882352942,deep_glacier_ice
133,102,70,-18.137254901960784,deep_glacier_ice
133,103,59,-19.215686274509803,deep_glacier_ice
133,104,74,-17.745098039215684,deep_glacier_ice
133,105,63,-18.823529411764707,deep_glacier_ice
133,106,74,-17.745098039215684,deep_glacier_ice
133,107,81,-17.058823529411764,deep_glacier_ice
133,108,58,-19.313725490196077,deep_glacier_ice
133,109,66,-18.52941176470588,deep_glacier_ice
133,110,74,-17.745098039215684,deep_glacier_ice
133,111,95,-15.686274509803921,regular_glacier_ice
133,112,72,-17.941176470588236,deep_glacier_ice
133,113,104,-14.803921568627452,regular_glacier_ice
133,114,130,-12.254901960784315,clean_glacier_ice
133,115,91,-16.07843137254902,regular_glacier_ice
133,116,88,-16.372549019607845,regular_glacier_ice
133,117,90,-16.176470588235293,regular_glacier_ice
133,118,98,-15.392156862745097,regular_glacier_ice
133,119,108,-14.411764705882353,regular_glacier_ice
133,120,166,-8.725490196078432,mixed_snow_ice
133,121,159,-9.411764705882353,clean_glacier_ice
133,122,63,-18.823529411764707,deep_glacier_ice
133,123,90,-16.176470588235293,regular_glacier_ice
133,124,95,-15.686274509803921,regular_glacier_ice
133,125,77,-17.450980392156865,deep_glacier_ice
133,126,98,-15.392156862745097,regular_glacier_ice
133,127,47,-20.392156862745097,deep_glacier_ice
133,128,39,-21.176470588235293,very_deep_glacier_ice
133,129,24,-22.647058823529413,very_deep_glacier_ice
133,130,70,-18.137254901960784,deep_glacier_ice
133,131,67,-18.431372549019606,deep_glacier_ice
133,132,67,-18.431372549019606,deep_glacier_ice
133,133,66,-18.52941176470588,deep_glacier_ice
133,134,50,-20.098039215686274,deep_glacier_ice
133,135,41,-20.980392156862745,very_deep_glacier_ice
133,136,55,-19.607843137254903,deep_glacier_ice
133,137,81,-17.058823529411764,deep_glacier_ice
133,138,40,-21.07843137254902,very_deep_glacier_ice
133,139,80,-17.15686274509804,deep_glacier_ice
133,140,104,-14.803921568627452,regular_glacier_ice
133,141,81,-17.058823529411764,deep_glacier_ice
133,142,87,-16.470588235294116,deep_glacier_ice
133,143,93,-15.882352941176471,regular_glacier_ice
133,144,91,-16.07843137254902,regular_glacier_ice
133,145,85,-16.666666666666668,deep_glacier_ice
133,146,97,-15.490196078431373,regular_glacier_ice
133,147,63,-18.823529411764707,deep_glacier_ice
133,148,61,-19.019607843137255,deep_glacier_ice
133,149,101,-15.098039215686274,regular_glacier_ice
133,150,72,-17.941176470588236,deep_glacier_ice
133,151,103,-14.901960784313726,regular_glacier_ice
133,152,112,-14.019607843137255,regular_glacier_ice
133,153,127,-12.549019607843137,regular_glacier_ice
133,154,91,-16.07843137254902,regular_glacier_ice
133,155,98,-15.392156862745097,regular_glacier_ice
133,156,74,-17.745098039215684,deep_glacier_ice
133,157,79,-17.254901960784313,deep_glacier_ice
133,158,85,-16.666666666666668,deep_glacier_ice
133,159,91,-16.07843137254902,regular_glacier_ice
133,160,104,-14.803921568627452,regular_glacier_ice
133,161,124,-12.843137254901961,regular_glacier_ice
133,162,137,-11.568627450980392,clean_glacier_ice
133,163,105,-14.705882352941178,regular_glacier_ice
133,164,84,-16.764705882352942,deep_glacier_ice
133,165,94,-15.784313725490195,regular_glacier_ice
133,166,114,-13.823529411764705,regular_glacier_ice
133,167,136,-11.666666666666666,clean_glacier_ice
133,168,135,-11.76470588235294,clean_glacier_ice
133,169,131,-12.15686274509804,clean_glacier_ice
133,170,190,-6.372549019607842,debris_rock
133,171,158,-9.509803921568627,clean_glacier_ice
133,172,203,-5.098039215686274,debris_rock
133,173,210,-4.411764705882355,debris_rock
133,174,180,-7.352941176470587,mixed_snow_ice
133,175,193,-6.078431372549019,debris_rock
133,176,199,-5.490196078431371,debris_rock
133,177,175,-7.843137254901961,mixed_snow_ice
133,178,177,-7.647058823529413,mixed_snow_ice
133,179,144,-10.882352941176471,clean_glacier_ice
133,180,198,-5.588235294117645,debris_rock
133,181,112,-14.019607843137255,regular_glacier_ice
133,182,139,-11.372549019607844,clean_glacier_ice
133,183,226,-2.8431372549019613,debris_rock
133,184,248,-0.6862745098039227,debris_rock
133,185,148,-10.49019607843137,clean_glacier_ice
133,186,191,-6.274509803921568,debris_rock
133,187,226,-2.8431372549019613,debris_rock
133,188,193,-6.078431372549019,debris_rock
133,189,132,-12.058823529411763,clean_glacier_ice
133,190,126,-12.647058823529411,regular_glacier_ice
133,191,158,-9.509803921568627,clean_glacier_ice
133,192,157,-9.607843137254902,clean_glacier_ice
133,193,190,-6.372549019607842,debris_rock
133,194,213,-4.117647058823529,debris_rock
133,195,237,-1.764705882352942,debris_rock
133,196,225,-2.9411764705882355,debris_rock
133,197,255,0.0,debris_rock
133,198,182,-7.156862745098039,mixed_snow_ice
133,199,204,-5.0,debris_rock
133,200,235,-1.9607843137254903,debris_rock
133,201,203,-5.098039215686274,debris_rock
133,202,181,-7.254901960784313,mixed_snow_ice
133,203,179,-7.450980392156865,mixed_snow_ice
133,204,150,-10.294117647058822,clean_glacier_ice
133,205,195,-5.882352941176471,debris_rock
133,206,192,-6.1764705882352935,debris_rock
133,207,65,-18.627450980392158,deep_glacier_ice
133,208,172,-8.137254901960784,mixed_snow_ice
133,209,29,-22.15686274509804,very_deep_glacier_ice
133,210,84,-16.764705882352942,deep_glacier_ice
133,211,121,-13.137254901960786,regular_glacier_ice
133,218,233,-2.1568627450980387,debris_rock
133,219,208,-4.607843137254903,debris_rock
133,220,212,-4.215686274509803,debris_rock
133,221,104,-14.803921568627452,regular_glacier_ice
133,222,105,-14.705882352941178,regular_glacier_ice
134,4,223,-3.137254901960784,debris_rock
134,5,193,-6.078431372549019,debris_rock
134,6,173,-8.03921568627451,mixed_snow_ice
134,7,175,-7.843137254901961,mixed_snow_ice
134,8,166,-8.725490196078432,mixed_snow_ice
134,9,158,-9.509803921568627,clean_glacier_ice
134,10,129,-12.352941176470589,regular_glacier_ice
134,11,159,-9.411764705882353,clean_glacier_ice
134,12,136,-11.666666666666666,clean_glacier_ice
134,13,140,-11.274509803921568,clean_glacier_ice
134,14,181,-7.254901960784313,mixed_snow_ice
134,15,221,-3.333333333333332,debris_rock
134,16,201,-5.2941176470588225,debris_rock
134,17,200,-5.392156862745097,debris_rock
134,18,191,-6.274509803921568,debris_rock
134,19,179,-7.450980392156865,mixed_snow_ice
134,20,190,-6.372549019607842,debris_rock
134,21,197,-5.686274509803919,debris_rock
134,22,195,-5.882352941176471,debris_rock
134,23,203,-5.098039215686274,debris_rock
134,24,189,-6.470588235294116,debris_rock
134,25,148,-10.49019607843137,clean_glacier_ice
134,26,162,-9.11764705882353,clean_glacier_ice
134,27,176,-7.745098039215687,mixed_snow_ice
134,28,195,-5.882352941176471,debris_rock
134,29,247,-0.7843137254901968,debris_rock
134,30,255,0.0,debris_rock
134,31,255,0.0,debris_rock
134,32,195,-5.882352941176471,debris_rock
134,33,221,-3.333333333333332,debris_rock
134,34,255,0.0,debris_rock
134,35,255,0.0,debris_rock
134,36,200,-5.392156862745097,debris_rock
134,37,255,0.0,debris_rock
134,38,255,0.0,debris_rock
134,39,152,-10.098039215686274,clean_glacier_ice
134,40,184,-6.96078431372549,mixed_snow_ice
134,41,129,-12.352941176470589,regular_glacier_ice
134,42,76,-17.549019607843135,deep_glacier_ice
134,43,60,-19.11764705882353,deep_glacier_ice
134,44,79,-17.254901960784313,deep_glacier_ice
134,45,53,-19.80392156862745,deep_glacier_ice
134,46,70,-18.137254901960784,deep_glacier_ice
134,47,91,-16.07843137254902,regular_glacier_ice
134,48,102,-15.0,regular_glacier_ice
134,49,59,-19.215686274509803,deep_glacier_ice
134,50,72,-17.941176470588236,deep_glacier_ice
134,51,87,-16.470588235294116,deep_glacier_ice
134,52,113,-13.92156862745098,regular_glacier_ice
134,53,139,-11.372549019607844,clean_glacier_ice
134,54,125,-12.745098039215687,regular_glacier_ice
134,55,119,-13.333333333333334,regular_glacier_ice
134,56,129,-12.352941176470589,regular_glacier_ice
134,57,77,-17.450980392156865,deep_glacier_ice
134,58,78,-17.352941176470587,deep_glacier_ice
134,59,77,-17.450980392156865,deep_glacier_ice
134,60,38,-21.274509803921568,very_deep_glacier_ice
134,61,143,-10.980392156862745,clean_glacier_ice
134,62,209,-4.509803921568629,debris_rock
134,63,188,-6.56862745098039,debris_rock
134,64,100,-15.196078431372548,regular_glacier_ice
134,65,91,-16.07843137254902,regular_glacier_ice
134,66,72,-17.941176470588236,deep_glacier_ice
134,67,48,-20.294117647058822,deep_glacier_ice
134,68,70,-18.137254901960784,deep_glacier_ice
134,69,82,-16.96078431372549,deep_glacier_ice
134,70,52,-19.901960784313726,deep_glacier_ice
134,71,69,-18.235294117647058,deep_glacier_ice
134,72,63,-18.823529411764707,deep_glacier_ice
134,73,105,-14.705882352941178,regular_glacier_ice
134,74,69,-18.235294117647058,deep_glacier_ice
134,75,74,-17.745098039215684,deep_glacier_ice
134,76,69,-18.235294117647058,deep_glacier_ice
134,77,60,-19.11764705882353,deep_glacier_ice
134,78,61,-19.019607843137255,deep_glacier_ice
134,79,101,-15.098039215686274,regular_glacier_ice
134,80,67,-18.431372549019606,deep_glacier_ice
134,81,92,-15.980392156862745,regular_glacier_ice
134,82,104,-14.803921568627452,regular_glacier_ice
134,83,66,-18.52941176470588,deep_glacier_ice
134,84,87,-16.470588235294116,deep_glacier_ice
134,85,73,-17.84313725490196,deep_glacier_ice
134,86,97,-15.490196078431373,regular_glacier_ice
134,87,83,-16.862745098039216,deep_glacier_ice
134,88,96,-15.588235294117647,regular_glacier_ice
134,89,66,-18.52941176470588,deep_glacier_ice
134,90,90,-16.176470588235293,regular_glacier_ice
134,91,93,-15.882352941176471,regular_glacier_ice
134,92,112,-14.019607843137255,regular_glacier_ice
134,93,93,-15.882352941176471,regular_glacier_ice
134,94,111,-14.117647058823529,regular_glacier_ice
134,95,102,-15.0,regular_glacier_ice
134,96,108,-14.411764705882353,regular_glacier_ice
134,97,100,-15.196078431372548,regular_glacier_ice
134,98,91,-16.07843137254902,regular_glacier_ice
134,99,65,-18.627450980392158,deep_glacier_ice
134,100,88,-16.372549019607845,regular_glacier_ice
134,101,79,-17.254901960784313,deep_glacier_ice
134,102,115,-13.72549019607843,regular_glacier_ice
134,103,125,-12.745098039215687,regular_glacier_ice
134,104,97,-15.490196078431373,regular_glacier_ice
134,105,81,-17.058823529411764,deep_glacier_ice
134,106,68,-18.333333333333332,deep_glacier_ice
134,107,60,-19.11764705882353,deep_glacier_ice
134,108,83,-16.862745098039216,deep_glacier_ice
134,109,116,-13.627450980392156,regular_glacier_ice
134,110,98,-15.392156862745097,regular_glacier_ice
134,111,117,-13.529411764705882,regular_glacier_ice
134,112,144,-10.882352941176471,clean_glacier_ice
134,113,144,-10.882352941176471,clean_glacier_ice
134,114,205,-4.901960784313726,debris_rock
134,115,191,-6.274509803921568,debris_rock
134,116,207,-4.7058823529411775,debris_rock
134,117,206,-4.803921568627452,debris_rock
134,118,208,-4.607843137254903,debris_rock
134,119,185,-6.862745098039216,mixed_snow_ice
134,120,186,-6.764705882352942,debris_rock
134,121,160,-9.313725490196079,clean_glacier_ice
134,122,176,-7.745098039215687,mixed_snow_ice
134,123,191,-6.274509803921568,debris_rock
134,124,158,-9.509803921568627,clean_glacier_ice
134,126,238,-1.6666666666666679,debris_rock
134,127,141,-11.176470588235293,clean_glacier_ice
134,128,169,-8.43137254901961,mixed_snow_ice
134,129,140,-11.274509803921568,clean_glacier_ice
134,130,150,-10.294117647058822,clean_glacier_ice
134,131,173,-8.03921568627451,mixed_snow_ice
134,132,194,-5.980392156862745,debris_rock
134,133,153,-10.0,clean_glacier_ice
134,134,207,-4.7058823529411775,debris_rock
134,135,231,-2.352941176470587,debris_rock
134,136,215,-3.9215686274509807,debris_rock
134,137,222,-3.235294117647058,debris_rock
134,138,161,-9.215686274509805,clean_glacier_ice
134,139,183,-7.0588235294117645,mixed_snow_ice
134,140,216,-3.8235294117647065,debris_rock
134,141,246,-0.882352941176471,debris_rock
134,142,255,0.0,debris_rock
134,143,210,-4.411764705882355,debris_rock
134,144,146,-10.686274509803923,clean_glacier_ice
134,145,138,-11.470588235294118,clean_glacier_ice
134,146,147,-10.588235294117649,clean_glacier_ice
134,147,120,-13.23529411764706,regular_glacier_ice
134,148,184,-6.96078431372549,mixed_snow_ice
134,149,54,-19.705882352941178,deep_glacier_ice
134,150,100,-15.196078431372548,regular_glacier_ice
134,151,53,-19.80392156862745,deep_glacier_ice
134,152,54,-19.705882352941178,deep_glacier_ice
134,153,81,-17.058823529411764,deep_glacier_ice
134,154,86,-16.568627450980394,deep_glacier_ice
134,160,255,0.0,debris_rock
134,161,225,-2.9411764705882355,debris_rock
134,162,215,-3.9215686274509807,debris_rock
134,163,98,-15.392156862745097,regular_glacier_ice
134,164,105,-14.705882352941178,regular_glacier_ice
134,165,112,-14.019607843137255,regular_glacier_ice
134,169,152,-10.098039215686274,clean_glacier_ice
134,170,134,-11.862745098039214,clean_glacier_ice
134,171,222,-3.235294117647058,debris_rock
134,172,180,-7.352941176470587,mixed_snow_ice
134,173,153,-10.0,clean_glacier_ice
134,174,183,-7.0588235294117645,mixed_snow_ice
134,175,147,-10.588235294117649,clean_glacier_ice
134,176,180,-7.352941176470587,mixed_snow_ice
134,177,179,-7.450980392156865,mixed_snow_ice
134,178,197,-5.686274509803919,debris_rock
134,179,193,-6.078431372549019,debris_rock
134,180,215,-3.9215686274509807,debris_rock
134,181,228,-2.6470588235294095,debris_rock
134,182,183,-7.0588235294117645,mixed_snow_ice
134,183,164,-8.92156862745098,clean_glacier_ice
134,184,165,-8.823529411764707,clean_glacier_ice
134,185,212,-4.215686274509803,debris_rock
134,186,193,-6.078431372549019,debris_rock
134,187,190,-6.372549019607842,debris_rock
134,188,188,-6.56862745098039,debris_rock
134,189,172,-8.137254901960784,mixed_snow_ice
134,190,147,-10.588235294117649,clean_glacier_ice
134,191,185,-6.862745098039216,mixed_snow_ice
134,192,188,-6.56862745098039,debris_rock
134,193,212,-4.215686274509803,debris_rock
134,194,234,-2.0588235294117645,debris_rock
134,195,255,0.0,debris_rock
134,196,255,0.0,debris_rock
134,197,118,-13.431372549019608,regular_glacier_ice
134,198,168,-8.529411764705884,mixed_snow_ice
134,199,204,-5.0,debris_rock
134,200,191,-6.274509803921568,debris_rock
134,201,179,-7.450980392156865,mixed_snow_ice
134,202,255,0.0,debris_rock
134,203,224,-3.0392156862745097,debris_rock
134,204,208,-4.607843137254903,debris_rock
134,205,209,-4.509803921568629,debris_rock
134,206,91,-16.07843137254902,regular_glacier_ice
134,207,70,-18.137254901960784,deep_glacier_ice
134,208,50,-20.098039215686274,deep_glacier_ice
134,209,79,-17.254901960784313,deep_glacier_ice
134,210,47,-20.392156862745097,deep_glacier_ice
134,211,80,-17.15686274509804,deep_glacier_ice
134,212,90,-16.176470588235293,regular_glacier_ice
134,213,81,-17.058823529411764,deep_glacier_ice
134,214,70,-18.137254901960784,deep_glacier_ice
134,215,72,-17.941176470588236,deep_glacier_ice
134,216,101,-15.098039215686274,regular_glacier_ice
134,217,128,-12.450980392156863,regular_glacier_ice
134,218,154,-9.901960784313726,clean_glacier_ice
134,219,132,-12.058823529411763,clean_glacier_ice
134,220,101,-15.098039215686274,regular_glacier_ice
134,221,81,-17.058823529411764,deep_glacier_ice
134,222,83,-16.862745098039216,deep_glacier_ice
135,0,84,-16.764705882352942,deep_glacier_ice
135,1,122,-13.03921568627451,regular_glacier_ice
135,2,142,-11.07843137254902,clean_glacier_ice
135,3,127,-12.549019607843137,regular_glacier_ice
135,4,184,-6.96078431372549,mixed_snow_ice
135,5,213,-4.117647058823529,debris_rock
135,6,135,-11.76470588235294,clean_glacier_ice
135,7,81,-17.058823529411764,deep_glacier_ice
135,8,74,-17.745098039215684,deep_glacier_ice
135,9,48,-20.294117647058822,deep_glacier_ice
135,10,80,-17.15686274509804,deep_glacier_ice
135,11,58,-19.313725490196077,deep_glacier_ice
135,12,78,-17.352941176470587,deep_glacier_ice
135,13,42,-20.88235294117647,very_deep_glacier_ice
135,14,48,-20.294117647058822,deep_glacier_ice
135,15,81,-17.058823529411764,deep_glacier_ice
135,16,74,-17.745098039215684,deep_glacier_ice
135,17,77,-17.450980392156865,deep_glacier_ice
135,18,88,-16.372549019607845,regular_glacier_ice
135,19,63,-18.823529411764707,deep_glacier_ice
135,20,19,-23.137254901960784,very_deep_glacier_ice
135,21,45,-20.588235294117645,deep_glacier_ice
135,22,80,-17.15686274509804,deep_glacier_ice
135,23,100,-15.196078431372548,regular_glacier_ice
135,24,95,-15.686274509803921,regular_glacier_ice
135,25,83,-16.862745098039216,deep_glacier_ice
135,26,88,-16.372549019607845,regular_glacier_ice
135,27,78,-17.352941176470587,deep_glacier_ice
135,28,94,-15.784313725490195,regular_glacier_ice
135,29,94,-15.784313725490195,regular_glacier_ice
135,30,88,-16.372549019607845,regular_glacier_ice
135,31,93,-15.882352941176471,regular_glacier_ice
135,32,82,-16.96078431372549,deep_glacier_ice
135,33,119,-13.333333333333334,regular_glacier_ice
135,34,113,-13.92156862745098,regular_glacier_ice
135,35,93,-15.882352941176471,regular_glacier_ice
135,36,84,-16.764705882352942,deep_glacier_ice
135,37,101,-15.098039215686274,regular_glacier_ice
135,38,94,-15.784313725490195,regular_glacier_ice
135,39,95,-15.686274509803921,regular_glacier_ice
135,40,102,-15.0,regular_glacier_ice
135,41,73,-17.84313725490196,deep_glacier_ice
135,42,90,-16.176470588235293,regular_glacier_ice
135,43,67,-18.431372549019606,deep_glacier_ice
135,44,105,-14.705882352941178,regular_glacier_ice
135,45,122,-13.03921568627451,regular_glacier_ice
135,46,96,-15.588235294117647,regular_glacier_ice
135,47,115,-13.72549019607843,regular_glacier_ice
135,48,82,-16.96078431372549,deep_glacier_ice
135,49,86,-16.568627450980394,deep_glacier_ice
135,50,107,-14.509803921568627,regular_glacier_ice
135,51,103,-14.901960784313726,regular_glacier_ice
135,52,100,-15.196078431372548,regular_glacier_ice
135,53,125,-12.745098039215687,regular_glacier_ice
135,54,135,-11.76470588235294,clean_glacier_ice
135,55,154,-9.901960784313726,clean_glacier_ice
135,56,184,-6.96078431372549,mixed_snow_ice
135,57,207,-4.7058823529411775,debris_rock
135,58,208,-4.607843137254903,debris_rock
135,59,200,-5.392156862745097,debris_rock
135,60,238,-1.6666666666666679,debris_rock
135,61,171,-8.235294117647062,mixed_snow_ice
135,62,196,-5.784313725490193,debris_rock
135,63,202,-5.196078431372548,debris_rock
135,64,195,-5.882352941176471,debris_rock
135,65,229,-2.5490196078431353,debris_rock
135,69,118,-13.431372549019608,regular_glacier_ice
135,70,135,-11.76470588235294,clean_glacier_ice
135,71,120,-13.23529411764706,regular_glacier_ice
135,72,217,-3.7254901960784323,debris_rock
135,73,163,-9.019607843137257,clean_glacier_ice
135,74,190,-6.372549019607842,debris_rock
135,75,193,-6.078431372549019,debris_rock
135,76,222,-3.235294117647058,debris_rock
135,77,194,-5.980392156862745,debris_rock
135,78,187,-6.666666666666668,debris_rock
135,79,170,-8.333333333333336,mixed_snow_ice
135,80,173,-8.03921568627451,mixed_snow_ice
135,81,205,-4.901960784313726,debris_rock
135,82,226,-2.8431372549019613,debris_rock
135,83,238,-1.6666666666666679,debris_rock
135,84,255,0.0,debris_rock
135,85,213,-4.117647058823529,debris_rock
135,86,201,-5.2941176470588225,debris_rock
135,87,173,-8.03921568627451,mixed_snow_ice
135,88,158,-9.509803921568627,clean_glacier_ice
135,89,123,-12.941176470588236,regular_glacier_ice
135,90,106,-14.607843137254902,regular_glacier_ice
135,91,134,-11.862745098039214,clean_glacier_ice
135,92,91,-16.07843137254902,regular_glacier_ice
135,93,87,-16.470588235294116,deep_glacier_ice
135,94,87,-16.470588235294116,deep_glacier_ice
135,95,66,-18.52941176470588,deep_glacier_ice
135,96,82,-16.96078431372549,deep_glacier_ice
135,97,231,-2.352941176470587,debris_rock
135,103,141,-11.176470588235293,clean_glacier_ice
135,104,99,-15.294117647058822,regular_glacier_ice
135,105,130,-12.254901960784315,clean_glacier_ice
135,106,166,-8.725490196078432,mixed_snow_ice
135,107,133,-11.960784313725489,clean_glacier_ice
135,108,120,-13.23529411764706,regular_glacier_ice
135,109,251,-0.3921568627451002,debris_rock
135,110,251,-0.3921568627451002,debris_rock
135,111,178,-7.549019607843139,mixed_snow_ice
135,112,131,-12.15686274509804,clean_glacier_ice
135,113,188,-6.56862745098039,debris_rock
135,114,203,-5.098039215686274,debris_rock
135,115,210,-4.411764705882355,debris_rock
135,116,187,-6.666666666666668,debris_rock
135,117,215,-3.9215686274509807,debris_rock
135,118,182,-7.156862745098039,mixed_snow_ice
135,119,192,-6.1764705882352935,debris_rock
135,120,168,-8.529411764705884,mixed_snow_ice
135,121,156,-9.705882352941176,clean_glacier_ice
135,122,149,-10.392156862745097,clean_glacier_ice
135,123,161,-9.215686274509805,clean_glacier_ice
135,124,186,-6.764705882352942,debris_rock
135,125,160,-9.313725490196079,clean_glacier_ice
135,126,178,-7.549019607843139,mixed_snow_ice
135,127,196,-5.784313725490193,debris_rock
135,128,214,-4.019607843137255,debris_rock
135,129,201,-5.2941176470588225,debris_rock
135,130,200,-5.392156862745097,debris_rock
135,131,189,-6.470588235294116,debris_rock
135,132,148,-10.49019607843137,clean_glacier_ice
135,133,191,-6.274509803921568,debris_rock
135,134,227,-2.745098039215687,debris_rock
135,135,244,-1.0784313725490193,debris_rock
135,136,207,-4.7058823529411775,debris_rock
135,137,255,0.0,debris_rock
135,138,255,0.0,debris_rock
135,139,178,-7.549019607843139,mixed_snow_ice
135,140,156,-9.705882352941176,clean_glacier_ice
135,141,139,-11.372549019607844,clean_glacier_ice
135,142,154,-9.901960784313726,clean_glacier_ice
135,143,199,-5.490196078431371,debris_rock
135,144,230,-2.450980392156861,debris_rock
135,145,188,-6.56862745098039,debris_rock
135,146,176,-7.745098039215687,mixed_snow_ice
135,147,113,-13.92156862745098,regular_glacier_ice
135,148,75,-17.647058823529413,deep_glacier_ice
135,149,79,-17.254901960784313,deep_glacier_ice
135,150,65,-18.627450980392158,deep_glacier_ice
135,151,41,-20.980392156862745,very_deep_glacier_ice
135,152,47,-20.392156862745097,deep_glacier_ice
135,153,71,-18.03921568627451,deep_glacier_ice
135,154,78,-17.352941176470587,deep_glacier_ice
135,155,71,-18.03921568627451,deep_glacier_ice
135,156,67,-18.431372549019606,deep_glacier_ice
135,157,122,-13.03921568627451,regular_glacier_ice
135,158,127,-12.549019607843137,regular_glacier_ice
135,159,157,-9.607843137254902,clean_glacier_ice
135,160,107,-14.509803921568627,regular_glacier_ice
135,161,127,-12.549019607843137,regular_glacier_ice
135,162,98,-15.392156862745097,regular_glacier_ice
135,163,77,-17.450980392156865,deep_glacier_ice
135,164,48,-20.294117647058822,deep_glacier_ice
135,165,79,-17.254901960784313,deep_glacier_ice
135,166,121,-13.137254901960786,regular_glacier_ice
135,167,137,-11.568627450980392,clean_glacier_ice
135,168,157,-9.607843137254902,clean_glacier_ice
135,169,158,-9.509803921568627,clean_glacier_ice
135,170,207,-4.7058823529411775,debris_rock
135,171,174,-7.9411764705882355,mixed_snow_ice
135,172,89,-16.274509803921568,regular_glacier_ice
135,173,98,-15.392156862745097,regular_glacier_ice
135,174,78,-17.352941176470587,deep_glacier_ice
135,175,66,-18.52941176470588,deep_glacier_ice
135,176,95,-15.686274509803921,regular_glacier_ice
135,177,80,-17.15686274509804,deep_glacier_ice
135,178,52,-19.901960784313726,deep_glacier_ice
135,179,55,-19.607843137254903,deep_glacier_ice
135,180,79,-17.254901960784313,deep_glacier_ice
135,181,85,-16.666666666666668,deep_glacier_ice
135,182,96,-15.588235294117647,regular_glacier_ice
135,183,88,-16.372549019607845,regular_glacier_ice
135,184,34,-21.666666666666668,very_deep_glacier_ice
135,185,58,-19.313725490196077,deep_glacier_ice
135,186,60,-19.11764705882353,deep_glacier_ice
135,187,75,-17.647058823529413,deep_glacier_ice
135,188,73,-17.84313725490196,deep_glacier_ice
135,189,85,-16.666666666666668,deep_glacier_ice
135,190,51,-20.0,deep_glacier_ice
135,191,75,-17.647058823529413,deep_glacier_ice
135,192,55,-19.607843137254903,deep_glacier_ice
135,193,67,-18.431372549019606,deep_glacier_ice
135,194,81,-17.058823529411764,deep_glacier_ice
135,195,58,-19.313725490196077,deep_glacier_ice
135,196,91,-16.07843137254902,regular_glacier_ice
135,197,78,-17.352941176470587,deep_glacier_ice
135,198,99,-15.294117647058822,regular_glacier_ice
135,199,93,-15.882352941176471,regular_glacier_ice
135,200,54,-19.705882352941178,deep_glacier_ice
135,201,97,-15.490196078431373,regular_glacier_ice
135,202,106,-14.607843137254902,regular_glacier_ice
135,203,99,-15.294117647058822,regular_glacier_ice
135,204,106,-14.607843137254902,regular_glacier_ice
135,205,94,-15.784313725490195,regular_glacier_ice
135,206,90,-16.176470588235293,regular_glacier_ice
135,207,79,-17.254901960784313,deep_glacier_ice
135,208,88,-16.372549019607845,regular_glacier_ice
135,209,135,-11.76470588235294,clean_glacier_ice
135,210,105,-14.705882352941178,regular_glacier_ice
135,211,105,-14.705882352941178,regular_glacier_ice
135,212,111,-14.117647058823529,regular_glacier_ice
135,213,72,-17.941176470588236,deep_glacier_ice
135,214,85,-16.666666666666668,deep_glacier_ice
135,215,101,-15.098039215686274,regular_glacier_ice
135,216,61,-19.019607843137255,deep_glacier_ice
135,217,72,-17.941176470588236,deep_glacier_ice
135,218,95,-15.686274509803921,regular_glacier_ice
135,219,139,-11.372549019607844,clean_glacier_ice
135,220,145,-10.784313725490197,clean_glacier_ice
135,221,133,-11.960784313725489,clean_glacier_ice
135,222,158,-9.509803921568627,clean_glacier_ice
136,0,126,-12.647058823529411,regular_glacier_ice
136,1,177,-7.647058823529413,mixed_snow_ice
136,2,218,-3.627450980392158,debris_rock
136,3,199,-5.490196078431371,debris_rock
136,4,199,-5.490196078431371,debris_rock
136,5,193,-6.078431372549019,debris_rock
136,6,224,-3.0392156862745097,debris_rock
136,7,193,-6.078431372549019,debris_rock
136,8,207,-4.7058823529411775,debris_rock
136,13,194,-5.980392156862745,debris_rock
136,14,180,-7.352941176470587,mixed_snow_ice
136,15,154,-9.901960784313726,clean_glacier_ice
136,16,144,-10.882352941176471,clean_glacier_ice
136,17,190,-6.372549019607842,debris_rock
136,18,245,-0.9803921568627452,debris_rock
136,19,232,-2.254901960784313,debris_rock
136,20,196,-5.784313725490193,debris_rock
136,21,197,-5.686274509803919,debris_rock
136,22,146,-10.686274509803923,clean_glacier_ice
136,23,244,-1.0784313725490193,debris_rock
136,24,208,-4.607843137254903,debris_rock
136,25,199,-5.490196078431371,debris_rock
136,26,254,-0.09803921568627416,debris_rock
136,27,219,-3.529411764705884,debris_rock
136,28,209,-4.509803921568629,debris_rock
136,29,189,-6.470588235294116,debris_rock
136,30,143,-10.980392156862745,clean_glacier_ice
136,31,97,-15.490196078431373,regular_glacier_ice
136,32,150,-10.294117647058822,clean_glacier_ice
136,33,203,-5.098039215686274,debris_rock
136,34,119,-13.333333333333334,regular_glacier_ice
136,35,108,-14.411764705882353,regular_glacier_ice
136,36,144,-10.882352941176471,clean_glacier_ice
136,37,105,-14.705882352941178,regular_glacier_ice
136,38,170,-8.333333333333336,mixed_snow_ice
136,39,255,0.0,debris_rock
136,40,254,-0.09803921568627416,debris_rock
136,45,103,-14.901960784313726,regular_glacier_ice
136,46,97,-15.490196078431373,regular_glacier_ice
136,47,134,-11.862745098039214,clean_glacier_ice
136,48,238,-1.6666666666666679,debris_rock
136,49,195,-5.882352941176471,debris_rock
136,50,208,-4.607843137254903,debris_rock
136,51,195,-5.882352941176471,debris_rock
136,52,210,-4.411764705882355,debris_rock
136,53,219,-3.529411764705884,debris_rock
136,54,167,-8.627450980392158,mixed_snow_ice
136,55,222,-3.235294117647058,debris_rock
136,56,221,-3.333333333333332,debris_rock
136,57,187,-6.666666666666668,debris_rock
136,58,203,-5.098039215686274,debris_rock
136,59,210,-4.411764705882355,debris_rock
136,60,214,-4.019607843137255,debris_rock
136,61,190,-6.372549019607842,debris_rock
136,62,123,-12.941176470588236,regular_glacier_ice
136,63,128,-12.450980392156863,regular_glacier_ice
136,64,155,-9.803921568627452,clean_glacier_ice
136,65,154,-9.901960784313726,clean_glacier_ice
136,66,158,-9.509803921568627,clean_glacier_ice
136,67,174,-7.9411764705882355,mixed_snow_ice
136,68,175,-7.843137254901961,mixed_snow_ice
136,69,162,-9.11764705882353,clean_glacier_ice
136,70,148,-10.49019607843137,clean_glacier_ice
136,71,157,-9.607843137254902,clean_glacier_ice
136,72,172,-8.137254901960784,mixed_snow_ice
136,73,172,-8.137254901960784,mixed_snow_ice
136,74,165,-8.823529411764707,clean_glacier_ice
136,75,180,-7.352941176470587,mixed_snow_ice
136,76,239,-1.5686274509803937,debris_rock
136,77,241,-1.3725490196078454,debris_rock
136,78,186,-6.764705882352942,debris_rock
136,79,243,-1.176470588235297,debris_rock
136,80,246,-0.882352941176471,debris_rock
136,81,175,-7.843137254901961,mixed_snow_ice
136,82,150,-10.294117647058822,clean_glacier_ice
136,83,155,-9.803921568627452,clean_glacier_ice
136,84,185,-6.862745098039216,mixed_snow_ice
136,85,224,-3.0392156862745097,debris_rock
136,86,218,-3.627450980392158,debris_rock
136,87,108,-14.411764705882353,regular_glacier_ice
136,88,64,-18.725490196078432,deep_glacier_ice
136,89,75,-17.647058823529413,deep_glacier_ice
136,90,80,-17.15686274509804,deep_glacier_ice
136,91,84,-16.764705882352942,deep_glacier_ice
136,92,77,-17.450980392156865,deep_glacier_ice
136,93,75,-17.647058823529413,deep_glacier_ice
136,94,80,-17.15686274509804,deep_glacier_ice
136,95,83,-16.862745098039216,deep_glacier_ice
136,96,82,-16.96078431372549,deep_glacier_ice
136,97,82,-16.96078431372549,deep_glacier_ice
136,98,107,-14.509803921568627,regular_glacier_ice
136,99,104,-14.803921568627452,regular_glacier_ice
136,100,136,-11.666666666666666,clean_glacier_ice
136,101,120,-13.23529411764706,regular_glacier_ice
136,102,129,-12.352941176470589,regular_glacier_ice
136,103,89,-16.274509803921568,regular_glacier_ice
136,104,82,-16.96078431372549,deep_glacier_ice
136,105,31,-21.96078431372549,very_deep_glacier_ice
136,106,62,-18.92156862745098,deep_glacier_ice
136,107,51,-20.0,deep_glacier_ice
136,108,89,-16.274509803921568,regular_glacier_ice
136,109,200,-5.392156862745097,debris_rock
136,110,201,-5.2941176470588225,debris_rock
136,111,202,-5.196078431372548,debris_rock
136,112,212,-4.215686274509803,debris_rock
136,113,246,-0.882352941176471,debris_rock
136,114,144,-10.882352941176471,clean_glacier_ice
136,115,94,-15.784313725490195,regular_glacier_ice
136,116,85,-16.666666666666668,deep_glacier_ice
136,117,58,-19.313725490196077,deep_glacier_ice
136,118,93,-15.882352941176471,regular_glacier_ice
136,119,111,-14.117647058823529,regular_glacier_ice
136,120,66,-18.52941176470588,deep_glacier_ice
136,121,56,-19.509803921568626,deep_glacier_ice
136,122,51,-20.0,deep_glacier_ice
136,123,64,-18.725490196078432,deep_glacier_ice
136,124,110,-14.215686274509803,regular_glacier_ice
136,125,91,-16.07843137254902,regular_glacier_ice
136,126,79,-17.254901960784313,deep_glacier_ice
136,127,81,-17.058823529411764,deep_glacier_ice
136,128,67,-18.431372549019606,deep_glacier_ice
136,129,99,-15.294117647058822,regular_glacier_ice
136,130,83,-16.862745098039216,deep_glacier_ice
136,131,54,-19.705882352941178,deep_glacier_ice
136,132,53,-19.80392156862745,deep_glacier_ice
136,133,63,-18.823529411764707,deep_glacier_ice
136,134,61,-19.019607843137255,deep_glacier_ice
136,135,94,-15.784313725490195,regular_glacier_ice
136,136,73,-17.84313725490196,deep_glacier_ice
136,137,66,-18.52941176470588,deep_glacier_ice
136,138,66,-18.52941176470588,deep_glacier_ice
136,139,76,-17.549019607843135,deep_glacier_ice
136,140,95,-15.686274509803921,regular_glacier_ice
136,141,101,-15.098039215686274,regular_glacier_ice
136,142,85,-16.666666666666668,deep_glacier_ice
136,143,73,-17.84313725490196,deep_glacier_ice
136,144,99,-15.294117647058822,regular_glacier_ice
136,145,91,-16.07843137254902,regular_glacier_ice
136,146,95,-15.686274509803921,regular_glacier_ice
136,147,84,-16.764705882352942,deep_glacier_ice
136,148,75,-17.647058823529413,deep_glacier_ice
136,149,92,-15.980392156862745,regular_glacier_ice
136,150,85,-16.666666666666668,deep_glacier_ice
136,151,72,-17.941176470588236,deep_glacier_ice
136,152,55,-19.607843137254903,deep_glacier_ice
136,153,99,-15.294117647058822,regular_glacier_ice
136,154,79,-17.254901960784313,deep_glacier_ice
136,155,60,-19.11764705882353,deep_glacier_ice
136,156,74,-17.745098039215684,deep_glacier_ice
136,157,77,-17.450980392156865,deep_glacier_ice
136,158,56,-19.509803921568626,deep_glacier_ice
136,159,74,-17.745098039215684,deep_glacier_ice
136,160,91,-16.07843137254902,regular_glacier_ice
136,161,98,-15.392156862745097,regular_glacier_ice
136,162,97,-15.490196078431373,regular_glacier_ice
136,163,103,-14.901960784313726,regular_glacier_ice
136,164,146,-10.686274509803923,clean_glacier_ice
136,165,149,-10.392156862745097,clean_glacier_ice
136,166,173,-8.03921568627451,mixed_snow_ice
136,167,190,-6.372549019607842,debris_rock
136,168,146,-10.686274509803923,clean_glacier_ice
136,169,197,-5.686274509803919,debris_rock
136,170,175,-7.843137254901961,mixed_snow_ice
136,171,191,-6.274509803921568,debris_rock
136,172,147,-10.588235294117649,clean_glacier_ice
136,173,127,-12.549019607843137,regular_glacier_ice
136,179,159,-9.411764705882353,clean_glacier_ice
136,180,159,-9.411764705882353,clean_glacier_ice
136,181,155,-9.803921568627452,clean_glacier_ice
136,182,120,-13.23529411764706,regular_glacier_ice
136,183,253,-0.19607843137254832,debris_rock
136,184,237,-1.764705882352942,debris_rock
136,185,223,-3.137254901960784,debris_rock
136,186,207,-4.7058823529411775,debris_rock
136,187,192,-6.1764705882352935,debris_rock
136,188,197,-5.686274509803919,debris_rock
136,189,185,-6.862745098039216,mixed_snow_ice
136,190,171,-8.235294117647062,mixed_snow_ice
136,191,168,-8.529411764705884,mixed_snow_ice
136,192,163,-9.019607843137257,clean_glacier_ice
136,193,132,-12.058823529411763,clean_glacier_ice
136,194,163,-9.019607843137257,clean_glacier_ice
136,195,97,-15.490196078431373,regular_glacier_ice
136,196,84,-16.764705882352942,deep_glacier_ice
136,197,162,-9.11764705882353,clean_glacier_ice
136,198,255,0.0,debris_rock
136,199,121,-13.137254901960786,regular_glacier_ice
136,200,88,-16.372549019607845,regular_glacier_ice
136,201,174,-7.9411764705882355,mixed_snow_ice
136,202,159,-9.411764705882353,clean_glacier_ice
136,203,236,-1.8627450980392162,debris_rock
136,204,230,-2.450980392156861,debris_rock
136,205,143,-10.980392156862745,clean_glacier_ice
136,206,170,-8.333333333333336,mixed_snow_ice
136,209,207,-4.7058823529411775,debris_rock
136,210,136,-11.666666666666666,clean_glacier_ice
136,211,202,-5.196078431372548,debris_rock
136,212,170,-8.333333333333336,mixed_snow_ice
136,213,211,-4.313725490196081,debris_rock
136,214,197,-5.686274509803919,debris_rock
136,215,215,-3.9215686274509807,debris_rock
136,216,208,-4.607843137254903,debris_rock
136,217,188,-6.56862745098039,debris_rock
136,218,182,-7.156862745098039,mixed_snow_ice
136,219,201,-5.2941176470588225,debris_rock
136,220,199,-5.490196078431371,debris_rock
136,221,220,-3.4313725490196063,debris_rock
136,222,209,-4.509803921568629,debris_rock
137,0,193,-6.078431372549019,debris_rock
137,1,176,-7.745098039215687,mixed_snow_ice
137,2,141,-11.176470588235293,clean_glacier_ice
137,3,113,-13.92156862745098,regular_glacier_ice
137,4,89,-16.274509803921568,regular_glacier_ice
137,5,69,-18.235294117647058,deep_glacier_ice
137,6,128,-12.450980392156863,regular_glacier_ice
137,7,146,-10.686274509803923,clean_glacier_ice
137,8,116,-13.627450980392156,regular_glacier_ice
137,9,165,-8.823529411764707,clean_glacier_ice
137,10,180,-7.352941176470587,mixed_snow_ice
137,11,151,-10.196078431372548,clean_glacier_ice
137,12,109,-14.313725490196079,regular_glacier_ice
137,13,86,-16.568627450980394,deep_glacier_ice
137,14,157,-9.607843137254902,clean_glacier_ice
137,15,174,-7.9411764705882355,mixed_snow_ice
137,16,152,-10.098039215686274,clean_glacier_ice
137,17,162,-9.11764705882353,clean_glacier_ice
137,18,255,0.0,debris_rock
137,19,206,-4.803921568627452,debris_rock
137,20,152,-10.098039215686274,clean_glacier_ice
137,21,112,-14.019607843137255,regular_glacier_ice
137,22,146,-10.686274509803923,clean_glacier_ice
137,23,148,-10.49019607843137,clean_glacier_ice
137,24,139,-11.372549019607844,clean_glacier_ice
137,25,188,-6.56862745098039,debris_rock
137,26,150,-10.294117647058822,clean_glacier_ice
137,27,184,-6.96078431372549,mixed_snow_ice
137,28,177,-7.647058823529413,mixed_snow_ice
137,29,145,-10.784313725490197,clean_glacier_ice
137,30,90,-16.176470588235293,regular_glacier_ice
137,31,110,-14.215686274509803,regular_glacier_ice
137,32,73,-17.84313725490196,deep_glacier_ice
137,33,57,-19.41176470588235,deep_glacier_ice
137,34,75,-17.647058823529413,deep_glacier_ice
137,35,60,-19.11764705882353,deep_glacier_ice
137,36,81,-17.058823529411764,deep_glacier_ice
137,37,95,-15.686274509803921,regular_glacier_ice
137,38,91,-16.07843137254902,regular_glacier_ice
137,39,69,-18.235294117647058,deep_glacier_ice
137,40,109,-14.313725490196079,regular_glacier_ice
137,41,113,-13.92156862745098,regular_glacier_ice
137,42,129,-12.352941176470589,regular_glacier_ice
137,43,131,-12.15686274509804,clean_glacier_ice
137,44,101,-15.098039215686274,regular_glacier_ice
137,45,106,-14.607843137254902,regular_glacier_ice
137,46,84,-16.764705882352942,deep_glacier_ice
137,47,65,-18.627450980392158,deep_glacier_ice
137,48,74,-17.745098039215684,deep_glacier_ice
137,49,95,-15.686274509803921,regular_glacier_ice
137,50,114,-13.823529411764705,regular_glacier_ice
137,51,209,-4.509803921568629,debris_rock
137,52,128,-12.450980392156863,regular_glacier_ice
137,53,166,-8.725490196078432,mixed_snow_ice
137,54,164,-8.92156862745098,clean_glacier_ice
137,55,221,-3.333333333333332,debris_rock
137,56,131,-12.15686274509804,clean_glacier_ice
137,57,73,-17.84313725490196,deep_glacier_ice
137,58,75,-17.647058823529413,deep_glacier_ice
137,59,93,-15.882352941176471,regular_glacier_ice
137,60,97,-15.490196078431373,regular_glacier_ice
137,61,59,-19.215686274509803,deep_glacier_ice
137,62,57,-19.41176470588235,deep_glacier_ice
137,63,48,-20.294117647058822,deep_glacier_ice
137,64,61,-19.019607843137255,deep_glacier_ice
137,65,76,-17.549019607843135,deep_glacier_ice
137,66,85,-16.666666666666668,deep_glacier_ice
137,67,81,-17.058823529411764,deep_glacier_ice
137,68,77,-17.450980392156865,deep_glacier_ice
137,69,68,-18.333333333333332,deep_glacier_ice
137,70,55,-19.607843137254903,deep_glacier_ice
137,71,71,-18.03921568627451,deep_glacier_ice
137,72,70,-18.137254901960784,deep_glacier_ice
137,73,76,-17.549019607843135,deep_glacier_ice
137,74,68,-18.333333333333332,deep_glacier_ice
137,75,87,-16.470588235294116,deep_glacier_ice
137,76,32,-21.862745098039216,very_deep_glacier_ice
137,77,62,-18.92156862745098,deep_glacier_ice
137,78,57,-19.41176470588235,deep_glacier_ice
137,79,75,-17.647058823529413,deep_glacier_ice
137,80,66,-18.52941176470588,deep_glacier_ice
137,81,77,-17.450980392156865,deep_glacier_ice
137,82,101,-15.098039215686274,regular_glacier_ice
137,83,72,-17.941176470588236,deep_glacier_ice
137,84,71,-18.03921568627451,deep_glacier_ice
137,85,88,-16.372549019607845,regular_glacier_ice
137,86,78,-17.352941176470587,deep_glacier_ice
137,87,109,-14.313725490196079,regular_glacier_ice
137,88,106,-14.607843137254902,regular_glacier_ice
137,89,83,-16.862745098039216,deep_glacier_ice
137,90,88,-16.372549019607845,regular_glacier_ice
137,91,73,-17.84313725490196,deep_glacier_ice
137,92,96,-15.588235294117647,regular_glacier_ice
137,93,90,-16.176470588235293,regular_glacier_ice
137,94,49,-20.19607843137255,deep_glacier_ice
137,95,102,-15.0,regular_glacier_ice
137,96,66,-18.52941176470588,deep_glacier_ice
137,97,47,-20.392156862745097,deep_glacier_ice
137,98,65,-18.627450980392158,deep_glacier_ice
137,99,87,-16.470588235294116,deep_glacier_ice
137,100,68,-18.333333333333332,deep_glacier_ice
137,101,102,-15.0,regular_glacier_ice
137,102,94,-15.784313725490195,regular_glacier_ice
137,103,83,-16.862745098039216,deep_glacier_ice
137,104,96,-15.588235294117647,regular_glacier_ice
137,105,74,-17.745098039215684,deep_glacier_ice
137,106,106,-14.607843137254902,regular_glacier_ice
137,107,96,-15.588235294117647,regular_glacier_ice
137,108,135,-11.76470588235294,clean_glacier_ice
137,109,167,-8.627450980392158,mixed_snow_ice
137,110,163,-9.019607843137257,clean_glacier_ice
137,111,164,-8.92156862745098,clean_glacier_ice
137,112,122,-13.03921568627451,regular_glacier_ice
137,113,105,-14.705882352941178,regular_glacier_ice
137,114,103,-14.901960784313726,regular_glacier_ice
137,115,93,-15.882352941176471,regular_glacier_ice
137,116,78,-17.352941176470587,deep_glacier_ice
137,122,191,-6.274509803921568,debris_rock
137,123,133,-11.960784313725489,clean_glacier_ice
137,124,74,-17.745098039215684,deep_glacier_ice
137,125,171,-8.235294117647062,mixed_snow_ice
137,126,247,-0.7843137254901968,debris_rock
137,127,220,-3.4313725490196063,debris_rock
137,128,169,-8.43137254901961,mixed_snow_ice
137,129,130,-12.254901960784315,clean_glacier_ice
137,130,106,-14.607843137254902,regular_glacier_ice
137,131,118,-13.431372549019608,regular_glacier_ice
137,132,134,-11.862745098039214,clean_glacier_ice
137,133,106,-14.607843137254902,regular_glacier_ice
137,134,137,-11.568627450980392,clean_glacier_ice
137,135,52,-19.901960784313726,deep_glacier_ice
137,136,99,-15.294117647058822,regular_glacier_ice
137,137,86,-16.568627450980394,deep_glacier_ice
137,138,113,-13.92156862745098,regular_glacier_ice
137,139,232,-2.254901960784313,debris_rock
137,140,226,-2.8431372549019613,debris_rock
137,141,156,-9.705882352941176,clean_glacier_ice
137,142,107,-14.509803921568627,regular_glacier_ice
137,143,170,-8.333333333333336,mixed_snow_ice
137,144,142,-11.07843137254902,clean_glacier_ice
137,145,146,-10.686274509803923,clean_glacier_ice
137,146,116,-13.627450980392156,regular_glacier_ice
137,147,205,-4.901960784313726,debris_rock
137,148,190,-6.372549019607842,debris_rock
137,151,192,-6.1764705882352935,debris_rock
137,152,220,-3.4313725490196063,debris_rock
137,153,193,-6.078431372549019,debris_rock
137,154,162,-9.11764705882353,clean_glacier_ice
137,155,162,-9.11764705882353,clean_glacier_ice
137,156,187,-6.666666666666668,debris_rock
137,157,207,-4.7058823529411775,debris_rock
137,158,194,-5.980392156862745,debris_rock
137,159,187,-6.666666666666668,debris_rock
137,160,187,-6.666666666666668,debris_rock
137,161,185,-6.862745098039216,mixed_snow_ice
137,162,193,-6.078431372549019,debris_rock
137,163,221,-3.333333333333332,debris_rock
137,164,209,-4.509803921568629,debris_rock
137,165,135,-11.76470588235294,clean_glacier_ice
137,166,126,-12.647058823529411,regular_glacier_ice
137,167,112,-14.019607843137255,regular_glacier_ice
137,168,91,-16.07843137254902,regular_glacier_ice
137,169,111,-14.117647058823529,regular_glacier_ice
137,170,96,-15.588235294117647,regular_glacier_ice
137,171,127,-12.549019607843137,regular_glacier_ice
137,172,144,-10.882352941176471,clean_glacier_ice
137,173,129,-12.352941176470589,regular_glacier_ice
137,174,154,-9.901960784313726,clean_glacier_ice
137,175,183,-7.0588235294117645,mixed_snow_ice
137,176,177,-7.647058823529413,mixed_snow_ice
137,177,188,-6.56862745098039,debris_rock
137,178,76,-17.549019607843135,deep_glacier_ice
137,179,99,-15.294117647058822,regular_glacier_ice
137,180,120,-13.23529411764706,regular_glacier_ice
137,181,122,-13.03921568627451,regular_glacier_ice
137,182,134,-11.862745098039214,clean_glacier_ice
137,183,232,-2.254901960784313,debris_rock
137,184,174,-7.9411764705882355,mixed_snow_ice
137,185,141,-11.176470588235293,clean_glacier_ice
137,186,136,-11.666666666666666,clean_glacier_ice
137,187,114,-13.823529411764705,regular_glacier_ice
137,188,75,-17.647058823529413,deep_glacier_ice
137,189,95,-15.686274509803921,regular_glacier_ice
137,190,182,-7.156862745098039,mixed_snow_ice
137,191,223,-3.137254901960784,debris_rock
137,192,196,-5.784313725490193,debris_rock
137,193,157,-9.607843137254902,clean_glacier_ice
137,194,190,-6.372549019607842,debris_rock
137,195,166,-8.725490196078432,mixed_snow_ice
137,196,149,-10.392156862745097,clean_glacier_ice
137,197,136,-11.666666666666666,clean_glacier_ice
137,198,104,-14.803921568627452,regular_glacier_ice
137,199,92,-15.980392156862745,regular_glacier_ice
137,200,123,-12.941176470588236,regular_glacier_ice
137,201,101,-15.098039215686274,regular_glacier_ice
137,202,94,-15.784313725490195,regular_glacier_ice
137,203,106,-14.607843137254902,regular_glacier_ice
137,204,96,-15.588235294117647,regular_glacier_ice
137,205,95,-15.686274509803921,regular_glacier_ice
137,206,104,-14.803921568627452,regular_glacier_ice
137,207,116,-13.627450980392156,regular_glacier_ice
137,208,145,-10.784313725490197,clean_glacier_ice
137,209,62,-18.92156862745098,deep_glacier_ice
137,210,67,-18.431372549019606,deep_glacier_ice
137,211,101,-15.098039215686274,regular_glacier_ice
137,212,124,-12.843137254901961,regular_glacier_ice
137,213,73,-17.84313725490196,deep_glacier_ice
137,214,114,-13.823529411764705,regular_glacier_ice
137,215,153,-10.0,clean_glacier_ice
137,216,240,-1.4705882352941195,debris_rock
137,217,159,-9.411764705882353,clean_glacier_ice
137,218,132,-12.058823529411763,clean_glacier_ice
137,219,124,-12.843137254901961,regular_glacier_ice
137,220,159,-9.411764705882353,clean_glacier_ice
137,221,138,-11.470588235294118,clean_glacier_ice
137,222,71,-18.03921568627451,deep_glacier_ice
138,0,37,-21.372549019607842,very_deep_glacier_ice
138,1,81,-17.058823529411764,deep_glacier_ice
138,2,69,-18.235294117647058,deep_glacier_ice
138,3,58,-19.313725490196077,deep_glacier_ice
138,4,52,-19.901960784313726,deep_glacier_ice
138,5,46,-20.490196078431374,deep_glacier_ice
138,6,41,-20.980392156862745,very_deep_glacier_ice
138,7,51,-20.0,deep_glacier_ice
138,8,74,-17.745098039215684,deep_glacier_ice
138,9,93,-15.882352941176471,regular_glacier_ice
138,10,86,-16.568627450980394,deep_glacier_ice
138,11,57,-19.41176470588235,deep_glacier_ice
138,12,53,-19.80392156862745,deep_glacier_ice
138,13,63,-18.823529411764707,deep_glacier_ice
138,14,67,-18.431372549019606,deep_glacier_ice
138,15,62,-18.92156862745098,deep_glacier_ice
138,16,81,-17.058823529411764,deep_glacier_ice
138,17,62,-18.92156862745098,deep_glacier_ice
138,18,36,-21.470588235294116,very_deep_glacier_ice
138,19,82,-16.96078431372549,deep_glacier_ice
138,20,66,-18.52941176470588,deep_glacier_ice
138,21,44,-20.686274509803923,deep_glacier_ice
138,22,67,-18.431372549019606,deep_glacier_ice
138,23,76,-17.549019607843135,deep_glacier_ice
138,24,56,-19.509803921568626,deep_glacier_ice
138,25,45,-20.588235294117645,deep_glacier_ice
138,26,56,-19.509803921568626,deep_glacier_ice
138,27,101,-15.098039215686274,regular_glacier_ice
138,28,67,-18.431372549019606,deep_glacier_ice
138,29,77,-17.450980392156865,deep_glacier_ice
138,30,78,-17.352941176470587,deep_glacier_ice
138,31,70,-18.137254901960784,deep_glacier_ice
138,32,89,-16.274509803921568,regular_glacier_ice
138,33,67,-18.431372549019606,deep_glacier_ice
138,34,80,-17.15686274509804,deep_glacier_ice
138,35,100,-15.196078431372548,regular_glacier_ice
138,36,75,-17.647058823529413,deep_glacier_ice
138,37,101,-15.098039215686274,regular_glacier_ice
138,38,94,-15.784313725490195,regular_glacier_ice
138,39,93,-15.882352941176471,regular_glacier_ice
138,40,99,-15.294117647058822,regular_glacier_ice
138,41,79,-17.254901960784313,deep_glacier_ice
138,42,97,-15.490196078431373,regular_glacier_ice
138,43,95,-15.686274509803921,regular_glacier_ice
138,44,104,-14.803921568627452,regular_glacier_ice
138,45,63,-18.823529411764707,deep_glacier_ice
138,46,98,-15.392156862745097,regular_glacier_ice
138,47,77,-17.450980392156865,deep_glacier_ice
138,48,111,-14.117647058823529,regular_glacier_ice
138,49,82,-16.96078431372549,deep_glacier_ice
138,50,77,-17.450980392156865,deep_glacier_ice
138,51,96,-15.588235294117647,regular_glacier_ice
138,52,107,-14.509803921568627,regular_glacier_ice
138,53,102,-15.0,regular_glacier_ice
138,54,93,-15.882352941176471,regular_glacier_ice
138,55,79,-17.254901960784313,deep_glacier_ice
138,56,91,-16.07843137254902,regular_glacier_ice
138,57,101,-15.098039215686274,regular_glacier_ice
138,58,84,-16.764705882352942,deep_glacier_ice
138,59,78,-17.352941176470587,deep_glacier_ice
138,64,224,-3.0392156862745097,debris_rock
138,65,146,-10.686274509803923,clean_glacier_ice
138,66,129,-12.352941176470589,regular_glacier_ice
138,67,201,-5.2941176470588225,debris_rock
138,68,255,0.0,debris_rock
138,69,118,-13.431372549019608,regular_glacier_ice
138,70,111,-14.117647058823529,regular_glacier_ice
138,71,104,-14.803921568627452,regular_glacier_ice
138,72,104,-14.803921568627452,regular_glacier_ice
138,73,101,-15.098039215686274,regular_glacier_ice
138,74,103,-14.901960784313726,regular_glacier_ice
138,75,119,-13.333333333333334,regular_glacier_ice
138,76,102,-15.0,regular_glacier_ice
138,77,98,-15.392156862745097,regular_glacier_ice
138,78,95,-15.686274509803921,regular_glacier_ice
138,79,106,-14.607843137254902,regular_glacier_ice
138,80,68,-18.333333333333332,deep_glacier_ice
138,81,218,-3.627450980392158,debris_rock
138,82,152,-10.098039215686274,clean_glacier_ice
138,83,120,-13.23529411764706,regular_glacier_ice
138,84,132,-12.058823529411763,clean_glacier_ice
138,85,123,-12.941176470588236,regular_glacier_ice
138,86,95,-15.686274509803921,regular_glacier_ice
138,87,173,-8.03921568627451,mixed_snow_ice
138,88,155,-9.803921568627452,clean_glacier_ice
138,91,197,-5.686274509803919,debris_rock
138,92,255,0.0,debris_rock
138,93,221,-3.333333333333332,debris_rock
138,94,203,-5.098039215686274,debris_rock
138,95,173,-8.03921568627451,mixed_snow_ice
138,96,164,-8.92156862745098,clean_glacier_ice
138,97,197,-5.686274509803919,debris_rock
138,98,152,-10.098039215686274,clean_glacier_ice
138,99,178,-7.549019607843139,mixed_snow_ice
138,100,176,-7.745098039215687,mixed_snow_ice
138,101,207,-4.7058823529411775,debris_rock
138,102,199,-5.490196078431371,debris_rock
138,103,182,-7.156862745098039,mixed_snow_ice
138,104,207,-4.7058823529411775,debris_rock
138,105,189,-6.470588235294116,debris_rock
138,106,155,-9.803921568627452,clean_glacier_ice
138,107,105,-14.705882352941178,regular_glacier_ice
138,108,110,-14.215686274509803,regular_glacier_ice
138,109,100,-15.196078431372548,regular_glacier_ice
138,110,86,-16.568627450980394,deep_glacier_ice
138,111,83,-16.862745098039216,deep_glacier_ice
138,112,93,-15.882352941176471,regular_glacier_ice
138,113,77,-17.450980392156865,deep_glacier_ice
138,114,146,-10.686274509803923,clean_glacier_ice
138,115,120,-13.23529411764706,regular_glacier_ice
138,116,143,-10.980392156862745,clean_glacier_ice
138,117,144,-10.882352941176471,clean_glacier_ice
138,118,168,-8.529411764705884,mixed_snow_ice
138,119,185,-6.862745098039216,mixed_snow_ice
138,120,88,-16.372549019607845,regular_glacier_ice
138,121,73,-17.84313725490196,deep_glacier_ice
138,122,92,-15.980392156862745,regular_glacier_ice
138,123,132,-12.058823529411763,clean_glacier_ice
138,124,130,-12.254901960784315,clean_glacier_ice
138,125,176,-7.745098039215687,mixed_snow_ice
138,126,163,-9.019607843137257,clean_glacier_ice
138,127,153,-10.0,clean_glacier_ice
138,128,164,-8.92156862745098,clean_glacier_ice
138,129,199,-5.490196078431371,debris_rock
138,130,176,-7.745098039215687,mixed_snow_ice
138,131,126,-12.647058823529411,regular_glacier_ice
138,132,167,-8.627450980392158,mixed_snow_ice
138,133,170,-8.333333333333336,mixed_snow_ice
138,134,153,-10.0,clean_glacier_ice
138,135,152,-10.098039215686274,clean_glacier_ice
138,136,189,-6.470588235294116,debris_rock
138,137,213,-4.117647058823529,debris_rock
138,138,209,-4.509803921568629,debris_rock
138,139,172,-8.137254901960784,mixed_snow_ice
138,140,133,-11.960784313725489,clean_glacier_ice
138,141,101,-15.098039215686274,regular_glacier_ice
138,142,86,-16.568627450980394,deep_glacier_ice
138,143,124,-12.843137254901961,regular_glacier_ice
138,144,116,-13.627450980392156,regular_glacier_ice
138,145,94,-15.784313725490195,regular_glacier_ice
138,146,125,-12.745098039215687,regular_glacier_ice
138,147,109,-14.313725490196079,regular_glacier_ice
138,148,125,-12.745098039215687,regular_glacier_ice
138,149,109,-14.313725490196079,regular_glacier_ice
138,150,120,-13.23529411764706,regular_glacier_ice
138,151,53,-19.80392156862745,deep_glacier_ice
138,152,61,-19.019607843137255,deep_glacier_ice
138,153,126,-12.647058823529411,regular_glacier_ice
138,154,112,-14.019607843137255,regular_glacier_ice
138,155,155,-9.803921568627452,clean_glacier_ice
138,156,129,-12.352941176470589,regular_glacier_ice
138,157,201,-5.2941176470588225,debris_rock
138,158,223,-3.137254901960784,debris_rock
138,159,194,-5.980392156862745,debris_rock
138,160,185,-6.862745098039216,mixed_snow_ice
138,161,156,-9.705882352941176,clean_glacier_ice
138,162,75,-17.647058823529413,deep_glacier_ice
138,163,80,-17.15686274509804,deep_glacier_ice
138,164,100,-15.196078431372548,regular_glacier_ice
138,165,80,-17.15686274509804,deep_glacier_ice
138,166,65,-18.627450980392158,deep_glacier_ice
138,167,69,-18.235294117647058,deep_glacier_ice
138,168,63,-18.823529411764707,deep_glacier_ice
138,169,57,-19.41176470588235,deep_glacier_ice
138,170,65,-18.627450980392158,deep_glacier_ice
138,171,65,-18.627450980392158,deep_glacier_ice
138,172,47,-20.392156862745097,deep_glacier_ice
138,173,58,-19.313725490196077,deep_glacier_ice
138,174,67,-18.431372549019606,deep_glacier_ice
138,175,77,-17.450980392156865,deep_glacier_ice
138,176,84,-16.764705882352942,deep_glacier_ice
138,177,62,-18.92156862745098,deep_glacier_ice
138,178,80,-17.15686274509804,deep_glacier_ice
138,179,49,-20.19607843137255,deep_glacier_ice
138,180,62,-18.92156862745098,deep_glacier_ice
138,181,64,-18.725490196078432,deep_glacier_ice
138,182,48,-20.294117647058822,deep_glacier_ice
138,183,97,-15.490196078431373,regular_glacier_ice
138,184,91,-16.07843137254902,regular_glacier_ice
138,185,78,-17.352941176470587,deep_glacier_ice
138,186,42,-20.88235294117647,very_deep_glacier_ice
138,187,41,-20.980392156862745,very_deep_glacier_ice
138,188,68,-18.333333333333332,deep_glacier_ice
138,189,66,-18.52941176470588,deep_glacier_ice
138,190,72,-17.941176470588236,deep_glacier_ice
138,191,74,-17.745098039215684,deep_glacier_ice
138,192,75,-17.647058823529413,deep_glacier_ice
138,193,72,-17.941176470588236,deep_glacier_ice
138,194,94,-15.784313725490195,regular_glacier_ice
138,195,82,-16.96078431372549,deep_glacier_ice
138,196,87,-16.470588235294116,deep_glacier_ice
138,197,89,-16.274509803921568,regular_glacier_ice
138,198,67,-18.431372549019606,deep_glacier_ice
138,199,64,-18.725490196078432,deep_glacier_ice
138,200,102,-15.0,regular_glacier_ice
138,201,63,-18.823529411764707,deep_glacier_ice
138,202,104,-14.803921568627452,regular_glacier_ice
138,203,78,-17.352941176470587,deep_glacier_ice
138,204,57,-19.41176470588235,deep_glacier_ice
138,205,55,-19.607843137254903,deep_glacier_ice
138,206,74,-17.745098039215684,deep_glacier_ice
138,207,78,-17.352941176470587,deep_glacier_ice
138,208,54,-19.705882352941178,deep_glacier_ice
138,209,73,-17.84313725490196,deep_glacier_ice
138,210,57,-19.41176470588235,deep_glacier_ice
138,211,98,-15.392156862745097,regular_glacier_ice
138,212,75,-17.647058823529413,deep_glacier_ice
138,213,68,-18.333333333333332,deep_glacier_ice
138,214,88,-16.372549019607845,regular_glacier_ice
138,215,77,-17.450980392156865,deep_glacier_ice
138,216,65,-18.627450980392158,deep_glacier_ice
138,217,98,-15.392156862745097,regular_glacier_ice
138,218,72,-17.941176470588236,deep_glacier_ice
138,219,75,-17.647058823529413,deep_glacier_ice
138,220,87,-16.470588235294116,deep_glacier_ice
138,221,58,-19.313725490196077,deep_glacier_ice
138,222,83,-16.862745098039216,deep_glacier_ice
139,0,46,-20.490196078431374,deep_glacier_ice
139,1,96,-15.588235294117647,regular_glacier_ice
139,2,145,-10.784313725490197,clean_glacier_ice
139,6,125,-12.745098039215687,regular_glacier_ice
139,7,136,-11.666666666666666,clean_glacier_ice
139,8,145,-10.784313725490197,clean_glacier_ice
139,9,219,-3.529411764705884,debris_rock
139,10,223,-3.137254901960784,debris_rock
139,11,154,-9.901960784313726,clean_glacier_ice
139,12,104,-14.803921568627452,regular_glacier_ice
139,13,47,-20.392156862745097,deep_glacier_ice
139,14,44,-20.686274509803923,deep_glacier_ice
139,15,67,-18.431372549019606,deep_glacier_ice
139,16,102,-15.0,regular_glacier_ice
139,17,96,-15.588235294117647,regular_glacier_ice
139,18,77,-17.450980392156865,deep_glacier_ice
139,19,67,-18.431372549019606,deep_glacier_ice
139,20,47,-20.392156862745097,deep_glacier_ice
139,21,64,-18.725490196078432,deep_glacier_ice
139,22,48,-20.294117647058822,deep_glacier_ice
139,23,136,-11.666666666666666,clean_glacier_ice
139,24,131,-12.15686274509804,clean_glacier_ice
139,25,161,-9.215686274509805,clean_glacier_ice
139,27,175,-7.843137254901961,mixed_snow_ice
139,33,222,-3.235294117647058,debris_rock
139,34,226,-2.8431372549019613,debris_rock
139,35,229,-2.5490196078431353,debris_rock
139,36,196,-5.784313725490193,debris_rock
139,37,158,-9.509803921568627,clean_glacier_ice
139,38,170,-8.333333333333336,mixed_snow_ice
139,39,156,-9.705882352941176,clean_glacier_ice
139,40,177,-7.647058823529413,mixed_snow_ice
139,41,201,-5.2941176470588225,debris_rock
139,42,190,-6.372549019607842,debris_rock
139,43,170,-8.333333333333336,mixed_snow_ice
139,44,170,-8.333333333333336,mixed_snow_ice
139,45,215,-3.9215686274509807,debris_rock
139,46,175,-7.843137254901961,mixed_snow_ice
139,47,153,-10.0,clean_glacier_ice
139,48,185,-6.862745098039216,mixed_snow_ice
139,49,120,-13.23529411764706,regular_glacier_ice
139,50,122,-13.03921568627451,regular_glacier_ice
139,51,103,-14.901960784313726,regular_glacier_ice
139,52,78,-17.352941176470587,deep_glacier_ice
139,53,85,-16.666666666666668,deep_glacier_ice
139,54,82,-16.96078431372549,deep_glacier_ice
139,55,86,-16.568627450980394,deep_glacier_ice
139,56,116,-13.627450980392156,regular_glacier_ice
139,57,122,-13.03921568627451,regular_glacier_ice
139,58,164,-8.92156862745098,clean_glacier_ice
139,59,138,-11.470588235294118,clean_glacier_ice
139,60,166,-8.725490196078432,mixed_snow_ice
139,61,186,-6.764705882352942,debris_rock
139,62,154,-9.901960784313726,clean_glacier_ice
139,63,66,-18.52941176470588,deep_glacier_ice
139,64,98,-15.392156862745097,regular_glacier_ice
139,65,133,-11.960784313725489,clean_glacier_ice
139,66,134,-11.862745098039214,clean_glacier_ice
139,67,160,-9.313725490196079,clean_glacier_ice
139,68,223,-3.137254901960784,debris_rock
139,69,216,-3.8235294117647065,debris_rock
139,70,198,-5.588235294117645,debris_rock
139,71,148,-10.49019607843137,clean_glacier_ice
139,72,116,-13.627450980392156,regular_glacier_ice
139,73,106,-14.607843137254902,regular_glacier_ice
139,74,43,-20.784313725490197,very_deep_glacier_ice
139,75,60,-19.11764705882353,deep_glacier_ice
139,76,60,-19.11764705882353,deep_glacier_ice
139,77,97,-15.490196078431373,regular_glacier_ice
139,78,152,-10.098039215686274,clean_glacier_ice
139,79,249,-0.5882352941176485,debris_rock
139,80,255,0.0,debris_rock
139,81,187,-6.666666666666668,debris_rock
139,82,189,-6.470588235294116,debris_rock
139,83,101,-15.098039215686274,regular_glacier_ice
139,84,70,-18.137254901960784,deep_glacier_ice
139,85,139,-11.372549019607844,clean_glacier_ice
139,86,142,-11.07843137254902,clean_glacier_ice
139,87,108,-14.411764705882353,regular_glacier_ice
139,88,96,-15.588235294117647,regular_glacier_ice
139,89,140,-11.274509803921568,clean_glacier_ice
139,90,159,-9.411764705882353,clean_glacier_ice
139,91,111,-14.117647058823529,regular_glacier_ice
139,92,73,-17.84313725490196,deep_glacier_ice
139,93,70,-18.137254901960784,deep_glacier_ice
139,94,86,-16.568627450980394,deep_glacier_ice
139,95,98,-15.392156862745097,regular_glacier_ice
139,96,203,-5.098039215686274,debris_rock
139,97,135,-11.76470588235294,clean_glacier_ice
139,98,171,-8.235294117647062,mixed_snow_ice
139,99,212,-4.215686274509803,debris_rock
139,100,211,-4.313725490196081,debris_rock
139,101,145,-10.784313725490197,clean_glacier_ice
139,102,107,-14.509803921568627,regular_glacier_ice
139,103,75,-17.647058823529413,deep_glacier_ice
139,104,92,-15.980392156862745,regular_glacier_ice
139,105,115,-13.72549019607843,regular_glacier_ice
139,106,75,-17.647058823529413,deep_glacier_ice
139,107,85,-16.666666666666668,deep_glacier_ice
139,108,56,-19.509803921568626,deep_glacier_ice
139,109,92,-15.980392156862745,regular_glacier_ice
139,110,63,-18.823529411764707,deep_glacier_ice
139,111,59,-19.215686274509803,deep_glacier_ice
139,112,60,-19.11764705882353,deep_glacier_ice
139,113,65,-18.627450980392158,deep_glacier_ice
139,114,57,-19.41176470588235,deep_glacier_ice
139,115,34,-21.666666666666668,very_deep_glacier_ice
139,116,71,-18.03921568627451,deep_glacier_ice
139,117,93,-15.882352941176471,regular_glacier_ice
139,118,85,-16.666666666666668,deep_glacier_ice
139,119,80,-17.15686274509804,deep_glacier_ice
139,120,84,-16.764705882352942,deep_glacier_ice
139,121,71,-18.03921568627451,deep_glacier_ice
139,122,42,-20.88235294117647,very_deep_glacier_ice
139,123,64,-18.725490196078432,deep_glacier_ice
139,124,62,-18.92156862745098,deep_glacier_ice
139,125,88,-16.372549019607845,regular_glacier_ice
139,126,59,-19.215686274509803,deep_glacier_ice
139,127,66,-18.52941176470588,deep_glacier_ice
139,128,60,-19.11764705882353,deep_glacier_ice
139,129,52,-19.901960784313726,deep_glacier_ice
139,130,80,-17.15686274509804,deep_glacier_ice
139,131,66,-18.52941176470588,deep_glacier_ice
139,132,54,-19.705882352941178,deep_glacier_ice
139,133,75,-17.647058823529413,deep_glacier_ice
139,134,87,-16.470588235294116,deep_glacier_ice
139,135,61,-19.019607843137255,deep_glacier_ice
139,136,108,-14.411764705882353,regular_glacier_ice
139,137,116,-13.627450980392156,regular_glacier_ice
139,138,67,-18.431372549019606,deep_glacier_ice
139,139,83,-16.862745098039216,deep_glacier_ice
139,140,55,-19.607843137254903,deep_glacier_ice
139,141,93,-15.882352941176471,regular_glacier_ice
139,142,72,-17.941176470588236,deep_glacier_ice
139,143,67,-18.431372549019606,deep_glacier_ice
139,144,100,-15.196078431372548,regular_glacier_ice
139,145,96,-15.588235294117647,regular_glacier_ice
139,146,76,-17.549019607843135,deep_glacier_ice
139,147,107,-14.509803921568627,regular_glacier_ice
139,148,83,-16.862745098039216,deep_glacier_ice
139,149,99,-15.294117647058822,regular_glacier_ice
139,150,48,-20.294117647058822,deep_glacier_ice
139,151,92,-15.980392156862745,regular_glacier_ice
139,152,103,-14.901960784313726,regular_glacier_ice
139,153,95,-15.686274509803921,regular_glacier_ice
139,154,91,-16.07843137254902,regular_glacier_ice
139,155,48,-20.294117647058822,deep_glacier_ice
139,156,100,-15.196078431372548,regular_glacier_ice
139,157,81,-17.058823529411764,deep_glacier_ice
139,158,79,-17.254901960784313,deep_glacier_ice
139,159,87,-16.470588235294116,deep_glacier_ice
139,160,83,-16.862745098039216,deep_glacier_ice
139,161,101,-15.098039215686274,regular_glacier_ice
139,162,60,-19.11764705882353,deep_glacier_ice
139,163,85,-16.666666666666668,deep_glacier_ice
139,164,77,-17.450980392156865,deep_glacier_ice
139,165,61,-19.019607843137255,deep_glacier_ice
139,166,105,-14.705882352941178,regular_glacier_ice
139,167,106,-14.607843137254902,regular_glacier_ice
139,168,115,-13.72549019607843,regular_glacier_ice
139,170,170,-8.333333333333336,mixed_snow_ice
139,171,82,-16.96078431372549,deep_glacier_ice
139,172,90,-16.176470588235293,regular_glacier_ice
139,173,159,-9.411764705882353,clean_glacier_ice
139,174,193,-6.078431372549019,debris_rock
139,175,195,-5.882352941176471,debris_rock
139,176,124,-12.843137254901961,regular_glacier_ice
139,177,74,-17.745098039215684,deep_glacier_ice
139,178,91,-16.07843137254902,regular_glacier_ice
139,179,87,-16.470588235294116,deep_glacier_ice
139,180,68,-18.333333333333332,deep_glacier_ice
139,181,60,-19.11764705882353,deep_glacier_ice
139,182,62,-18.92156862745098,deep_glacier_ice
139,183,54,-19.705882352941178,deep_glacier_ice
139,184,82,-16.96078431372549,deep_glacier_ice
139,185,58,-19.313725490196077,deep_glacier_ice
139,186,33,-21.764705882352942,very_deep_glacier_ice
139,187,35,-21.568627450980394,very_deep_glacier_ice
139,196,160,-9.313725490196079,clean_glacier_ice
139,197,190,-6.372549019607842,debris_rock
139,198,219,-3.529411764705884,debris_rock
139,199,206,-4.803921568627452,debris_rock
139,200,174,-7.9411764705882355,mixed_snow_ice
139,201,171,-8.235294117647062,mixed_snow_ice
139,202,188,-6.56862745098039,debris_rock
139,203,152,-10.098039215686274,clean_glacier_ice
139,204,163,-9.019607843137257,clean_glacier_ice
139,205,179,-7.450980392156865,mixed_snow_ice
139,206,203,-5.098039215686274,debris_rock
139,207,204,-5.0,debris_rock
139,208,211,-4.313725490196081,debris_rock
139,209,145,-10.784313725490197,clean_glacier_ice
139,210,161,-9.215686274509805,clean_glacier_ice
139,211,180,-7.352941176470587,mixed_snow_ice
139,212,177,-7.647058823529413,mixed_snow_ice
139,213,225,-2.9411764705882355,debris_rock
139,214,212,-4.215686274509803,debris_rock
139,215,123,-12.941176470588236,regular_glacier_ice
139,216,105,-14.705882352941178,regular_glacier_ice
139,217,92,-15.980392156862745,regular_glacier_ice
139,218,101,-15.098039215686274,regular_glacier_ice
139,219,87,-16.470588235294116,deep_glacier_ice
139,220,70,-18.137254901960784,deep_glacier_ice
139,221,92,-15.980392156862745,regular_glacier_ice
139,222,153,-10.0,clean_glacier_ice
140,0,136,-11.666666666666666,clean_glacier_ice
140,1,185,-6.862745098039216,mixed_snow_ice
140,2,183,-7.0588235294117645,mixed_snow_ice
140,3,150,-10.294117647058822,clean_glacier_ice
140,4,182,-7.156862745098039,mixed_snow_ice
140,5,130,-12.254901960784315,clean_glacier_ice
140,6,127,-12.549019607843137,regular_glacier_ice
140,7,129,-12.352941176470589,regular_glacier_ice
140,8,154,-9.901960784313726,clean_glacier_ice
140,9,228,-2.6470588235294095,debris_rock
140,10,220,-3.4313725490196063,debris_rock
140,11,168,-8.529411764705884,mixed_snow_ice
140,12,104,-14.803921568627452,regular_glacier_ice
140,13,69,-18.235294117647058,deep_glacier_ice
140,14,93,-15.882352941176471,regular_glacier_ice
140,15,180,-7.352941176470587,mixed_snow_ice
140,16,91,-16.07843137254902,regular_glacier_ice
140,17,56,-19.509803921568626,deep_glacier_ice
140,18,85,-16.666666666666668,deep_glacier_ice
140,19,122,-13.03921568627451,regular_glacier_ice
140,20,197,-5.686274509803919,debris_rock
140,21,232,-2.254901960784313,debris_rock
140,22,252,-0.2941176470588225,debris_rock
140,23,169,-8.43137254901961,mixed_snow_ice
140,24,194,-5.980392156862745,debris_rock
140,25,192,-6.1764705882352935,debris_rock
140,26,150,-10.294117647058822,clean_glacier_ice
140,27,156,-9.705882352941176,clean_glacier_ice
140,28,177,-7.647058823529413,mixed_snow_ice
140,29,117,-13.529411764705882,regular_glacier_ice
140,30,106,-14.607843137254902,regular_glacier_ice
140,31,150,-10.294117647058822,clean_glacier_ice
140,32,140,-11.274509803921568,clean_glacier_ice
140,33,98,-15.392156862745097,regular_glacier_ice
140,34,69,-18.235294117647058,deep_glacier_ice
140,35,77,-17.450980392156865,deep_glacier_ice
140,36,96,-15.588235294117647,regular_glacier_ice
140,37,134,-11.862745098039214,clean_glacier_ice
140,38,183,-7.0588235294117645,mixed_snow_ice
140,39,161,-9.215686274509805,clean_glacier_ice
140,40,183,-7.0588235294117645,mixed_snow_ice
140,41,238,-1.6666666666666679,debris_rock
140,42,214,-4.019607843137255,debris_rock
140,43,129,-12.352941176470589,regular_glacier_ice
140,44,117,-13.529411764705882,regular_glacier_ice
140,45,128,-12.450980392156863,regular_glacier_ice
140,46,114,-13.823529411764705,regular_glacier_ice
140,47,97,-15.490196078431373,regular_glacier_ice
140,48,103,-14.901960784313726,regular_glacier_ice
140,49,81,-17.058823529411764,deep_glacier_ice
140,50,72,-17.941176470588236,deep_glacier_ice
140,51,72,-17.941176470588236,deep_glacier_ice
140,52,64,-18.725490196078432,deep_glacier_ice
140,53,93,-15.882352941176471,regular_glacier_ice
140,54,107,-14.509803921568627,regular_glacier_ice
140,55,70,-18.137254901960784,deep_glacier_ice
140,56,56,-19.509803921568626,deep_glacier_ice
140,57,71,-18.03921568627451,deep_glacier_ice
140,58,93,-15.882352941176471,regular_glacier_ice
140,59,93,-15.882352941176471,regular_glacier_ice
140,60,75,-17.647058823529413,deep_glacier_ice
140,61,64,-18.725490196078432,deep_glacier_ice
140,62,45,-20.588235294117645,deep_glacier_ice
140,63,32,-21.862745098039216,very_deep_glacier_ice
140,64,37,-21.372549019607842,very_deep_glacier_ice
140,65,39,-21.176470588235293,very_deep_glacier_ice
140,66,64,-18.725490196078432,deep_glacier_ice
140,67,60,-19.11764705882353,deep_glacier_ice
140,68,75,-17.647058823529413,deep_glacier_ice
140,69,57,-19.41176470588235,deep_glacier_ice
140,70,76,-17.549019607843135,deep_glacier_ice
140,71,30,-22.058823529411764,very_deep_glacier_ice
140,72,68,-18.333333333333332,deep_glacier_ice
140,73,47,-20.392156862745097,deep_glacier_ice
140,74,42,-20.88235294117647,very_deep_glacier_ice
140,75,52,-19.901960784313726,deep_glacier_ice
140,76,35,-21.568627450980394,very_deep_glacier_ice
140,77,68,-18.333333333333332,deep_glacier_ice
140,78,99,-15.294117647058822,regular_glacier_ice
140,79,99,-15.294117647058822,regular_glacier_ice
140,80,87,-16.470588235294116,deep_glacier_ice
140,81,60,-19.11764705882353,deep_glacier_ice
140,82,91,-16.07843137254902,regular_glacier_ice
140,83,61,-19.019607843137255,deep_glacier_ice
140,84,84,-16.764705882352942,deep_glacier_ice
140,85,89,-16.274509803921568,regular_glacier_ice
140,86,73,-17.84313725490196,deep_glacier_ice
140,87,86,-16.568627450980394,deep_glacier_ice
140,88,63,-18.823529411764707,deep_glacier_ice
140,89,48,-20.294117647058822,deep_glacier_ice
140,90,62,-18.92156862745098,deep_glacier_ice
140,91,94,-15.784313725490195,regular_glacier_ice
140,92,50,-20.098039215686274,deep_glacier_ice
140,93,72,-17.941176470588236,deep_glacier_ice
140,94,99,-15.294117647058822,regular_glacier_ice
140,95,84,-16.764705882352942,deep_glacier_ice
140,96,91,-16.07843137254902,regular_glacier_ice
140,97,82,-16.96078431372549,deep_glacier_ice
140,98,59,-19.215686274509803,deep_glacier_ice
140,99,109,-14.313725490196079,regular_glacier_ice
140,100,60,-19.11764705882353,deep_glacier_ice
140,101,73,-17.84313725490196,deep_glacier_ice
140,102,80,-17.15686274509804,deep_glacier_ice
140,103,77,-17.450980392156865,deep_glacier_ice
140,104,68,-18.333333333333332,deep_glacier_ice
140,105,84,-16.764705882352942,deep_glacier_ice
140,106,89,-16.274509803921568,regular_glacier_ice
140,107,107,-14.509803921568627,regular_glacier_ice
140,108,107,-14.509803921568627,regular_glacier_ice
140,109,98,-15.392156862745097,regular_glacier_ice
140,110,100,-15.196078431372548,regular_glacier_ice
140,111,110,-14.215686274509803,regular_glacier_ice
140,112,106,-14.607843137254902,regular_glacier_ice
140,113,60,-19.11764705882353,deep_glacier_ice
140,114,60,-19.11764705882353,deep_glacier_ice
140,115,110,-14.215686274509803,regular_glacier_ice
140,116,136,-11.666666666666666,clean_glacier_ice
140,117,211,-4.313725490196081,debris_rock
140,118,184,-6.96078431372549,mixed_snow_ice
140,119,101,-15.098039215686274,regular_glacier_ice
140,120,73,-17.84313725490196,deep_glacier_ice
140,121,90,-16.176470588235293,regular_glacier_ice
140,122,75,-17.647058823529413,deep_glacier_ice
140,123,64,-18.725490196078432,deep_glacier_ice
140,124,70,-18.137254901960784,deep_glacier_ice
140,125,62,-18.92156862745098,deep_glacier_ice
140,126,91,-16.07843137254902,regular_glacier_ice
140,127,53,-19.80392156862745,deep_glacier_ice
140,128,61,-19.019607843137255,deep_glacier_ice
140,129,40,-21.07843137254902,very_deep_glacier_ice
140,137,205,-4.901960784313726,debris_rock
140,138,125,-12.745098039215687,regular_glacier_ice
140,139,223,-3.137254901960784,debris_rock
140,140,227,-2.745098039215687,debris_rock
140,141,211,-4.313725490196081,debris_rock
140,142,239,-1.5686274509803937,debris_rock
140,143,175,-7.843137254901961,mixed_snow_ice
140,144,188,-6.56862745098039,debris_rock
140,145,171,-8.235294117647062,mixed_snow_ice
140,146,181,-7.254901960784313,mixed_snow_ice
140,147,183,-7.0588235294117645,mixed_snow_ice
140,148,186,-6.764705882352942,debris_rock
140,149,168,-8.529411764705884,mixed_snow_ice
140,150,204,-5.0,debris_rock
140,151,170,-8.333333333333336,mixed_snow_ice
140,152,142,-11.07843137254902,clean_glacier_ice
140,153,202,-5.196078431372548,debris_rock
140,154,181,-7.254901960784313,mixed_snow_ice
140,156,214,-4.019607843137255,debris_rock
140,157,164,-8.92156862745098,clean_glacier_ice
140,158,104,-14.803921568627452,regular_glacier_ice
140,159,93,-15.882352941176471,regular_glacier_ice
140,160,100,-15.196078431372548,regular_glacier_ice
140,161,104,-14.803921568627452,regular_glacier_ice
140,162,85,-16.666666666666668,deep_glacier_ice
140,163,78,-17.352941176470587,deep_glacier_ice
140,164,128,-12.450980392156863,regular_glacier_ice
140,165,103,-14.901960784313726,regular_glacier_ice
140,166,172,-8.137254901960784,mixed_snow_ice
140,167,202,-5.196078431372548,debris_rock
140,168,170,-8.333333333333336,mixed_snow_ice
140,169,125,-12.745098039215687,regular_glacier_ice
140,170,117,-13.529411764705882,regular_glacier_ice
140,171,139,-11.372549019607844,clean_glacier_ice
140,172,169,-8.43137254901961,mixed_snow_ice
140,173,200,-5.392156862745097,debris_rock
140,174,205,-4.901960784313726,debris_rock
140,175,151,-10.196078431372548,clean_glacier_ice
140,176,86,-16.568627450980394,deep_glacier_ice
140,177,111,-14.117647058823529,regular_glacier_ice
140,178,159,-9.411764705882353,clean_glacier_ice
140,179,155,-9.803921568627452,clean_glacier_ice
140,180,225,-2.9411764705882355,debris_rock
140,181,165,-8.823529411764707,clean_glacier_ice
140,182,108,-14.411764705882353,regular_glacier_ice
140,183,155,-9.803921568627452,clean_glacier_ice
140,184,200,-5.392156862745097,debris_rock
140,185,204,-5.0,debris_rock
140,186,246,-0.882352941176471,debris_rock
140,187,195,-5.882352941176471,debris_rock
140,188,138,-11.470588235294118,clean_glacier_ice
140,190,215,-3.9215686274509807,debris_rock
140,191,156,-9.705882352941176,clean_glacier_ice
140,192,169,-8.43137254901961,mixed_snow_ice
140,193,159,-9.411764705882353,clean_glacier_ice
140,194,163,-9.019607843137257,clean_glacier_ice
140,195,161,-9.215686274509805,clean_glacier_ice
140,196,120,-13.23529411764706,regular_glacier_ice
140,197,146,-10.686274509803923,clean_glacier_ice
140,198,129,-12.352941176470589,regular_glacier_ice
140,199,104,-14.803921568627452,regular_glacier_ice
140,200,82,-16.96078431372549,deep_glacier_ice
140,201,114,-13.823529411764705,regular_glacier_ice
140,202,163,-9.019607843137257,clean_glacier_ice
140,203,164,-8.92156862745098,clean_glacier_ice
140,204,160,-9.313725490196079,clean_glacier_ice
140,205,166,-8.725490196078432,mixed_snow_ice
140,206,123,-12.941176470588236,regular_glacier_ice
140,207,126,-12.647058823529411,regular_glacier_ice
140,208,115,-13.72549019607843,regular_glacier_ice
140,209,113,-13.92156862745098,regular_glacier_ice
140,210,198,-5.588235294117645,debris_rock
140,211,177,-7.647058823529413,mixed_snow_ice
140,212,84,-16.764705882352942,deep_glacier_ice
140,213,88,-16.372549019607845,regular_glacier_ice
140,214,84,-16.764705882352942,deep_glacier_ice
140,215,91,-16.07843137254902,regular_glacier_ice
140,216,79,-17.254901960784313,deep_glacier_ice
140,217,91,-16.07843137254902,regular_glacier_ice
140,218,111,-14.117647058823529,regular_glacier_ice
140,219,123,-12.941176470588236,regular_glacier_ice
140,220,78,-17.352941176470587,deep_glacier_ice
140,221,88,-16.372549019607845,regular_glacier_ice
140,222,83,-16.862745098039216,deep_glacier_ice
141,0,90,-16.176470588235293,regular_glacier_ice
141,1,89,-16.274509803921568,regular_glacier_ice
141,2,74,-17.745098039215684,deep_glacier_ice
141,3,53,-19.80392156862745,deep_glacier_ice
141,4,70,-18.137254901960784,deep_glacier_ice
141,5,15,-23.529411764705884,very_deep_glacier_ice
141,6,51,-20.0,deep_glacier_ice
141,7,54,-19.705882352941178,deep_glacier_ice
141,8,52,-19.901960784313726,deep_glacier_ice
141,9,93,-15.882352941176471,regular_glacier_ice
141,10,82,-16.96078431372549,deep_glacier_ice
141,11,52,-19.901960784313726,deep_glacier_ice
141,12,62,-18.92156862745098,deep_glacier_ice
141,13,64,-18.725490196078432,deep_glacier_ice
141,14,60,-19.11764705882353,deep_glacier_ice
141,15,75,-17.647058823529413,deep_glacier_ice
141,16,48,-20.294117647058822,deep_glacier_ice
141,17,32,-21.862745098039216,very_deep_glacier_ice
141,18,24,-22.647058823529413,very_deep_glacier_ice
141,19,48,-20.294117647058822,deep_glacier_ice
141,20,67,-18.431372549019606,deep_glacier_ice
141,21,77,-17.450980392156865,deep_glacier_ice
141,22,93,-15.882352941176471,regular_glacier_ice
141,23,69,-18.235294117647058,deep_glacier_ice
141,24,91,-16.07843137254902,regular_glacier_ice
141,25,77,-17.450980392156865,deep_glacier_ice
141,26,83,-16.862745098039216,deep_glacier_ice
141,27,90,-16.176470588235293,regular_glacier_ice
141,28,64,-18.725490196078432,deep_glacier_ice
141,29,71,-18.03921568627451,deep_glacier_ice
141,30,71,-18.03921568627451,deep_glacier_ice
141,31,96,-15.588235294117647,regular_glacier_ice
141,32,77,-17.450980392156865,deep_glacier_ice
141,33,74,-17.745098039215684,deep_glacier_ice
141,34,82,-16.96078431372549,deep_glacier_ice
141,35,80,-17.15686274509804,deep_glacier_ice
141,36,96,-15.588235294117647,regular_glacier_ice
141,37,70,-18.137254901960784,deep_glacier_ice
141,38,74,-17.745098039215684,deep_glacier_ice
141,39,89,-16.274509803921568,regular_glacier_ice
141,40,76,-17.549019607843135,deep_glacier_ice
141,41,81,-17.058823529411764,deep_glacier_ice
141,42,61,-19.019607843137255,deep_glacier_ice
141,43,76,-17.549019607843135,deep_glacier_ice
141,44,64,-18.725490196078432,deep_glacier_ice
141,45,68,-18.333333333333332,deep_glacier_ice
141,46,68,-18.333333333333332,deep_glacier_ice
141,47,83,-16.862745098039216,deep_glacier_ice
141,48,104,-14.803921568627452,regular_glacier_ice
141,49,110,-14.215686274509803,regular_glacier_ice
141,50,105,-14.705882352941178,regular_glacier_ice
141,51,87,-16.470588235294116,deep_glacier_ice
141,52,94,-15.784313725490195,regular_glacier_ice
141,53,94,-15.784313725490195,regular_glacier_ice
141,54,85,-16.666666666666668,deep_glacier_ice
141,55,45,-20.588235294117645,deep_glacier_ice
141,56,83,-16.862745098039216,deep_glacier_ice
141,57,80,-17.15686274509804,deep_glacier_ice
141,58,118,-13.431372549019608,regular_glacier_ice
141,59,183,-7.0588235294117645,mixed_snow_ice
141,60,223,-3.137254901960784,debris_rock
141,61,131,-12.15686274509804,clean_glacier_ice
141,62,108,-14.411764705882353,regular_glacier_ice
141,63,90,-16.176470588235293,regular_glacier_ice
141,64,64,-18.725490196078432,deep_glacier_ice
141,65,85,-16.666666666666668,deep_glacier_ice
141,66,76,-17.549019607843135,deep_glacier_ice
141,67,28,-22.254901960784313,very_deep_glacier_ice
141,68,78,-17.352941176470587,deep_glacier_ice
141,69,70,-18.137254901960784,deep_glacier_ice
141,70,64,-18.725490196078432,deep_glacier_ice
141,71,48,-20.294117647058822,deep_glacier_ice
141,79,195,-5.882352941176471,debris_rock
141,80,193,-6.078431372549019,debris_rock
141,81,221,-3.333333333333332,debris_rock
141,82,209,-4.509803921568629,debris_rock
141,83,185,-6.862745098039216,mixed_snow_ice
141,84,180,-7.352941176470587,mixed_snow_ice
141,85,200,-5.392156862745097,debris_rock
141,86,202,-5.196078431372548,debris_rock
141,87,183,-7.0588235294117645,mixed_snow_ice
141,88,174,-7.9411764705882355,mixed_snow_ice
141,89,218,-3.627450980392158,debris_rock
141,90,180,-7.352941176470587,mixed_snow_ice
141,91,170,-8.333333333333336,mixed_snow_ice
141,92,196,-5.784313725490193,debris_rock
141,93,159,-9.411764705882353,clean_glacier_ice
141,94,165,-8.823529411764707,clean_glacier_ice
141,95,194,-5.980392156862745,debris_rock
141,99,165,-8.823529411764707,clean_glacier_ice
141,100,167,-8.627450980392158,mixed_snow_ice
141,101,122,-13.03921568627451,regular_glacier_ice
141,102,110,-14.215686274509803,regular_glacier_ice
141,103,111,-14.117647058823529,regular_glacier_ice
141,104,175,-7.843137254901961,mixed_snow_ice
141,105,101,-15.098039215686274,regular_glacier_ice
141,106,141,-11.176470588235293,clean_glacier_ice
141,107,152,-10.098039215686274,clean_glacier_ice
141,108,195,-5.882352941176471,debris_rock
141,109,162,-9.11764705882353,clean_glacier_ice
141,110,190,-6.372549019607842,debris_rock
141,111,149,-10.392156862745097,clean_glacier_ice
141,112,129,-12.352941176470589,regular_glacier_ice
141,113,214,-4.019607843137255,debris_rock
141,114,255,0.0,debris_rock
141,115,195,-5.882352941176471,debris_rock
141,116,152,-10.098039215686274,clean_glacier_ice
141,117,82,-16.96078431372549,deep_glacier_ice
141,118,101,-15.098039215686274,regular_glacier_ice
141,119,147,-10.588235294117649,clean_glacier_ice
141,120,183,-7.0588235294117645,mixed_snow_ice
141,121,172,-8.137254901960784,mixed_snow_ice
141,122,209,-4.509803921568629,debris_rock
141,123,199,-5.490196078431371,debris_rock
141,124,140,-11.274509803921568,clean_glacier_ice
141,125,194,-5.980392156862745,debris_rock
141,126,228,-2.6470588235294095,debris_rock
141,127,203,-5.098039215686274,debris_rock
141,128,164,-8.92156862745098,clean_glacier_ice
141,129,145,-10.784313725490197,clean_glacier_ice
141,130,145,-10.784313725490197,clean_glacier_ice
141,131,251,-0.3921568627451002,debris_rock
141,132,202,-5.196078431372548,debris_rock
141,133,133,-11.960784313725489,clean_glacier_ice
141,134,217,-3.7254901960784323,debris_rock
141,135,187,-6.666666666666668,debris_rock
141,136,178,-7.549019607843139,mixed_snow_ice
141,137,214,-4.019607843137255,debris_rock
141,138,149,-10.392156862745097,clean_glacier_ice
141,139,181,-7.254901960784313,mixed_snow_ice
141,140,145,-10.784313725490197,clean_glacier_ice
141,141,121,-13.137254901960786,regular_glacier_ice
141,142,126,-12.647058823529411,regular_glacier_ice
141,143,150,-10.294117647058822,clean_glacier_ice
141,144,160,-9.313725490196079,clean_glacier_ice
141,145,135,-11.76470588235294,clean_glacier_ice
141,146,163,-9.019607843137257,clean_glacier_ice
141,147,184,-6.96078431372549,mixed_snow_ice
141,148,157,-9.607843137254902,clean_glacier_ice
141,149,154,-9.901960784313726,clean_glacier_ice
141,150,157,-9.607843137254902,clean_glacier_ice
141,151,181,-7.254901960784313,mixed_snow_ice
141,152,223,-3.137254901960784,debris_rock
141,153,163,-9.019607843137257,clean_glacier_ice
141,154,86,-16.568627450980394,deep_glacier_ice
141,155,83,-16.862745098039216,deep_glacier_ice
141,156,92,-15.980392156862745,regular_glacier_ice
141,157,95,-15.686274509803921,regular_glacier_ice
141,158,83,-16.862745098039216,deep_glacier_ice
141,159,115,-13.72549019607843,regular_glacier_ice
141,160,126,-12.647058823529411,regular_glacier_ice
141,161,151,-10.196078431372548,clean_glacier_ice
141,162,161,-9.215686274509805,clean_glacier_ice
141,163,144,-10.882352941176471,clean_glacier_ice
141,164,138,-11.470588235294118,clean_glacier_ice
141,165,135,-11.76470588235294,clean_glacier_ice
141,166,119,-13.333333333333334,regular_glacier_ice
141,167,86,-16.568627450980394,deep_glacier_ice
141,168,60,-19.11764705882353,deep_glacier_ice
141,169,73,-17.84313725490196,deep_glacier_ice
141,170,17,-23.333333333333332,very_deep_glacier_ice
141,171,41,-20.980392156862745,very_deep_glacier_ice
141,172,58,-19.313725490196077,deep_glacier_ice
141,173,68,-18.333333333333332,deep_glacier_ice
141,174,82,-16.96078431372549,deep_glacier_ice
141,175,52,-19.901960784313726,deep_glacier_ice
141,176,39,-21.176470588235293,very_deep_glacier_ice
141,177,48,-20.294117647058822,deep_glacier_ice
141,178,75,-17.647058823529413,deep_glacier_ice
141,179,60,-19.11764705882353,deep_glacier_ice
141,180,80,-17.15686274509804,deep_glacier_ice
141,181,60,-19.11764705882353,deep_glacier_ice
141,182,65,-18.627450980392158,deep_glacier_ice
141,183,80,-17.15686274509804,deep_glacier_ice
141,184,64,-18.725490196078432,deep_glacier_ice
141,185,80,-17.15686274509804,deep_glacier_ice
141,186,45,-20.588235294117645,deep_glacier_ice
141,187,73,-17.84313725490196,deep_glacier_ice
141,188,68,-18.333333333333332,deep_glacier_ice
141,189,72,-17.941176470588236,deep_glacier_ice
141,190,56,-19.509803921568626,deep_glacier_ice
141,191,68,-18.333333333333332,deep_glacier_ice
141,192,68,-18.333333333333332,deep_glacier_ice
141,193,66,-18.52941176470588,deep_glacier_ice
141,194,88,-16.372549019607845,regular_glacier_ice
141,195,84,-16.764705882352942,deep_glacier_ice
141,196,73,-17.84313725490196,deep_glacier_ice
141,197,94,-15.784313725490195,regular_glacier_ice
141,198,91,-16.07843137254902,regular_glacier_ice
141,199,80,-17.15686274509804,deep_glacier_ice
141,200,81,-17.058823529411764,deep_glacier_ice
141,201,101,-15.098039215686274,regular_glacier_ice
141,202,89,-16.274509803921568,regular_glacier_ice
141,203,57,-19.41176470588235,deep_glacier_ice
141,204,73,-17.84313725490196,deep_glacier_ice
141,205,65,-18.627450980392158,deep_glacier_ice
141,206,69,-18.235294117647058,deep_glacier_ice
141,207,77,-17.450980392156865,deep_glacier_ice
141,208,69,-18.235294117647058,deep_glacier_ice
141,209,54,-19.705882352941178,deep_glacier_ice
141,210,76,-17.549019607843135,deep_glacier_ice
141,211,96,-15.588235294117647,regular_glacier_ice
141,212,95,-15.686274509803921,regular_glacier_ice
141,213,128,-12.450980392156863,regular_glacier_ice
141,214,119,-13.333333333333334,regular_glacier_ice
141,215,110,-14.215686274509803,regular_glacier_ice
141,216,123,-12.941176470588236,regular_glacier_ice
141,217,90,-16.176470588235293,regular_glacier_ice
141,218,103,-14.901960784313726,regular_glacier_ice
141,219,67,-18.431372549019606,deep_glacier_ice
141,220,85,-16.666666666666668,deep_glacier_ice
141,221,107,-14.509803921568627,regular_glacier_ice
141,222,76,-17.549019607843135,deep_glacier_ice
142,0,126,-12.647058823529411,regular_glacier_ice
142,1,162,-9.11764705882353,clean_glacier_ice
142,2,183,-7.0588235294117645,mixed_snow_ice
142,3,169,-8.43137254901961,mixed_snow_ice
142,4,133,-11.960784313725489,clean_glacier_ice
142,5,82,-16.96078431372549,deep_glacier_ice
142,6,73,-17.84313725490196,deep_glacier_ice
142,7,60,-19.11764705882353,deep_glacier_ice
142,8,58,-19.313725490196077,deep_glacier_ice
142,9,81,-17.058823529411764,deep_glacier_ice
142,10,40,-21.07843137254902,very_deep_glacier_ice
142,11,64,-18.725490196078432,deep_glacier_ice
142,12,64,-18.725490196078432,deep_glacier_ice
142,13,38,-21.274509803921568,very_deep_glacier_ice
142,21,255,0.0,debris_rock
142,22,187,-6.666666666666668,debris_rock
142,23,195,-5.882352941176471,debris_rock
142,24,203,-5.098039215686274,debris_rock
142,25,179,-7.450980392156865,mixed_snow_ice
142,26,192,-6.1764705882352935,debris_rock
142,27,182,-7.156862745098039,mixed_snow_ice
142,28,200,-5.392156862745097,debris_rock
142,29,185,-6.862745098039216,mixed_snow_ice
142,30,144,-10.882352941176471,clean_glacier_ice
142,31,188,-6.56862745098039,debris_rock
142,32,169,-8.43137254901961,mixed_snow_ice
142,33,171,-8.235294117647062,mixed_snow_ice
142,34,195,-5.882352941176471,debris_rock
142,35,181,-7.254901960784313,mixed_snow_ice
142,36,177,-7.647058823529413,mixed_snow_ice
142,37,169,-8.43137254901961,mixed_snow_ice
142,41,131,-12.15686274509804,clean_glacier_ice
142,42,241,-1.3725490196078454,debris_rock
142,43,244,-1.0784313725490193,debris_rock
142,44,127,-12.549019607843137,regular_glacier_ice
142,45,120,-13.23529411764706,regular_glacier_ice
142,46,147,-10.588235294117649,clean_glacier_ice
142,47,183,-7.0588235294117645,mixed_snow_ice
142,48,133,-11.960784313725489,clean_glacier_ice
142,49,239,-1.5686274509803937,debris_rock
142,50,230,-2.450980392156861,debris_rock
142,51,150,-10.294117647058822,clean_glacier_ice
142,52,195,-5.882352941176471,debris_rock
142,53,208,-4.607843137254903,debris_rock
142,54,198,-5.588235294117645,debris_rock
142,55,181,-7.254901960784313,mixed_snow_ice
142,56,234,-2.0588235294117645,debris_rock
142,57,185,-6.862745098039216,mixed_snow_ice
142,58,77,-17.450980392156865,deep_glacier_ice
142,59,76,-17.549019607843135,deep_glacier_ice
142,60,98,-15.392156862745097,regular_glacier_ice
142,61,199,-5.490196078431371,debris_rock
142,62,186,-6.764705882352942,debris_rock
142,63,196,-5.784313725490193,debris_rock
142,64,208,-4.607843137254903,debris_rock
142,65,187,-6.666666666666668,debris_rock
142,66,201,-5.2941176470588225,debris_rock
142,67,225,-2.9411764705882355,debris_rock
142,68,224,-3.0392156862745097,debris_rock
142,69,142,-11.07843137254902,clean_glacier_ice
142,70,125,-12.745098039215687,regular_glacier_ice
142,71,131,-12.15686274509804,clean_glacier_ice
142,72,170,-8.333333333333336,mixed_snow_ice
142,73,196,-5.784313725490193,debris_rock
142,74,178,-7.549019607843139,mixed_snow_ice
142,75,126,-12.647058823529411,regular_glacier_ice
142,76,183,-7.0588235294117645,mixed_snow_ice
142,77,239,-1.5686274509803937,debris_rock
142,78,174,-7.9411764705882355,mixed_snow_ice
142,79,228,-2.6470588235294095,debris_rock
142,80,163,-9.019607843137257,clean_glacier_ice
142,81,191,-6.274509803921568,debris_rock
142,82,173,-8.03921568627451,mixed_snow_ice
142,83,174,-7.9411764705882355,mixed_snow_ice
142,84,179,-7.450980392156865,mixed_snow_ice
142,85,150,-10.294117647058822,clean_glacier_ice
142,86,152,-10.098039215686274,clean_glacier_ice
142,87,124,-12.843137254901961,regular_glacier_ice
142,88,160,-9.313725490196079,clean_glacier_ice
142,89,195,-5.882352941176471,debris_rock
142,90,154,-9.901960784313726,clean_glacier_ice
142,91,140,-11.274509803921568,clean_glacier_ice
142,92,140,-11.274509803921568,clean_glacier_ice
142,93,146,-10.686274509803923,clean_glacier_ice
142,94,188,-6.56862745098039,debris_rock
142,95,211,-4.313725490196081,debris_rock
142,96,202,-5.196078431372548,debris_rock
142,97,140,-11.274509803921568,clean_glacier_ice
142,98,142,-11.07843137254902,clean_glacier_ice
142,99,132,-12.058823529411763,clean_glacier_ice
142,100,111,-14.117647058823529,regular_glacier_ice
142,101,136,-11.666666666666666,clean_glacier_ice
142,102,161,-9.215686274509805,clean_glacier_ice
142,103,143,-10.980392156862745,clean_glacier_ice
142,104,134,-11.862745098039214,clean_glacier_ice
142,105,173,-8.03921568627451,mixed_snow_ice
142,106,169,-8.43137254901961,mixed_snow_ice
142,107,147,-10.588235294117649,clean_glacier_ice
142,108,118,-13.431372549019608,regular_glacier_ice
142,109,131,-12.15686274509804,clean_glacier_ice
142,110,94,-15.784313725490195,regular_glacier_ice
142,111,81,-17.058823529411764,deep_glacier_ice
142,112,73,-17.84313725490196,deep_glacier_ice
142,113,61,-19.019607843137255,deep_glacier_ice
142,114,85,-16.666666666666668,deep_glacier_ice
142,115,55,-19.607843137254903,deep_glacier_ice
142,116,55,-19.607843137254903,deep_glacier_ice
142,117,59,-19.215686274509803,deep_glacier_ice
142,118,34,-21.666666666666668,very_deep_glacier_ice
142,119,69,-18.235294117647058,deep_glacier_ice
142,120,53,-19.80392156862745,deep_glacier_ice
142,121,61,-19.019607843137255,deep_glacier_ice
142,122,69,-18.235294117647058,deep_glacier_ice
142,123,78,-17.352941176470587,deep_glacier_ice
142,124,87,-16.470588235294116,deep_glacier_ice
142,125,65,-18.627450980392158,deep_glacier_ice
142,126,66,-18.52941176470588,deep_glacier_ice
142,127,54,-19.705882352941178,deep_glacier_ice
142,128,44,-20.686274509803923,deep_glacier_ice
142,129,47,-20.392156862745097,deep_glacier_ice
142,130,77,-17.450980392156865,deep_glacier_ice
142,131,37,-21.372549019607842,very_deep_glacier_ice
142,132,75,-17.647058823529413,deep_glacier_ice
142,133,75,-17.647058823529413,deep_glacier_ice
142,134,62,-18.92156862745098,deep_glacier_ice
142,135,69,-18.235294117647058,deep_glacier_ice
142,136,84,-16.764705882352942,deep_glacier_ice
142,137,76,-17.549019607843135,deep_glacier_ice
142,138,71,-18.03921568627451,deep_glacier_ice
142,139,99,-15.294117647058822,regular_glacier_ice
142,140,64,-18.725490196078432,deep_glacier_ice
142,141,57,-19.41176470588235,deep_glacier_ice
142,142,79,-17.254901960784313,deep_glacier_ice
142,143,81,-17.058823529411764,deep_glacier_ice
142,144,86,-16.568627450980394,deep_glacier_ice
142,145,75,-17.647058823529413,deep_glacier_ice
142,146,55,-19.607843137254903,deep_glacier_ice
142,147,37,-21.372549019607842,very_deep_glacier_ice
142,148,63,-18.823529411764707,deep_glacier_ice
142,149,80,-17.15686274509804,deep_glacier_ice
142,150,96,-15.588235294117647,regular_glacier_ice
142,151,78,-17.352941176470587,deep_glacier_ice
142,152,72,-17.941176470588236,deep_glacier_ice
142,153,101,-15.098039215686274,regular_glacier_ice
142,154,120,-13.23529411764706,regular_glacier_ice
142,155,136,-11.666666666666666,clean_glacier_ice
142,156,138,-11.470588235294118,clean_glacier_ice
142,157,106,-14.607843137254902,regular_glacier_ice
142,158,63,-18.823529411764707,deep_glacier_ice
142,159,95,-15.686274509803921,regular_glacier_ice
142,160,102,-15.0,regular_glacier_ice
142,161,71,-18.03921568627451,deep_glacier_ice
142,162,88,-16.372549019607845,regular_glacier_ice
142,163,122,-13.03921568627451,regular_glacier_ice
142,164,42,-20.88235294117647,very_deep_glacier_ice
142,165,97,-15.490196078431373,regular_glacier_ice
142,166,158,-9.509803921568627,clean_glacier_ice
142,167,139,-11.372549019607844,clean_glacier_ice
142,168,129,-12.352941176470589,regular_glacier_ice
142,169,239,-1.5686274509803937,debris_rock
142,170,197,-5.686274509803919,debris_rock
142,171,98,-15.392156862745097,regular_glacier_ice
142,172,76,-17.549019607843135,deep_glacier_ice
142,173,14,-23.627450980392158,very_deep_glacier_ice
142,174,64,-18.725490196078432,deep_glacier_ice
142,175,46,-20.490196078431374,deep_glacier_ice
142,176,75,-17.647058823529413,deep_glacier_ice
142,177,55,-19.607843137254903,deep_glacier_ice
142,178,74,-17.745098039215684,deep_glacier_ice
142,186,250,-0.49019607843137436,debris_rock
142,187,254,-0.09803921568627416,debris_rock
142,188,210,-4.411764705882355,debris_rock
142,189,200,-5.392156862745097,debris_rock
142,190,191,-6.274509803921568,debris_rock
142,191,187,-6.666666666666668,debris_rock
142,192,171,-8.235294117647062,mixed_snow_ice
142,193,183,-7.0588235294117645,mixed_snow_ice
142,194,176,-7.745098039215687,mixed_snow_ice
142,195,175,-7.843137254901961,mixed_snow_ice
142,196,199,-5.490196078431371,debris_rock
142,197,180,-7.352941176470587,mixed_snow_ice
142,198,180,-7.352941176470587,mixed_snow_ice
142,199,182,-7.156862745098039,mixed_snow_ice
142,200,193,-6.078431372549019,debris_rock
142,201,184,-6.96078431372549,mixed_snow_ice
142,202,132,-12.058823529411763,clean_glacier_ice
142,207,255,0.0,debris_rock
142,208,225,-2.9411764705882355,debris_rock
142,209,162,-9.11764705882353,clean_glacier_ice
142,210,209,-4.509803921568629,debris_rock
142,211,190,-6.372549019607842,debris_rock
142,212,196,-5.784313725490193,debris_rock
142,213,223,-3.137254901960784,debris_rock
142,214,241,-1.3725490196078454,debris_rock
142,215,184,-6.96078431372549,mixed_snow_ice
142,216,170,-8.333333333333336,mixed_snow_ice
142,217,201,-5.2941176470588225,debris_rock
142,218,208,-4.607843137254903,debris_rock
142,219,174,-7.9411764705882355,mixed_snow_ice
142,220,193,-6.078431372549019,debris_rock
142,221,200,-5.392156862745097,debris_rock
142,222,178,-7.549019607843139,mixed_snow_ice
143,0,108,-14.411764705882353,regular_glacier_ice
143,1,89,-16.274509803921568,regular_glacier_ice
143,2,126,-12.647058823529411,regular_glacier_ice
143,3,173,-8.03921568627451,mixed_snow_ice
143,4,232,-2.254901960784313,debris_rock
143,5,196,-5.784313725490193,debris_rock
143,6,205,-4.901960784313726,debris_rock
143,7,255,0.0,debris_rock
143,8,195,-5.882352941176471,debris_rock
143,9,225,-2.9411764705882355,debris_rock
143,10,202,-5.196078431372548,debris_rock
143,11,113,-13.92156862745098,regular_glacier_ice
143,12,109,-14.313725490196079,regular_glacier_ice
143,13,82,-16.96078431372549,deep_glacier_ice
143,14,119,-13.333333333333334,regular_glacier_ice
143,15,167,-8.627450980392158,mixed_snow_ice
143,16,151,-10.196078431372548,clean_glacier_ice
143,17,78,-17.352941176470587,deep_glacier_ice
143,18,142,-11.07843137254902,clean_glacier_ice
143,19,206,-4.803921568627452,debris_rock
143,20,154,-9.901960784313726,clean_glacier_ice
143,21,219,-3.529411764705884,debris_rock
143,22,190,-6.372549019607842,debris_rock
143,23,188,-6.56862745098039,debris_rock
143,24,170,-8.333333333333336,mixed_snow_ice
143,25,200,-5.392156862745097,debris_rock
143,26,154,-9.901960784313726,clean_glacier_ice
143,27,185,-6.862745098039216,mixed_snow_ice
143,28,147,-10.588235294117649,clean_glacier_ice
143,29,153,-10.0,clean_glacier_ice
143,30,165,-8.823529411764707,clean_glacier_ice
143,31,140,-11.274509803921568,clean_glacier_ice
143,32,187,-6.666666666666668,debris_rock
143,33,155,-9.803921568627452,clean_glacier_ice
143,34,139,-11.372549019607844,clean_glacier_ice
143,35,155,-9.803921568627452,clean_glacier_ice
143,36,190,-6.372549019607842,debris_rock
143,37,232,-2.254901960784313,debris_rock
143,38,205,-4.901960784313726,debris_rock
143,39,154,-9.901960784313726,clean_glacier_ice
143,40,154,-9.901960784313726,clean_glacier_ice
143,41,156,-9.705882352941176,clean_glacier_ice
143,42,153,-10.0,clean_glacier_ice
143,43,201,-5.2941176470588225,debris_rock
143,44,173,-8.03921568627451,mixed_snow_ice
143,45,216,-3.8235294117647065,debris_rock
143,46,234,-2.0588235294117645,debris_rock
143,47,231,-2.352941176470587,debris_rock
143,48,201,-5.2941176470588225,debris_rock
143,49,157,-9.607843137254902,clean_glacier_ice
143,50,154,-9.901960784313726,clean_glacier_ice
143,51,155,-9.803921568627452,clean_glacier_ice
143,52,106,-14.607843137254902,regular_glacier_ice
143,53,76,-17.549019607843135,deep_glacier_ice
143,54,71,-18.03921568627451,deep_glacier_ice
143,55,51,-20.0,deep_glacier_ice
143,56,80,-17.15686274509804,deep_glacier_ice
143,57,86,-16.568627450980394,deep_glacier_ice
143,58,48,-20.294117647058822,deep_glacier_ice
143,59,41,-20.980392156862745,very_deep_glacier_ice
143,60,70,-18.137254901960784,deep_glacier_ice
143,61,45,-20.588235294117645,deep_glacier_ice
143,62,70,-18.137254901960784,deep_glacier_ice
143,63,57,-19.41176470588235,deep_glacier_ice
143,64,70,-18.137254901960784,deep_glacier_ice
143,65,87,-16.470588235294116,deep_glacier_ice
143,66,76,-17.549019607843135,deep_glacier_ice
143,67,72,-17.941176470588236,deep_glacier_ice
143,68,59,-19.215686274509803,deep_glacier_ice
143,69,60,-19.11764705882353,deep_glacier_ice
143,70,62,-18.92156862745098,deep_glacier_ice
143,71,60,-19.11764705882353,deep_glacier_ice
143,72,49,-20.19607843137255,deep_glacier_ice
143,73,70,-18.137254901960784,deep_glacier_ice
143,74,70,-18.137254901960784,deep_glacier_ice
143,75,65,-18.627450980392158,deep_glacier_ice
143,76,42,-20.88235294117647,very_deep_glacier_ice
143,77,75,-17.647058823529413,deep_glacier_ice
143,78,80,-17.15686274509804,deep_glacier_ice
143,79,47,-20.392156862745097,deep_glacier_ice
143,80,61,-19.019607843137255,deep_glacier_ice
143,81,73,-17.84313725490196,deep_glacier_ice
143,82,70,-18.137254901960784,deep_glacier_ice
143,83,66,-18.52941176470588,deep_glacier_ice
143,84,106,-14.607843137254902,regular_glacier_ice
143,85,63,-18.823529411764707,deep_glacier_ice
143,86,75,-17.647058823529413,deep_glacier_ice
143,87,35,-21.568627450980394,very_deep_glacier_ice
143,88,50,-20.098039215686274,deep_glacier_ice
143,89,64,-18.725490196078432,deep_glacier_ice
143,90,58,-19.313725490196077,deep_glacier_ice
143,91,72,-17.941176470588236,deep_glacier_ice
143,92,52,-19.901960784313726,deep_glacier_ice
143,93,94,-15.784313725490195,regular_glacier_ice
143,94,77,-17.450980392156865,deep_glacier_ice
143,95,128,-12.450980392156863,regular_glacier_ice
143,96,138,-11.470588235294118,clean_glacier_ice
143,97,115,-13.72549019607843,regular_glacier_ice
143,98,118,-13.431372549019608,regular_glacier_ice
143,99,110,-14.215686274509803,regular_glacier_ice
143,100,87,-16.470588235294116,deep_glacier_ice
143,101,100,-15.196078431372548,regular_glacier_ice
143,102,101,-15.098039215686274,regular_glacier_ice
143,103,83,-16.862745098039216,deep_glacier_ice
143,104,67,-18.431372549019606,deep_glacier_ice
143,105,154,-9.901960784313726,clean_glacier_ice
143,106,125,-12.745098039215687,regular_glacier_ice
143,107,111,-14.117647058823529,regular_glacier_ice
143,108,206,-4.803921568627452,debris_rock
143,109,189,-6.470588235294116,debris_rock
143,110,190,-6.372549019607842,debris_rock
143,111,221,-3.333333333333332,debris_rock
143,112,204,-5.0,debris_rock
143,113,164,-8.92156862745098,clean_glacier_ice
143,114,68,-18.333333333333332,deep_glacier_ice
143,115,68,-18.333333333333332,deep_glacier_ice
143,116,72,-17.941176470588236,deep_glacier_ice
143,117,60,-19.11764705882353,deep_glacier_ice
143,118,40,-21.07843137254902,very_deep_glacier_ice
143,119,76,-17.549019607843135,deep_glacier_ice
143,120,62,-18.92156862745098,deep_glacier_ice
143,121,142,-11.07843137254902,clean_glacier_ice
143,128,215,-3.9215686274509807,debris_rock
143,129,222,-3.235294117647058,debris_rock
143,130,217,-3.7254901960784323,debris_rock
143,131,214,-4.019607843137255,debris_rock
143,132,200,-5.392156862745097,debris_rock
143,133,206,-4.803921568627452,debris_rock
143,134,178,-7.549019607843139,mixed_snow_ice
143,135,195,-5.882352941176471,debris_rock
143,136,182,-7.156862745098039,mixed_snow_ice
143,137,168,-8.529411764705884,mixed_snow_ice
143,138,184,-6.96078431372549,mixed_snow_ice
143,139,198,-5.588235294117645,debris_rock
143,140,162,-9.11764705882353,clean_glacier_ice
143,141,196,-5.784313725490193,debris_rock
143,142,185,-6.862745098039216,mixed_snow_ice
143,143,134,-11.862745098039214,clean_glacier_ice
143,149,201,-5.2941176470588225,debris_rock
143,150,255,0.0,debris_rock
143,151,246,-0.882352941176471,debris_rock
143,152,232,-2.254901960784313,debris_rock
143,153,180,-7.352941176470587,mixed_snow_ice
143,154,173,-8.03921568627451,mixed_snow_ice
143,155,188,-6.56862745098039,debris_rock
143,156,216,-3.8235294117647065,debris_rock
143,157,234,-2.0588235294117645,debris_rock
143,158,188,-6.56862745098039,debris_rock
143,159,196,-5.784313725490193,debris_rock
143,160,225,-2.9411764705882355,debris_rock
143,161,192,-6.1764705882352935,debris_rock
143,162,181,-7.254901960784313,mixed_snow_ice
143,163,184,-6.96078431372549,mixed_snow_ice
143,164,164,-8.92156862745098,clean_glacier_ice
143,165,128,-12.450980392156863,regular_glacier_ice
143,166,173,-8.03921568627451,mixed_snow_ice
143,167,131,-12.15686274509804,clean_glacier_ice
143,168,171,-8.235294117647062,mixed_snow_ice
143,169,243,-1.176470588235297,debris_rock
143,170,233,-2.1568627450980387,debris_rock
143,171,196,-5.784313725490193,debris_rock
143,172,208,-4.607843137254903,debris_rock
143,173,201,-5.2941176470588225,debris_rock
143,174,146,-10.686274509803923,clean_glacier_ice
143,175,122,-13.03921568627451,regular_glacier_ice
143,176,120,-13.23529411764706,regular_glacier_ice
143,177,99,-15.294117647058822,regular_glacier_ice
143,178,39,-21.176470588235293,very_deep_glacier_ice
143,179,82,-16.96078431372549,deep_glacier_ice
143,180,87,-16.470588235294116,deep_glacier_ice
143,181,100,-15.196078431372548,regular_glacier_ice
143,182,104,-14.803921568627452,regular_glacier_ice
143,183,81,-17.058823529411764,deep_glacier_ice
143,184,117,-13.529411764705882,regular_glacier_ice
143,185,194,-5.980392156862745,debris_rock
143,186,255,0.0,debris_rock
143,187,177,-7.647058823529413,mixed_snow_ice
143,188,188,-6.56862745098039,debris_rock
143,189,183,-7.0588235294117645,mixed_snow_ice
143,190,184,-6.96078431372549,mixed_snow_ice
143,191,212,-4.215686274509803,debris_rock
143,192,167,-8.627450980392158,mixed_snow_ice
143,193,171,-8.235294117647062,mixed_snow_ice
143,194,165,-8.823529411764707,clean_glacier_ice
143,195,146,-10.686274509803923,clean_glacier_ice
143,196,168,-8.529411764705884,mixed_snow_ice
143,197,237,-1.764705882352942,debris_rock
143,198,146,-10.686274509803923,clean_glacier_ice
143,199,129,-12.352941176470589,regular_glacier_ice
143,200,113,-13.92156862745098,regular_glacier_ice
143,201,151,-10.196078431372548,clean_glacier_ice
143,202,205,-4.901960784313726,debris_rock
143,203,231,-2.352941176470587,debris_rock
143,204,218,-3.627450980392158,debris_rock
143,205,181,-7.254901960784313,mixed_snow_ice
143,206,158,-9.509803921568627,clean_glacier_ice
143,207,225,-2.9411764705882355,debris_rock
143,208,216,-3.8235294117647065,debris_rock
143,209,199,-5.490196078431371,debris_rock
143,210,195,-5.882352941176471,debris_rock
143,211,165,-8.823529411764707,clean_glacier_ice
143,212,140,-11.274509803921568,clean_glacier_ice
143,213,104,-14.803921568627452,regular_glacier_ice
143,214,127,-12.549019607843137,regular_glacier_ice
143,215,140,-11.274509803921568,clean_glacier_ice
143,216,99,-15.294117647058822,regular_glacier_ice
143,217,87,-16.470588235294116,deep_glacier_ice
143,218,87,-16.470588235294116,deep_glacier_ice
143,219,95,-15.686274509803921,regular_glacier_ice
143,220,106,-14.607843137254902,regular_glacier_ice
143,221,98,-15.392156862745097,regular_glacier_ice
143,222,95,-15.686274509803921,regular_glacier_ice
144,0,43,-20.784313725490197,very_deep_glacier_ice
144,1,62,-18.92156862745098,deep_glacier_ice
144,2,57,-19.41176470588235,deep_glacier_ice
144,3,63,-18.823529411764707,deep_glacier_ice
144,4,50,-20.098039215686274,deep_glacier_ice
144,5,71,-18.03921568627451,deep_glacier_ice
144,6,97,-15.490196078431373,regular_glacier_ice
144,7,100,-15.196078431372548,regular_glacier_ice
144,8,79,-17.254901960784313,deep_glacier_ice
144,9,99,-15.294117647058822,regular_glacier_ice
144,10,89,-16.274509803921568,regular_glacier_ice
144,11,69,-18.235294117647058,deep_glacier_ice
144,12,86,-16.568627450980394,deep_glacier_ice
144,13,56,-19.509803921568626,deep_glacier_ice
144,14,35,-21.568627450980394,very_deep_glacier_ice
144,15,67,-18.431372549019606,deep_glacier_ice
144,16,55,-19.607843137254903,deep_glacier_ice
144,17,77,-17.450980392156865,deep_glacier_ice
144,18,81,-17.058823529411764,deep_glacier_ice
144,19,70,-18.137254901960784,deep_glacier_ice
144,20,62,-18.92156862745098,deep_glacier_ice
144,21,81,-17.058823529411764,deep_glacier_ice
144,22,94,-15.784313725490195,regular_glacier_ice
144,23,53,-19.80392156862745,deep_glacier_ice
144,24,59,-19.215686274509803,deep_glacier_ice
144,25,73,-17.84313725490196,deep_glacier_ice
144,26,99,-15.294117647058822,regular_glacier_ice
144,27,65,-18.627450980392158,deep_glacier_ice
144,28,43,-20.784313725490197,very_deep_glacier_ice
144,29,34,-21.666666666666668,very_deep_glacier_ice
144,30,64,-18.725490196078432,deep_glacier_ice
144,31,51,-20.0,deep_glacier_ice
144,32,65,-18.627450980392158,deep_glacier_ice
144,33,58,-19.313725490196077,deep_glacier_ice
144,34,70,-18.137254901960784,deep_glacier_ice
144,35,78,-17.352941176470587,deep_glacier_ice
144,36,95,-15.686274509803921,regular_glacier_ice
144,37,111,-14.117647058823529,regular_glacier_ice
144,38,115,-13.72549019607843,regular_glacier_ice
144,39,153,-10.0,clean_glacier_ice
144,40,137,-11.568627450980392,clean_glacier_ice
144,41,119,-13.333333333333334,regular_glacier_ice
144,42,95,-15.686274509803921,regular_glacier_ice
144,43,108,-14.411764705882353,regular_glacier_ice
144,44,101,-15.098039215686274,regular_glacier_ice
144,45,137,-11.568627450980392,clean_glacier_ice
144,46,212,-4.215686274509803,debris_rock
144,47,226,-2.8431372549019613,debris_rock
144,48,188,-6.56862745098039,debris_rock
144,49,219,-3.529411764705884,debris_rock
144,50,225,-2.9411764705882355,debris_rock
144,51,230,-2.450980392156861,debris_rock
144,52,225,-2.9411764705882355,debris_rock
144,53,181,-7.254901960784313,mixed_snow_ice
144,54,196,-5.784313725490193,debris_rock
144,55,235,-1.9607843137254903,debris_rock
144,56,87,-16.470588235294116,deep_glacier_ice
144,57,77,-17.450980392156865,deep_glacier_ice
144,58,103,-14.901960784313726,regular_glacier_ice
144,59,86,-16.568627450980394,deep_glacier_ice
144,60,77,-17.450980392156865,deep_glacier_ice
144,61,83,-16.862745098039216,deep_glacier_ice
144,62,90,-16.176470588235293,regular_glacier_ice
144,63,138,-11.470588235294118,clean_glacier_ice
144,67,123,-12.941176470588236,regular_glacier_ice
144,68,186,-6.764705882352942,debris_rock
144,69,191,-6.274509803921568,debris_rock
144,70,228,-2.6470588235294095,debris_rock
144,71,229,-2.5490196078431353,debris_rock
144,72,173,-8.03921568627451,mixed_snow_ice
144,73,187,-6.666666666666668,debris_rock
144,74,195,-5.882352941176471,debris_rock
144,75,184,-6.96078431372549,mixed_snow_ice
144,76,195,-5.882352941176471,debris_rock
144,77,199,-5.490196078431371,debris_rock
144,78,157,-9.607843137254902,clean_glacier_ice
144,79,162,-9.11764705882353,clean_glacier_ice
144,80,173,-8.03921568627451,mixed_snow_ice
144,81,162,-9.11764705882353,clean_glacier_ice
144,82,163,-9.019607843137257,clean_glacier_ice
144,83,183,-7.0588235294117645,mixed_snow_ice
144,84,208,-4.607843137254903,debris_rock
144,85,98,-15.392156862745097,regular_glacier_ice
144,91,173,-8.03921568627451,mixed_snow_ice
144,92,255,0.0,debris_rock
144,93,251,-0.3921568627451002,debris_rock
144,94,177,-7.647058823529413,mixed_snow_ice
144,95,154,-9.901960784313726,clean_glacier_ice
144,96,143,-10.980392156862745,clean_glacier_ice
144,97,148,-10.49019607843137,clean_glacier_ice
144,98,179,-7.450980392156865,mixed_snow_ice
144,99,200,-5.392156862745097,debris_rock
144,100,196,-5.784313725490193,debris_rock
144,101,167,-8.627450980392158,mixed_snow_ice
144,102,235,-1.9607843137254903,debris_rock
144,103,233,-2.1568627450980387,debris_rock
144,104,181,-7.254901960784313,mixed_snow_ice
144,105,163,-9.019607843137257,clean_glacier_ice
144,106,187,-6.666666666666668,debris_rock
144,107,183,-7.0588235294117645,mixed_snow_ice
144,108,200,-5.392156862745097,debris_rock
144,109,221,-3.333333333333332,debris_rock
144,110,143,-10.980392156862745,clean_glacier_ice
144,111,178,-7.549019607843139,mixed_snow_ice
144,112,220,-3.4313725490196063,debris_rock
144,113,174,-7.9411764705882355,mixed_snow_ice
144,114,179,-7.450980392156865,mixed_snow_ice
144,115,130,-12.254901960784315,clean_glacier_ice
144,116,105,-14.705882352941178,regular_glacier_ice
144,117,112,-14.019607843137255,regular_glacier_ice
144,118,115,-13.72549019607843,regular_glacier_ice
144,119,107,-14.509803921568627,regular_glacier_ice
144,120,59,-19.215686274509803,deep_glacier_ice
144,121,54,-19.705882352941178,deep_glacier_ice
144,122,65,-18.627450980392158,deep_glacier_ice
144,123,111,-14.117647058823529,regular_glacier_ice
144,124,89,-16.274509803921568,regular_glacier_ice
144,125,112,-14.019607843137255,regular_glacier_ice
144,126,174,-7.9411764705882355,mixed_snow_ice
144,127,157,-9.607843137254902,clean_glacier_ice
144,128,229,-2.5490196078431353,debris_rock
144,129,205,-4.901960784313726,debris_rock
144,130,191,-6.274509803921568,debris_rock
144,131,194,-5.980392156862745,debris_rock
144,132,184,-6.96078431372549,mixed_snow_ice
144,133,192,-6.1764705882352935,debris_rock
144,134,136,-11.666666666666666,clean_glacier_ice
144,135,163,-9.019607843137257,clean_glacier_ice
144,136,152,-10.098039215686274,clean_glacier_ice
144,137,138,-11.470588235294118,clean_glacier_ice
144,138,220,-3.4313725490196063,debris_rock
144,139,140,-11.274509803921568,clean_glacier_ice
144,140,121,-13.137254901960786,regular_glacier_ice
144,141,112,-14.019607843137255,regular_glacier_ice
144,142,92,-15.980392156862745,regular_glacier_ice
144,143,52,-19.901960784313726,deep_glacier_ice
144,144,138,-11.470588235294118,clean_glacier_ice
144,145,218,-3.627450980392158,debris_rock
144,146,211,-4.313725490196081,debris_rock
144,147,189,-6.470588235294116,debris_rock
144,148,192,-6.1764705882352935,debris_rock
144,149,200,-5.392156862745097,debris_rock
144,150,176,-7.745098039215687,mixed_snow_ice
144,151,159,-9.411764705882353,clean_glacier_ice
144,152,163,-9.019607843137257,clean_glacier_ice
144,153,136,-11.666666666666666,clean_glacier_ice
144,154,95,-15.686274509803921,regular_glacier_ice
144,155,92,-15.980392156862745,regular_glacier_ice
144,156,99,-15.294117647058822,regular_glacier_ice
144,157,108,-14.411764705882353,regular_glacier_ice
144,158,44,-20.686274509803923,deep_glacier_ice
144,159,72,-17.941176470588236,deep_glacier_ice
144,160,139,-11.372549019607844,clean_glacier_ice
144,161,194,-5.980392156862745,debris_rock
144,162,187,-6.666666666666668,debris_rock
144,163,104,-14.803921568627452,regular_glacier_ice
144,164,60,-19.11764705882353,deep_glacier_ice
144,165,30,-22.058823529411764,very_deep_glacier_ice
144,166,55,-19.607843137254903,deep_glacier_ice
144,167,52,-19.901960784313726,deep_glacier_ice
144,168,78,-17.352941176470587,deep_glacier_ice
144,169,47,-20.392156862745097,deep_glacier_ice
144,170,77,-17.450980392156865,deep_glacier_ice
144,171,93,-15.882352941176471,regular_glacier_ice
144,172,121,-13.137254901960786,regular_glacier_ice
144,173,92,-15.980392156862745,regular_glacier_ice
144,174,101,-15.098039215686274,regular_glacier_ice
144,175,75,-17.647058823529413,deep_glacier_ice
144,176,99,-15.294117647058822,regular_glacier_ice
144,177,69,-18.235294117647058,deep_glacier_ice
144,178,70,-18.137254901960784,deep_glacier_ice
144,179,43,-20.784313725490197,very_deep_glacier_ice
144,180,46,-20.490196078431374,deep_glacier_ice
144,181,40,-21.07843137254902,very_deep_glacier_ice
144,182,47,-20.392156862745097,deep_glacier_ice
144,183,44,-20.686274509803923,deep_glacier_ice
144,184,77,-17.450980392156865,deep_glacier_ice
144,185,77,-17.450980392156865,deep_glacier_ice
144,186,87,-16.470588235294116,deep_glacier_ice
144,187,79,-17.254901960784313,deep_glacier_ice
144,188,45,-20.588235294117645,deep_glacier_ice
144,189,75,-17.647058823529413,deep_glacier_ice
144,190,78,-17.352941176470587,deep_glacier_ice
144,191,78,-17.352941176470587,deep_glacier_ice
144,192,60,-19.11764705882353,deep_glacier_ice
144,193,38,-21.274509803921568,very_deep_glacier_ice
144,194,35,-21.568627450980394,very_deep_glacier_ice
144,195,49,-20.19607843137255,deep_glacier_ice
144,196,72,-17.941176470588236,deep_glacier_ice
144,197,82,-16.96078431372549,deep_glacier_ice
144,198,63,-18.823529411764707,deep_glacier_ice
144,199,81,-17.058823529411764,deep_glacier_ice
144,200,75,-17.647058823529413,deep_glacier_ice
144,201,119,-13.333333333333334,regular_glacier_ice
144,202,115,-13.72549019607843,regular_glacier_ice
144,203,116,-13.627450980392156,regular_glacier_ice
144,204,135,-11.76470588235294,clean_glacier_ice
144,205,148,-10.49019607843137,clean_glacier_ice
144,206,124,-12.843137254901961,regular_glacier_ice
144,207,98,-15.392156862745097,regular_glacier_ice
144,208,103,-14.901960784313726,regular_glacier_ice
144,209,215,-3.9215686274509807,debris_rock
144,210,205,-4.901960784313726,debris_rock
144,211,213,-4.117647058823529,debris_rock
144,212,212,-4.215686274509803,debris_rock
144,213,183,-7.0588235294117645,mixed_snow_ice
144,214,221,-3.333333333333332,debris_rock
144,215,180,-7.352941176470587,mixed_snow_ice
144,216,193,-6.078431372549019,debris_rock
144,217,156,-9.705882352941176,clean_glacier_ice
144,218,172,-8.137254901960784,mixed_snow_ice
144,219,183,-7.0588235294117645,mixed_snow_ice
144,220,216,-3.8235294117647065,debris_rock
144,221,165,-8.823529411764707,clean_glacier_ice
144,222,130,-12.254901960784315,clean_glacier_ice
145,0,132,-12.058823529411763,clean_glacier_ice
145,1,57,-19.41176470588235,deep_glacier_ice
145,2,74,-17.745098039215684,deep_glacier_ice
145,3,118,-13.431372549019608,regular_glacier_ice
145,4,138,-11.470588235294118,clean_glacier_ice
145,5,116,-13.627450980392156,regular_glacier_ice
145,6,121,-13.137254901960786,regular_glacier_ice
145,9,146,-10.686274509803923,clean_glacier_ice
145,10,139,-11.372549019607844,clean_glacier_ice
145,11,192,-6.1764705882352935,debris_rock
145,12,233,-2.1568627450980387,debris_rock
145,13,217,-3.7254901960784323,debris_rock
145,14,212,-4.215686274509803,debris_rock
145,15,182,-7.156862745098039,mixed_snow_ice
145,16,202,-5.196078431372548,debris_rock
145,17,185,-6.862745098039216,mixed_snow_ice
145,18,193,-6.078431372549019,debris_rock
145,19,179,-7.450980392156865,mixed_snow_ice
145,20,182,-7.156862745098039,mixed_snow_ice
145,21,176,-7.745098039215687,mixed_snow_ice
145,22,164,-8.92156862745098,clean_glacier_ice
145,23,155,-9.803921568627452,clean_glacier_ice
145,24,180,-7.352941176470587,mixed_snow_ice
145,25,172,-8.137254901960784,mixed_snow_ice
145,26,199,-5.490196078431371,debris_rock
145,33,171,-8.235294117647062,mixed_snow_ice
145,34,241,-1.3725490196078454,debris_rock
145,35,229,-2.5490196078431353,debris_rock
145,36,190,-6.372549019607842,debris_rock
145,37,166,-8.725490196078432,mixed_snow_ice
145,38,150,-10.294117647058822,clean_glacier_ice
145,39,179,-7.450980392156865,mixed_snow_ice
145,40,185,-6.862745098039216,mixed_snow_ice
145,41,230,-2.450980392156861,debris_rock
145,42,221,-3.333333333333332,debris_rock
145,43,193,-6.078431372549019,debris_rock
145,44,181,-7.254901960784313,mixed_snow_ice
145,45,194,-5.980392156862745,debris_rock
145,46,183,-7.0588235294117645,mixed_snow_ice
145,47,167,-8.627450980392158,mixed_snow_ice
145,48,161,-9.215686274509805,clean_glacier_ice
145,49,205,-4.901960784313726,debris_rock
145,50,193,-6.078431372549019,debris_rock
145,51,176,-7.745098039215687,mixed_snow_ice
145,52,142,-11.07843137254902,clean_glacier_ice
145,53,116,-13.627450980392156,regular_glacier_ice
145,54,107,-14.509803921568627,regular_glacier_ice
145,55,134,-11.862745098039214,clean_glacier_ice
145,56,148,-10.49019607843137,clean_glacier_ice
145,57,115,-13.72549019607843,regular_glacier_ice
145,58,116,-13.627450980392156,regular_glacier_ice
145,59,101,-15.098039215686274,regular_glacier_ice
145,60,92,-15.980392156862745,regular_glacier_ice
145,61,106,-14.607843137254902,regular_glacier_ice
145,62,66,-18.52941176470588,deep_glacier_ice
145,63,36,-21.470588235294116,very_deep_glacier_ice
145,64,61,-19.019607843137255,deep_glacier_ice
145,65,101,-15.098039215686274,regular_glacier_ice
145,66,78,-17.352941176470587,deep_glacier_ice
145,67,126,-12.647058823529411,regular_glacier_ice
145,68,132,-12.058823529411763,clean_glacier_ice
145,69,132,-12.058823529411763,clean_glacier_ice
145,70,158,-9.509803921568627,clean_glacier_ice
145,71,171,-8.235294117647062,mixed_snow_ice
145,72,170,-8.333333333333336,mixed_snow_ice
145,73,167,-8.627450980392158,mixed_snow_ice
145,74,175,-7.843137254901961,mixed_snow_ice
145,75,175,-7.843137254901961,mixed_snow_ice
145,76,163,-9.019607843137257,clean_glacier_ice
145,77,172,-8.137254901960784,mixed_snow_ice
145,78,216,-3.8235294117647065,debris_rock
145,79,220,-3.4313725490196063,debris_rock
145,80,223,-3.137254901960784,debris_rock
145,81,124,-12.843137254901961,regular_glacier_ice
145,82,137,-11.568627450980392,clean_glacier_ice
145,83,146,-10.686274509803923,clean_glacier_ice
145,84,149,-10.392156862745097,clean_glacier_ice
145,85,145,-10.784313725490197,clean_glacier_ice
145,86,119,-13.333333333333334,regular_glacier_ice
145,87,148,-10.49019607843137,clean_glacier_ice
145,88,217,-3.7254901960784323,debris_rock
145,89,224,-3.0392156862745097,debris_rock
145,90,219,-3.529411764705884,debris_rock
145,91,220,-3.4313725490196063,debris_rock
145,92,208,-4.607843137254903,debris_rock
145,93,199,-5.490196078431371,debris_rock
145,94,186,-6.764705882352942,debris_rock
145,95,158,-9.509803921568627,clean_glacier_ice
145,96,62,-18.92156862745098,deep_glacier_ice
145,97,46,-20.490196078431374,deep_glacier_ice
145,98,134,-11.862745098039214,clean_glacier_ice
145,99,136,-11.666666666666666,clean_glacier_ice
145,100,79,-17.254901960784313,deep_glacier_ice
145,101,88,-16.372549019607845,regular_glacier_ice
145,102,126,-12.647058823529411,regular_glacier_ice
145,103,223,-3.137254901960784,debris_rock
145,104,255,0.0,debris_rock
145,105,169,-8.43137254901961,mixed_snow_ice
145,106,39,-21.176470588235293,very_deep_glacier_ice
145,107,64,-18.725490196078432,deep_glacier_ice
145,108,81,-17.058823529411764,deep_glacier_ice
145,109,83,-16.862745098039216,deep_glacier_ice
145,110,59,-19.215686274509803,deep_glacier_ice
145,111,66,-18.52941176470588,deep_glacier_ice
145,112,89,-16.274509803921568,regular_glacier_ice
145,113,82,-16.96078431372549,deep_glacier_ice
145,114,86,-16.568627450980394,deep_glacier_ice
145,115,74,-17.745098039215684,deep_glacier_ice
145,116,76,-17.549019607843135,deep_glacier_ice
145,117,52,-19.901960784313726,deep_glacier_ice
145,118,49,-20.19607843137255,deep_glacier_ice
145,119,86,-16.568627450980394,deep_glacier_ice
145,120,85,-16.666666666666668,deep_glacier_ice
145,121,67,-18.431372549019606,deep_glacier_ice
145,122,70,-18.137254901960784,deep_glacier_ice
145,123,73,-17.84313725490196,deep_glacier_ice
145,124,70,-18.137254901960784,deep_glacier_ice
145,125,59,-19.215686274509803,deep_glacier_ice
145,126,56,-19.509803921568626,deep_glacier_ice
145,127,72,-17.941176470588236,deep_glacier_ice
145,128,79,-17.254901960784313,deep_glacier_ice
145,129,63,-18.823529411764707,deep_glacier_ice
145,130,85,-16.666666666666668,deep_glacier_ice
145,131,42,-20.88235294117647,very_deep_glacier_ice
145,132,59,-19.215686274509803,deep_glacier_ice
145,133,51,-20.0,deep_glacier_ice
145,134,51,-20.0,deep_glacier_ice
145,135,85,-16.666666666666668,deep_glacier_ice
145,136,43,-20.784313725490197,very_deep_glacier_ice
145,137,58,-19.313725490196077,deep_glacier_ice
145,138,66,-18.52941176470588,deep_glacier_ice
145,139,95,-15.686274509803921,regular_glacier_ice
145,140,79,-17.254901960784313,deep_glacier_ice
145,141,76,-17.549019607843135,deep_glacier_ice
145,142,83,-16.862745098039216,deep_glacier_ice
145,143,101,-15.098039215686274,regular_glacier_ice
145,144,115,-13.72549019607843,regular_glacier_ice
145,145,122,-13.03921568627451,regular_glacier_ice
145,146,112,-14.019607843137255,regular_glacier_ice
145,147,164,-8.92156862745098,clean_glacier_ice
145,148,165,-8.823529411764707,clean_glacier_ice
145,149,119,-13.333333333333334,regular_glacier_ice
145,150,112,-14.019607843137255,regular_glacier_ice
145,151,255,0.0,debris_rock
145,152,133,-11.960784313725489,clean_glacier_ice
145,153,63,-18.823529411764707,deep_glacier_ice
145,154,91,-16.07843137254902,regular_glacier_ice
145,155,103,-14.901960784313726,regular_glacier_ice
145,156,127,-12.549019607843137,regular_glacier_ice
145,157,110,-14.215686274509803,regular_glacier_ice
145,158,108,-14.411764705882353,regular_glacier_ice
145,159,92,-15.980392156862745,regular_glacier_ice
145,160,151,-10.196078431372548,clean_glacier_ice
145,161,136,-11.666666666666666,clean_glacier_ice
145,162,176,-7.745098039215687,mixed_snow_ice
145,163,149,-10.392156862745097,clean_glacier_ice
145,164,180,-7.352941176470587,mixed_snow_ice
145,165,102,-15.0,regular_glacier_ice
145,166,107,-14.509803921568627,regular_glacier_ice
145,167,126,-12.647058823529411,regular_glacier_ice
145,168,137,-11.568627450980392,clean_glacier_ice
145,169,119,-13.333333333333334,regular_glacier_ice
145,170,159,-9.411764705882353,clean_glacier_ice
145,171,105,-14.705882352941178,regular_glacier_ice
145,172,136,-11.666666666666666,clean_glacier_ice
145,173,182,-7.156862745098039,mixed_snow_ice
145,174,150,-10.294117647058822,clean_glacier_ice
145,175,95,-15.686274509803921,regular_glacier_ice
145,176,198,-5.588235294117645,debris_rock
145,177,255,0.0,debris_rock
145,178,212,-4.215686274509803,debris_rock
145,179,198,-5.588235294117645,debris_rock
145,180,206,-4.803921568627452,debris_rock
145,181,186,-6.764705882352942,debris_rock
145,182,203,-5.098039215686274,debris_rock
145,183,182,-7.156862745098039,mixed_snow_ice
145,184,170,-8.333333333333336,mixed_snow_ice
145,185,179,-7.450980392156865,mixed_snow_ice
145,186,136,-11.666666666666666,clean_glacier_ice
145,187,177,-7.647058823529413,mixed_snow_ice
145,188,169,-8.43137254901961,mixed_snow_ice
145,189,164,-8.92156862745098,clean_glacier_ice
145,190,195,-5.882352941176471,debris_rock
145,191,143,-10.980392156862745,clean_glacier_ice
145,197,223,-3.137254901960784,debris_rock
145,198,223,-3.137254901960784,debris_rock
145,199,199,-5.490196078431371,debris_rock
145,200,161,-9.215686274509805,clean_glacier_ice
145,201,149,-10.392156862745097,clean_glacier_ice
145,202,152,-10.098039215686274,clean_glacier_ice
145,203,155,-9.803921568627452,clean_glacier_ice
145,204,193,-6.078431372549019,debris_rock
145,205,232,-2.254901960784313,debris_rock
145,206,220,-3.4313725490196063,debris_rock
145,207,219,-3.529411764705884,debris_rock
145,208,228,-2.6470588235294095,debris_rock
145,209,204,-5.0,debris_rock
145,210,196,-5.784313725490193,debris_rock
145,211,176,-7.745098039215687,mixed_snow_ice
145,212,127,-12.549019607843137,regular_glacier_ice
145,213,101,-15.098039215686274,regular_glacier_ice
145,214,121,-13.137254901960786,regular_glacier_ice
145,215,73,-17.84313725490196,deep_glacier_ice
145,216,91,-16.07843137254902,regular_glacier_ice
145,217,80,-17.15686274509804,deep_glacier_ice
145,218,81,-17.058823529411764,deep_glacier_ice
145,219,105,-14.705882352941178,regular_glacier_ice
145,220,119,-13.333333333333334,regular_glacier_ice
145,221,118,-13.431372549019608,regular_glacier_ice
145,222,86,-16.568627450980394,deep_glacier_ice
146,0,119,-13.333333333333334,regular_glacier_ice
146,1,111,-14.117647058823529,regular_glacier_ice
146,2,121,-13.137254901960786,regular_glacier_ice
146,3,91,-16.07843137254902,regular_glacier_ice
146,4,117,-13.529411764705882,regular_glacier_ice
146,5,49,-20.19607843137255,deep_glacier_ice
146,6,50,-20.098039215686274,deep_glacier_ice
146,7,76,-17.549019607843135,deep_glacier_ice
146,8,82,-16.96078431372549,deep_glacier_ice
146,9,98,-15.392156862745097,regular_glacier_ice
146,10,95,-15.686274509803921,regular_glacier_ice
146,11,93,-15.882352941176471,regular_glacier_ice
146,12,103,-14.901960784313726,regular_glacier_ice
146,13,130,-12.254901960784315,clean_glacier_ice
146,14,131,-12.15686274509804,clean_glacier_ice
146,15,183,-7.0588235294117645,mixed_snow_ice
146,16,176,-7.745098039215687,mixed_snow_ice
146,17,143,-10.980392156862745,clean_glacier_ice
146,18,181,-7.254901960784313,mixed_snow_ice
146,19,160,-9.313725490196079,clean_glacier_ice
146,20,218,-3.627450980392158,debris_rock
146,21,214,-4.019607843137255,debris_rock
146,22,205,-4.901960784313726,debris_rock
146,23,155,-9.803921568627452,clean_glacier_ice
146,24,165,-8.823529411764707,clean_glacier_ice
146,25,162,-9.11764705882353,clean_glacier_ice
146,26,126,-12.647058823529411,regular_glacier_ice
146,27,116,-13.627450980392156,regular_glacier_ice
146,28,181,-7.254901960784313,mixed_snow_ice
146,29,145,-10.784313725490197,clean_glacier_ice
146,30,175,-7.843137254901961,mixed_snow_ice
146,31,179,-7.450980392156865,mixed_snow_ice
146,32,169,-8.43137254901961,mixed_snow_ice
146,33,134,-11.862745098039214,clean_glacier_ice
146,34,157,-9.607843137254902,clean_glacier_ice
146,35,167,-8.627450980392158,mixed_snow_ice
146,36,198,-5.588235294117645,debris_rock
146,37,190,-6.372549019607842,debris_rock
146,38,144,-10.882352941176471,clean_glacier_ice
146,39,115,-13.72549019607843,regular_glacier_ice
146,40,168,-8.529411764705884,mixed_snow_ice
146,41,171,-8.235294117647062,mixed_snow_ice
146,42,107,-14.509803921568627,regular_glacier_ice
146,43,118,-13.431372549019608,regular_glacier_ice
146,44,115,-13.72549019607843,regular_glacier_ice
146,45,210,-4.411764705882355,debris_rock
146,46,244,-1.0784313725490193,debris_rock
146,47,136,-11.666666666666666,clean_glacier_ice
146,48,84,-16.764705882352942,deep_glacier_ice
146,49,77,-17.450980392156865,deep_glacier_ice
146,50,82,-16.96078431372549,deep_glacier_ice
146,51,83,-16.862745098039216,deep_glacier_ice
146,52,77,-17.450980392156865,deep_glacier_ice
146,53,86,-16.568627450980394,deep_glacier_ice
146,54,64,-18.725490196078432,deep_glacier_ice
146,55,61,-19.019607843137255,deep_glacier_ice
146,56,76,-17.549019607843135,deep_glacier_ice
146,57,88,-16.372549019607845,regular_glacier_ice
146,58,50,-20.098039215686274,deep_glacier_ice
146,59,56,-19.509803921568626,deep_glacier_ice
146,60,60,-19.11764705882353,deep_glacier_ice
146,61,75,-17.647058823529413,deep_glacier_ice
146,62,54,-19.705882352941178,deep_glacier_ice
146,63,60,-19.11764705882353,deep_glacier_ice
146,64,63,-18.823529411764707,deep_glacier_ice
146,65,68,-18.333333333333332,deep_glacier_ice
146,66,47,-20.392156862745097,deep_glacier_ice
146,67,40,-21.07843137254902,very_deep_glacier_ice
146,68,72,-17.941176470588236,deep_glacier_ice
146,69,24,-22.647058823529413,very_deep_glacier_ice
146,70,43,-20.784313725490197,very_deep_glacier_ice
146,71,39,-21.176470588235293,very_deep_glacier_ice
146,72,70,-18.137254901960784,deep_glacier_ice
146,73,39,-21.176470588235293,very_deep_glacier_ice
146,74,60,-19.11764705882353,deep_glacier_ice
146,75,55,-19.607843137254903,deep_glacier_ice
146,76,55,-19.607843137254903,deep_glacier_ice
146,77,91,-16.07843137254902,regular_glacier_ice
146,78,64,-18.725490196078432,deep_glacier_ice
146,79,66,-18.52941176470588,deep_glacier_ice
146,80,89,-16.274509803921568,regular_glacier_ice
146,81,82,-16.96078431372549,deep_glacier_ice
146,82,70,-18.137254901960784,deep_glacier_ice
146,83,89,-16.274509803921568,regular_glacier_ice
146,84,101,-15.098039215686274,regular_glacier_ice
146,85,120,-13.23529411764706,regular_glacier_ice
146,86,127,-12.549019607843137,regular_glacier_ice
146,87,147,-10.588235294117649,clean_glacier_ice
146,88,143,-10.980392156862745,clean_glacier_ice
146,89,153,-10.0,clean_glacier_ice
146,90,178,-7.549019607843139,mixed_snow_ice
146,91,100,-15.196078431372548,regular_glacier_ice
146,92,192,-6.1764705882352935,debris_rock
146,93,222,-3.235294117647058,debris_rock
146,94,133,-11.960784313725489,clean_glacier_ice
146,95,51,-20.0,deep_glacier_ice
146,96,90,-16.176470588235293,regular_glacier_ice
146,97,51,-20.0,deep_glacier_ice
146,98,54,-19.705882352941178,deep_glacier_ice
146,99,52,-19.901960784313726,deep_glacier_ice
146,100,31,-21.96078431372549,very_deep_glacier_ice
146,101,74,-17.745098039215684,deep_glacier_ice
146,102,79,-17.254901960784313,deep_glacier_ice
146,103,96,-15.588235294117647,regular_glacier_ice
146,104,158,-9.509803921568627,clean_glacier_ice
146,105,116,-13.627450980392156,regular_glacier_ice
146,106,116,-13.627450980392156,regular_glacier_ice
146,107,106,-14.607843137254902,regular_glacier_ice
146,108,125,-12.745098039215687,regular_glacier_ice
146,109,146,-10.686274509803923,clean_glacier_ice
146,110,101,-15.098039215686274,regular_glacier_ice
146,111,94,-15.784313725490195,regular_glacier_ice
146,112,184,-6.96078431372549,mixed_snow_ice
146,113,168,-8.529411764705884,mixed_snow_ice
146,114,173,-8.03921568627451,mixed_snow_ice
146,115,130,-12.254901960784315,clean_glacier_ice
146,116,146,-10.686274509803923,clean_glacier_ice
146,117,119,-13.333333333333334,regular_glacier_ice
146,118,164,-8.92156862745098,clean_glacier_ice
146,119,252,-0.2941176470588225,debris_rock
146,120,168,-8.529411764705884,mixed_snow_ice
146,121,187,-6.666666666666668,debris_rock
146,122,175,-7.843137254901961,mixed_snow_ice
146,123,211,-4.313725490196081,debris_rock
146,124,200,-5.392156862745097,debris_rock
146,125,190,-6.372549019607842,debris_rock
146,126,146,-10.686274509803923,clean_glacier_ice
146,127,156,-9.705882352941176,clean_glacier_ice
146,128,139,-11.372549019607844,clean_glacier_ice
146,129,126,-12.647058823529411,regular_glacier_ice
146,130,164,-8.92156862745098,clean_glacier_ice
146,131,99,-15.294117647058822,regular_glacier_ice
146,132,137,-11.568627450980392,clean_glacier_ice
146,133,45,-20.588235294117645,deep_glacier_ice
146,139,245,-0.9803921568627452,debris_rock
146,140,228,-2.6470588235294095,debris_rock
146,141,138,-11.470588235294118,clean_glacier_ice
146,142,148,-10.49019607843137,clean_glacier_ice
146,143,130,-12.254901960784315,clean_glacier_ice
146,144,150,-10.294117647058822,clean_glacier_ice
146,145,174,-7.9411764705882355,mixed_snow_ice
146,146,179,-7.450980392156865,mixed_snow_ice
146,147,255,0.0,debris_rock
146,148,254,-0.09803921568627416,debris_rock
146,149,217,-3.7254901960784323,debris_rock
146,150,214,-4.019607843137255,debris_rock
146,151,150,-10.294117647058822,clean_glacier_ice
146,152,149,-10.392156862745097,clean_glacier_ice
146,153,132,-12.058823529411763,clean_glacier_ice
146,154,122,-13.03921568627451,regular_glacier_ice
146,155,117,-13.529411764705882,regular_glacier_ice
146,156,86,-16.568627450980394,deep_glacier_ice
146,157,89,-16.274509803921568,regular_glacier_ice
146,158,106,-14.607843137254902,regular_glacier_ice
146,159,122,-13.03921568627451,regular_glacier_ice
146,160,80,-17.15686274509804,deep_glacier_ice
146,161,87,-16.470588235294116,deep_glacier_ice
146,162,79,-17.254901960784313,deep_glacier_ice
146,163,84,-16.764705882352942,deep_glacier_ice
146,164,89,-16.274509803921568,regular_glacier_ice
146,165,115,-13.72549019607843,regular_glacier_ice
146,166,109,-14.313725490196079,regular_glacier_ice
146,167,103,-14.901960784313726,regular_glacier_ice
146,168,86,-16.568627450980394,deep_glacier_ice
146,169,102,-15.0,regular_glacier_ice
146,170,75,-17.647058823529413,deep_glacier_ice
146,171,30,-22.058823529411764,very_deep_glacier_ice
146,172,52,-19.901960784313726,deep_glacier_ice
146,173,101,-15.098039215686274,regular_glacier_ice
146,174,56,-19.509803921568626,deep_glacier_ice
146,175,110,-14.215686274509803,regular_glacier_ice
146,176,88,-16.372549019607845,regular_glacier_ice
146,177,85,-16.666666666666668,deep_glacier_ice
146,178,82,-16.96078431372549,deep_glacier_ice
146,179,65,-18.627450980392158,deep_glacier_ice
146,180,120,-13.23529411764706,regular_glacier_ice
146,181,124,-12.843137254901961,regular_glacier_ice
146,182,153,-10.0,clean_glacier_ice
146,183,181,-7.254901960784313,mixed_snow_ice
146,184,173,-8.03921568627451,mixed_snow_ice
146,185,192,-6.1764705882352935,debris_rock
146,186,195,-5.882352941176471,debris_rock
146,187,212,-4.215686274509803,debris_rock
146,188,138,-11.470588235294118,clean_glacier_ice
146,189,166,-8.725490196078432,mixed_snow_ice
146,190,168,-8.529411764705884,mixed_snow_ice
146,191,159,-9.411764705882353,clean_glacier_ice
146,192,180,-7.352941176470587,mixed_snow_ice
146,193,175,-7.843137254901961,mixed_snow_ice
146,194,148,-10.49019607843137,clean_glacier_ice
146,195,157,-9.607843137254902,clean_glacier_ice
146,196,139,-11.372549019607844,clean_glacier_ice
146,197,99,-15.294117647058822,regular_glacier_ice
146,198,103,-14.901960784313726,regular_glacier_ice
146,199,79,-17.254901960784313,deep_glacier_ice
146,200,72,-17.941176470588236,deep_glacier_ice
146,201,135,-11.76470588235294,clean_glacier_ice
146,202,122,-13.03921568627451,regular_glacier_ice
146,203,121,-13.137254901960786,regular_glacier_ice
146,204,151,-10.196078431372548,clean_glacier_ice
146,205,166,-8.725490196078432,mixed_snow_ice
146,206,181,-7.254901960784313,mixed_snow_ice
146,207,233,-2.1568627450980387,debris_rock
146,208,182,-7.156862745098039,mixed_snow_ice
146,209,199,-5.490196078431371,debris_rock
146,210,148,-10.49019607843137,clean_glacier_ice
146,211,79,-17.254901960784313,deep_glacier_ice
146,212,69,-18.235294117647058,deep_glacier_ice
146,213,63,-18.823529411764707,deep_glacier_ice
146,214,55,-19.607843137254903,deep_glacier_ice
146,215,66,-18.52941176470588,deep_glacier_ice
146,216,51,-20.0,deep_glacier_ice
146,217,62,-18.92156862745098,deep_glacier_ice
146,218,59,-19.215686274509803,deep_glacier_ice
146,219,68,-18.333333333333332,deep_glacier_ice
146,220,66,-18.52941176470588,deep_glacier_ice
146,221,94,-15.784313725490195,regular_glacier_ice
146,222,83,-16.862745098039216,deep_glacier_ice
147,0,77,-17.450980392156865,deep_glacier_ice
147,1,90,-16.176470588235293,regular_glacier_ice
147,2,100,-15.196078431372548,regular_glacier_ice
147,3,73,-17.84313725490196,deep_glacier_ice
147,4,76,-17.549019607843135,deep_glacier_ice
147,5,25,-22.549019607843135,very_deep_glacier_ice
147,6,57,-19.41176470588235,deep_glacier_ice
147,7,77,-17.450980392156865,deep_glacier_ice
147,8,58,-19.313725490196077,deep_glacier_ice
147,9,53,-19.80392156862745,deep_glacier_ice
147,10,40,-21.07843137254902,very_deep_glacier_ice
147,11,19,-23.137254901960784,very_deep_glacier_ice
147,12,49,-20.19607843137255,deep_glacier_ice
147,13,77,-17.450980392156865,deep_glacier_ice
147,14,53,-19.80392156862745,deep_glacier_ice
147,15,37,-21.372549019607842,very_deep_glacier_ice
147,16,62,-18.92156862745098,deep_glacier_ice
147,17,52,-19.901960784313726,deep_glacier_ice
147,18,71,-18.03921568627451,deep_glacier_ice
147,19,41,-20.980392156862745,very_deep_glacier_ice
147,20,67,-18.431372549019606,deep_glacier_ice
147,21,72,-17.941176470588236,deep_glacier_ice
147,22,50,-20.098039215686274,deep_glacier_ice
147,23,77,-17.450980392156865,deep_glacier_ice
147,24,79,-17.254901960784313,deep_glacier_ice
147,25,129,-12.352941176470589,regular_glacier_ice
147,26,145,-10.784313725490197,clean_glacier_ice
147,27,151,-10.196078431372548,clean_glacier_ice
147,28,146,-10.686274509803923,clean_glacier_ice
147,29,154,-9.901960784313726,clean_glacier_ice
147,30,119,-13.333333333333334,regular_glacier_ice
147,31,143,-10.980392156862745,clean_glacier_ice
147,32,144,-10.882352941176471,clean_glacier_ice
147,33,126,-12.647058823529411,regular_glacier_ice
147,34,246,-0.882352941176471,debris_rock
147,35,255,0.0,debris_rock
147,36,134,-11.862745098039214,clean_glacier_ice
147,37,43,-20.784313725490197,very_deep_glacier_ice
147,38,48,-20.294117647058822,deep_glacier_ice
147,39,49,-20.19607843137255,deep_glacier_ice
147,40,61,-19.019607843137255,deep_glacier_ice
147,41,42,-20.88235294117647,very_deep_glacier_ice
147,42,39,-21.176470588235293,very_deep_glacier_ice
147,43,77,-17.450980392156865,deep_glacier_ice
147,44,73,-17.84313725490196,deep_glacier_ice
147,45,58,-19.313725490196077,deep_glacier_ice
147,46,57,-19.41176470588235,deep_glacier_ice
147,47,61,-19.019607843137255,deep_glacier_ice
147,48,88,-16.372549019607845,regular_glacier_ice
147,49,95,-15.686274509803921,regular_glacier_ice
147,50,77,-17.450980392156865,deep_glacier_ice
147,51,54,-19.705882352941178,deep_glacier_ice
147,52,38,-21.274509803921568,very_deep_glacier_ice
147,53,128,-12.450980392156863,regular_glacier_ice
147,54,165,-8.823529411764707,clean_glacier_ice
147,55,205,-4.901960784313726,debris_rock
147,56,216,-3.8235294117647065,debris_rock
147,57,186,-6.764705882352942,debris_rock
147,58,124,-12.843137254901961,regular_glacier_ice
147,59,124,-12.843137254901961,regular_glacier_ice
147,60,161,-9.215686274509805,clean_glacier_ice
147,61,217,-3.7254901960784323,debris_rock
147,62,206,-4.803921568627452,debris_rock
147,63,193,-6.078431372549019,debris_rock
147,64,183,-7.0588235294117645,mixed_snow_ice
147,65,202,-5.196078431372548,debris_rock
147,66,206,-4.803921568627452,debris_rock
147,67,219,-3.529411764705884,debris_rock
147,68,152,-10.098039215686274,clean_glacier_ice
147,69,149,-10.392156862745097,clean_glacier_ice
147,70,120,-13.23529411764706,regular_glacier_ice
147,71,106,-14.607843137254902,regular_glacier_ice
147,72,100,-15.196078431372548,regular_glacier_ice
147,73,83,-16.862745098039216,deep_glacier_ice
147,74,86,-16.568627450980394,deep_glacier_ice
147,75,29,-22.15686274509804,very_deep_glacier_ice
147,80,149,-10.392156862745097,clean_glacier_ice
147,81,255,0.0,debris_rock
147,82,255,0.0,debris_rock
147,83,171,-8.235294117647062,mixed_snow_ice
147,84,167,-8.627450980392158,mixed_snow_ice
147,85,168,-8.529411764705884,mixed_snow_ice
147,86,152,-10.098039215686274,clean_glacier_ice
147,87,187,-6.666666666666668,debris_rock
147,88,231,-2.352941176470587,debris_rock
147,89,242,-1.2745098039215712,debris_rock
147,90,171,-8.235294117647062,mixed_snow_ice
147,91,132,-12.058823529411763,clean_glacier_ice
147,92,117,-13.529411764705882,regular_glacier_ice
147,93,116,-13.627450980392156,regular_glacier_ice
147,94,111,-14.117647058823529,regular_glacier_ice
147,95,121,-13.137254901960786,regular_glacier_ice
147,96,132,-12.058823529411763,clean_glacier_ice
147,97,83,-16.862745098039216,deep_glacier_ice
147,98,83,-16.862745098039216,deep_glacier_ice
147,99,51,-20.0,deep_glacier_ice
147,100,73,-17.84313725490196,deep_glacier_ice
147,101,94,-15.784313725490195,regular_glacier_ice
147,102,78,-17.352941176470587,deep_glacier_ice
147,103,81,-17.058823529411764,deep_glacier_ice
147,104,57,-19.41176470588235,deep_glacier_ice
147,105,105,-14.705882352941178,regular_glacier_ice
147,106,87,-16.470588235294116,deep_glacier_ice
147,107,130,-12.254901960784315,clean_glacier_ice
147,108,112,-14.019607843137255,regular_glacier_ice
147,109,104,-14.803921568627452,regular_glacier_ice
147,110,92,-15.980392156862745,regular_glacier_ice
147,111,91,-16.07843137254902,regular_glacier_ice
147,112,66,-18.52941176470588,deep_glacier_ice
147,113,64,-18.725490196078432,deep_glacier_ice
147,114,68,-18.333333333333332,deep_glacier_ice
147,115,83,-16.862745098039216,deep_glacier_ice
147,116,82,-16.96078431372549,deep_glacier_ice
147,117,99,-15.294117647058822,regular_glacier_ice
147,118,68,-18.333333333333332,deep_glacier_ice
147,119,98,-15.392156862745097,regular_glacier_ice
147,120,71,-18.03921568627451,deep_glacier_ice
147,121,73,-17.84313725490196,deep_glacier_ice
147,122,86,-16.568627450980394,deep_glacier_ice
147,123,77,-17.450980392156865,deep_glacier_ice
147,124,135,-11.76470588235294,clean_glacier_ice
147,125,158,-9.509803921568627,clean_glacier_ice
147,126,131,-12.15686274509804,clean_glacier_ice
147,127,171,-8.235294117647062,mixed_snow_ice
147,128,177,-7.647058823529413,mixed_snow_ice
147,129,199,-5.490196078431371,debris_rock
147,130,166,-8.725490196078432,mixed_snow_ice
147,131,161,-9.215686274509805,clean_glacier_ice
147,132,175,-7.843137254901961,mixed_snow_ice
147,133,188,-6.56862745098039,debris_rock
147,134,190,-6.372549019607842,debris_rock
147,135,157,-9.607843137254902,clean_glacier_ice
147,136,143,-10.980392156862745,clean_glacier_ice
147,137,85,-16.666666666666668,deep_glacier_ice
147,138,102,-15.0,regular_glacier_ice
147,139,91,-16.07843137254902,regular_glacier_ice
147,140,54,-19.705882352941178,deep_glacier_ice
147,141,45,-20.588235294117645,deep_glacier_ice
147,142,39,-21.176470588235293,very_deep_glacier_ice
147,143,4,-24.607843137254903,very_deep_glacier_ice
147,145,59,-19.215686274509803,deep_glacier_ice
147,146,111,-14.117647058823529,regular_glacier_ice
147,147,226,-2.8431372549019613,debris_rock
147,148,255,0.0,debris_rock
147,149,224,-3.0392156862745097,debris_rock
147,150,155,-9.803921568627452,clean_glacier_ice
147,151,98,-15.392156862745097,regular_glacier_ice
147,152,84,-16.764705882352942,deep_glacier_ice
147,153,82,-16.96078431372549,deep_glacier_ice
147,154,77,-17.450980392156865,deep_glacier_ice
147,155,59,-19.215686274509803,deep_glacier_ice
147,156,50,-20.098039215686274,deep_glacier_ice
147,157,73,-17.84313725490196,deep_glacier_ice
147,158,41,-20.980392156862745,very_deep_glacier_ice
147,159,69,-18.235294117647058,deep_glacier_ice
147,160,82,-16.96078431372549,deep_glacier_ice
147,161,76,-17.549019607843135,deep_glacier_ice
147,162,65,-18.627450980392158,deep_glacier_ice
147,163,106,-14.607843137254902,regular_glacier_ice
147,164,82,-16.96078431372549,deep_glacier_ice
147,165,75,-17.647058823529413,deep_glacier_ice
147,166,104,-14.803921568627452,regular_glacier_ice
147,167,54,-19.705882352941178,deep_glacier_ice
147,168,84,-16.764705882352942,deep_glacier_ice
147,169,68,-18.333333333333332,deep_glacier_ice
147,170,56,-19.509803921568626,deep_glacier_ice
147,171,63,-18.823529411764707,deep_glacier_ice
147,172,79,-17.254901960784313,deep_glacier_ice
147,173,62,-18.92156862745098,deep_glacier_ice
147,174,52,-19.901960784313726,deep_glacier_ice
147,175,41,-20.980392156862745,very_deep_glacier_ice
147,176,52,-19.901960784313726,deep_glacier_ice
147,177,45,-20.588235294117645,deep_glacier_ice
147,178,57,-19.41176470588235,deep_glacier_ice
147,179,48,-20.294117647058822,deep_glacier_ice
147,180,59,-19.215686274509803,deep_glacier_ice
147,181,43,-20.784313725490197,very_deep_glacier_ice
147,182,53,-19.80392156862745,deep_glacier_ice
147,183,81,-17.058823529411764,deep_glacier_ice
147,184,88,-16.372549019607845,regular_glacier_ice
147,185,55,-19.607843137254903,deep_glacier_ice
147,186,65,-18.627450980392158,deep_glacier_ice
147,187,93,-15.882352941176471,regular_glacier_ice
147,188,93,-15.882352941176471,regular_glacier_ice
147,189,106,-14.607843137254902,regular_glacier_ice
147,190,137,-11.568627450980392,clean_glacier_ice
147,191,175,-7.843137254901961,mixed_snow_ice
147,192,194,-5.980392156862745,debris_rock
147,193,161,-9.215686274509805,clean_glacier_ice
147,194,167,-8.627450980392158,mixed_snow_ice
147,195,128,-12.450980392156863,regular_glacier_ice
147,196,150,-10.294117647058822,clean_glacier_ice
147,197,137,-11.568627450980392,clean_glacier_ice
147,198,130,-12.254901960784315,clean_glacier_ice
147,199,255,0.0,debris_rock
147,200,178,-7.549019607843139,mixed_snow_ice
147,201,77,-17.450980392156865,deep_glacier_ice
147,202,75,-17.647058823529413,deep_glacier_ice
147,203,43,-20.784313725490197,very_deep_glacier_ice
147,204,74,-17.745098039215684,deep_glacier_ice
147,205,56,-19.509803921568626,deep_glacier_ice
147,206,86,-16.568627450980394,deep_glacier_ice
147,207,67,-18.431372549019606,deep_glacier_ice
147,208,77,-17.450980392156865,deep_glacier_ice
147,209,75,-17.647058823529413,deep_glacier_ice
147,210,59,-19.215686274509803,deep_glacier_ice
147,211,45,-20.588235294117645,deep_glacier_ice
147,212,44,-20.686274509803923,deep_glacier_ice
147,213,40,-21.07843137254902,very_deep_glacier_ice
147,214,98,-15.392156862745097,regular_glacier_ice
147,215,63,-18.823529411764707,deep_glacier_ice
147,216,4,-24.607843137254903,very_deep_glacier_ice
147,217,91,-16.07843137254902,regular_glacier_ice
147,218,190,-6.372549019607842,debris_rock
147,219,168,-8.529411764705884,mixed_snow_ice
147,220,198,-5.588235294117645,debris_rock
147,221,195,-5.882352941176471,debris_rock
147,222,196,-5.784313725490193,debris_rock
148,0,176,-7.745098039215687,mixed_snow_ice
148,1,183,-7.0588235294117645,mixed_snow_ice
148,2,195,-5.882352941176471,debris_rock
148,3,206,-4.803921568627452,debris_rock
148,4,201,-5.2941176470588225,debris_rock
148,5,215,-3.9215686274509807,debris_rock
148,6,174,-7.9411764705882355,mixed_snow_ice
148,7,195,-5.882352941176471,debris_rock
148,8,186,-6.764705882352942,debris_rock
148,9,178,-7.549019607843139,mixed_snow_ice
148,10,122,-13.03921568627451,regular_glacier_ice
148,11,115,-13.72549019607843,regular_glacier_ice
148,12,105,-14.705882352941178,regular_glacier_ice
148,13,87,-16.470588235294116,deep_glacier_ice
148,14,115,-13.72549019607843,regular_glacier_ice
148,15,95,-15.686274509803921,regular_glacier_ice
148,16,69,-18.235294117647058,deep_glacier_ice
148,21,157,-9.607843137254902,clean_glacier_ice
148,22,207,-4.7058823529411775,debris_rock
148,23,248,-0.6862745098039227,debris_rock
148,24,234,-2.0588235294117645,debris_rock
148,25,226,-2.8431372549019613,debris_rock
148,26,236,-1.8627450980392162,debris_rock
148,27,225,-2.9411764705882355,debris_rock
148,28,198,-5.588235294117645,debris_rock
148,29,189,-6.470588235294116,debris_rock
148,30,219,-3.529411764705884,debris_rock
148,31,163,-9.019607843137257,clean_glacier_ice
148,32,136,-11.666666666666666,clean_glacier_ice
148,33,104,-14.803921568627452,regular_glacier_ice
148,34,93,-15.882352941176471,regular_glacier_ice
148,35,80,-17.15686274509804,deep_glacier_ice
148,36,93,-15.882352941176471,regular_glacier_ice
148,37,102,-15.0,regular_glacier_ice
148,38,115,-13.72549019607843,regular_glacier_ice
148,39,109,-14.313725490196079,regular_glacier_ice
148,40,81,-17.058823529411764,deep_glacier_ice
148,41,63,-18.823529411764707,deep_glacier_ice
148,42,51,-20.0,deep_glacier_ice
148,43,115,-13.72549019607843,regular_glacier_ice
148,44,100,-15.196078431372548,regular_glacier_ice
148,45,104,-14.803921568627452,regular_glacier_ice
148,46,89,-16.274509803921568,regular_glacier_ice
148,47,80,-17.15686274509804,deep_glacier_ice
148,48,98,-15.392156862745097,regular_glacier_ice
148,49,131,-12.15686274509804,clean_glacier_ice
148,50,129,-12.352941176470589,regular_glacier_ice
148,51,121,-13.137254901960786,regular_glacier_ice
148,52,79,-17.254901960784313,deep_glacier_ice
148,53,101,-15.098039215686274,regular_glacier_ice
148,54,91,-16.07843137254902,regular_glacier_ice
148,55,66,-18.52941176470588,deep_glacier_ice
148,56,58,-19.313725490196077,deep_glacier_ice
148,57,73,-17.84313725490196,deep_glacier_ice
148,58,52,-19.901960784313726,deep_glacier_ice
148,59,86,-16.568627450980394,deep_glacier_ice
148,60,83,-16.862745098039216,deep_glacier_ice
148,61,90,-16.176470588235293,regular_glacier_ice
148,62,85,-16.666666666666668,deep_glacier_ice
148,63,73,-17.84313725490196,deep_glacier_ice
148,64,79,-17.254901960784313,deep_glacier_ice
148,65,85,-16.666666666666668,deep_glacier_ice
148,66,104,-14.803921568627452,regular_glacier_ice
148,67,103,-14.901960784313726,regular_glacier_ice
148,68,95,-15.686274509803921,regular_glacier_ice
148,69,115,-13.72549019607843,regular_glacier_ice
148,70,160,-9.313725490196079,clean_glacier_ice
148,71,172,-8.137254901960784,mixed_snow_ice
148,72,191,-6.274509803921568,debris_rock
148,73,175,-7.843137254901961,mixed_snow_ice
148,74,176,-7.745098039215687,mixed_snow_ice
148,75,183,-7.0588235294117645,mixed_snow_ice
148,76,197,-5.686274509803919,debris_rock
148,77,167,-8.627450980392158,mixed_snow_ice
148,78,113,-13.92156862745098,regular_glacier_ice
148,79,120,-13.23529411764706,regular_glacier_ice
148,80,184,-6.96078431372549,mixed_snow_ice
148,81,165,-8.823529411764707,clean_glacier_ice
148,82,74,-17.745098039215684,deep_glacier_ice
148,83,64,-18.725490196078432,deep_glacier_ice
148,84,61,-19.019607843137255,deep_glacier_ice
148,85,55,-19.607843137254903,deep_glacier_ice
148,86,43,-20.784313725490197,very_deep_glacier_ice
148,87,97,-15.490196078431373,regular_glacier_ice
148,88,219,-3.529411764705884,debris_rock
148,89,251,-0.3921568627451002,debris_rock
148,90,213,-4.117647058823529,debris_rock
148,91,221,-3.333333333333332,debris_rock
148,92,227,-2.745098039215687,debris_rock
148,93,196,-5.784313725490193,debris_rock
148,94,66,-18.52941176470588,deep_glacier_ice
148,95,83,-16.862745098039216,deep_glacier_ice
148,96,82,-16.96078431372549,deep_glacier_ice
148,97,60,-19.11764705882353,deep_glacier_ice
148,98,53,-19.80392156862745,deep_glacier_ice
148,99,56,-19.509803921568626,deep_glacier_ice
148,100,33,-21.764705882352942,very_deep_glacier_ice
148,101,81,-17.058823529411764,deep_glacier_ice
148,102,58,-19.313725490196077,deep_glacier_ice
148,103,59,-19.215686274509803,deep_glacier_ice
148,104,73,-17.84313725490196,deep_glacier_ice
148,105,34,-21.666666666666668,very_deep_glacier_ice
148,106,60,-19.11764705882353,deep_glacier_ice
148,107,89,-16.274509803921568,regular_glacier_ice
148,108,79,-17.254901960784313,deep_glacier_ice
148,109,80,-17.15686274509804,deep_glacier_ice
148,110,52,-19.901960784313726,deep_glacier_ice
148,111,53,-19.80392156862745,deep_glacier_ice
148,112,32,-21.862745098039216,very_deep_glacier_ice
148,113,75,-17.647058823529413,deep_glacier_ice
148,114,93,-15.882352941176471,regular_glacier_ice
148,115,68,-18.333333333333332,deep_glacier_ice
148,116,48,-20.294117647058822,deep_glacier_ice
148,117,51,-20.0,deep_glacier_ice
148,118,39,-21.176470588235293,very_deep_glacier_ice
148,119,65,-18.627450980392158,deep_glacier_ice
148,120,49,-20.19607843137255,deep_glacier_ice
148,121,64,-18.725490196078432,deep_glacier_ice
148,122,64,-18.725490196078432,deep_glacier_ice
148,123,32,-21.862745098039216,very_deep_glacier_ice
148,124,74,-17.745098039215684,deep_glacier_ice
148,125,79,-17.254901960784313,deep_glacier_ice
148,126,83,-16.862745098039216,deep_glacier_ice
148,127,62,-18.92156862745098,deep_glacier_ice
148,128,63,-18.823529411764707,deep_glacier_ice
148,129,90,-16.176470588235293,regular_glacier_ice
148,130,93,-15.882352941176471,regular_glacier_ice
148,131,108,-14.411764705882353,regular_glacier_ice
148,132,197,-5.686274509803919,debris_rock
148,133,193,-6.078431372549019,debris_rock
148,134,167,-8.627450980392158,mixed_snow_ice
148,135,179,-7.450980392156865,mixed_snow_ice
148,136,117,-13.529411764705882,regular_glacier_ice
148,137,176,-7.745098039215687,mixed_snow_ice
148,138,120,-13.23529411764706,regular_glacier_ice
148,139,127,-12.549019607843137,regular_glacier_ice
148,140,165,-8.823529411764707,clean_glacier_ice
148,141,191,-6.274509803921568,debris_rock
148,142,134,-11.862745098039214,clean_glacier_ice
148,143,105,-14.705882352941178,regular_glacier_ice
148,144,102,-15.0,regular_glacier_ice
148,145,78,-17.352941176470587,deep_glacier_ice
148,146,80,-17.15686274509804,deep_glacier_ice
148,147,99,-15.294117647058822,regular_glacier_ice
148,148,100,-15.196078431372548,regular_glacier_ice
148,149,78,-17.352941176470587,deep_glacier_ice
148,150,55,-19.607843137254903,deep_glacier_ice
148,151,70,-18.137254901960784,deep_glacier_ice
148,152,71,-18.03921568627451,deep_glacier_ice
148,153,49,-20.19607843137255,deep_glacier_ice
148,154,62,-18.92156862745098,deep_glacier_ice
148,155,83,-16.862745098039216,deep_glacier_ice
148,156,70,-18.137254901960784,deep_glacier_ice
148,157,118,-13.431372549019608,regular_glacier_ice
148,158,145,-10.784313725490197,clean_glacier_ice
148,159,157,-9.607843137254902,clean_glacier_ice
148,160,187,-6.666666666666668,debris_rock
148,161,191,-6.274509803921568,debris_rock
148,162,209,-4.509803921568629,debris_rock
148,163,205,-4.901960784313726,debris_rock
148,164,172,-8.137254901960784,mixed_snow_ice
148,165,184,-6.96078431372549,mixed_snow_ice
148,166,186,-6.764705882352942,debris_rock
148,167,198,-5.588235294117645,debris_rock
148,168,194,-5.980392156862745,debris_rock
148,169,180,-7.352941176470587,mixed_snow_ice
148,170,156,-9.705882352941176,clean_glacier_ice
148,171,179,-7.450980392156865,mixed_snow_ice
148,172,213,-4.117647058823529,debris_rock
148,173,208,-4.607843137254903,debris_rock
148,174,178,-7.549019607843139,mixed_snow_ice
148,175,143,-10.980392156862745,clean_glacier_ice
148,176,88,-16.372549019607845,regular_glacier_ice
148,177,100,-15.196078431372548,regular_glacier_ice
148,178,79,-17.254901960784313,deep_glacier_ice
148,179,109,-14.313725490196079,regular_glacier_ice
148,180,106,-14.607843137254902,regular_glacier_ice
148,185,177,-7.647058823529413,mixed_snow_ice
148,186,113,-13.92156862745098,regular_glacier_ice
148,187,176,-7.745098039215687,mixed_snow_ice
148,188,243,-1.176470588235297,debris_rock
148,189,236,-1.8627450980392162,debris_rock
148,190,224,-3.0392156862745097,debris_rock
148,191,204,-5.0,debris_rock
148,192,210,-4.411764705882355,debris_rock
148,193,209,-4.509803921568629,debris_rock
148,194,180,-7.352941176470587,mixed_snow_ice
148,195,143,-10.980392156862745,clean_glacier_ice
148,196,118,-13.431372549019608,regular_glacier_ice
148,197,123,-12.941176470588236,regular_glacier_ice
148,198,106,-14.607843137254902,regular_glacier_ice
148,199,93,-15.882352941176471,regular_glacier_ice
148,200,104,-14.803921568627452,regular_glacier_ice
148,201,116,-13.627450980392156,regular_glacier_ice
148,202,105,-14.705882352941178,regular_glacier_ice
148,203,109,-14.313725490196079,regular_glacier_ice
148,204,107,-14.509803921568627,regular_glacier_ice
148,205,75,-17.647058823529413,deep_glacier_ice
148,206,98,-15.392156862745097,regular_glacier_ice
148,207,100,-15.196078431372548,regular_glacier_ice
148,208,103,-14.901960784313726,regular_glacier_ice
148,209,56,-19.509803921568626,deep_glacier_ice
148,210,76,-17.549019607843135,deep_glacier_ice
148,211,64,-18.725490196078432,deep_glacier_ice
148,212,37,-21.372549019607842,very_deep_glacier_ice
148,213,95,-15.686274509803921,regular_glacier_ice
148,214,162,-9.11764705882353,clean_glacier_ice
148,215,137,-11.568627450980392,clean_glacier_ice
148,216,100,-15.196078431372548,regular_glacier_ice
148,217,108,-14.411764705882353,regular_glacier_ice
148,218,101,-15.098039215686274,regular_glacier_ice
148,219,102,-15.0,regular_glacier_ice
148,220,64,-18.725490196078432,deep_glacier_ice
148,221,78,-17.352941176470587,deep_glacier_ice
148,222,57,-19.41176470588235,deep_glacier_ice
149,0,48,-20.294117647058822,deep_glacier_ice
149,1,53,-19.80392156862745,deep_glacier_ice
149,2,36,-21.470588235294116,very_deep_glacier_ice
149,3,88,-16.372549019607845,regular_glacier_ice
149,4,81,-17.058823529411764,deep_glacier_ice
149,5,71,-18.03921568627451,deep_glacier_ice
149,6,89,-16.274509803921568,regular_glacier_ice
149,7,106,-14.607843137254902,regular_glacier_ice
149,8,97,-15.490196078431373,regular_glacier_ice
149,9,82,-16.96078431372549,deep_glacier_ice
149,10,81,-17.058823529411764,deep_glacier_ice
149,11,74,-17.745098039215684,deep_glacier_ice
149,12,92,-15.980392156862745,regular_glacier_ice
149,13,126,-12.647058823529411,regular_glacier_ice
149,14,135,-11.76470588235294,clean_glacier_ice
149,15,145,-10.784313725490197,clean_glacier_ice
149,16,202,-5.196078431372548,debris_rock
149,17,175,-7.843137254901961,mixed_snow_ice
149,18,198,-5.588235294117645,debris_rock
149,19,179,-7.450980392156865,mixed_snow_ice
149,20,117,-13.529411764705882,regular_glacier_ice
149,21,181,-7.254901960784313,mixed_snow_ice
149,22,233,-2.1568627450980387,debris_rock
149,23,137,-11.568627450980392,clean_glacier_ice
149,24,110,-14.215686274509803,regular_glacier_ice
149,25,200,-5.392156862745097,debris_rock
149,26,221,-3.333333333333332,debris_rock
149,27,206,-4.803921568627452,debris_rock
149,28,193,-6.078431372549019,debris_rock
149,29,181,-7.254901960784313,mixed_snow_ice
149,30,237,-1.764705882352942,debris_rock
149,31,250,-0.49019607843137436,debris_rock
149,32,219,-3.529411764705884,debris_rock
149,33,243,-1.176470588235297,debris_rock
149,34,224,-3.0392156862745097,debris_rock
149,35,171,-8.235294117647062,mixed_snow_ice
149,36,48,-20.294117647058822,deep_glacier_ice
149,37,69,-18.235294117647058,deep_glacier_ice
149,38,92,-15.980392156862745,regular_glacier_ice
149,39,45,-20.588235294117645,deep_glacier_ice
149,40,40,-21.07843137254902,very_deep_glacier_ice
149,41,70,-18.137254901960784,deep_glacier_ice
149,42,33,-21.764705882352942,very_deep_glacier_ice
149,43,64,-18.725490196078432,deep_glacier_ice
149,44,56,-19.509803921568626,deep_glacier_ice
149,45,67,-18.431372549019606,deep_glacier_ice
149,46,68,-18.333333333333332,deep_glacier_ice
149,47,71,-18.03921568627451,deep_glacier_ice
149,48,82,-16.96078431372549,deep_glacier_ice
149,49,78,-17.352941176470587,deep_glacier_ice
149,50,59,-19.215686274509803,deep_glacier_ice
149,51,52,-19.901960784313726,deep_glacier_ice
149,52,65,-18.627450980392158,deep_glacier_ice
149,53,93,-15.882352941176471,regular_glacier_ice
149,54,89,-16.274509803921568,regular_glacier_ice
149,55,40,-21.07843137254902,very_deep_glacier_ice
149,56,76,-17.549019607843135,deep_glacier_ice
149,57,92,-15.980392156862745,regular_glacier_ice
149,58,74,-17.745098039215684,deep_glacier_ice
149,59,50,-20.098039215686274,deep_glacier_ice
149,60,46,-20.490196078431374,deep_glacier_ice
149,61,38,-21.274509803921568,very_deep_glacier_ice
149,62,77,-17.450980392156865,deep_glacier_ice
149,63,50,-20.098039215686274,deep_glacier_ice
149,64,51,-20.0,deep_glacier_ice
149,65,63,-18.823529411764707,deep_glacier_ice
149,66,79,-17.254901960784313,deep_glacier_ice
149,67,65,-18.627450980392158,deep_glacier_ice
149,68,75,-17.647058823529413,deep_glacier_ice
149,69,83,-16.862745098039216,deep_glacier_ice
149,70,83,-16.862745098039216,deep_glacier_ice
149,71,92,-15.980392156862745,regular_glacier_ice
149,72,77,-17.450980392156865,deep_glacier_ice
149,73,112,-14.019607843137255,regular_glacier_ice
149,74,159,-9.411764705882353,clean_glacier_ice
149,75,122,-13.03921568627451,regular_glacier_ice
149,76,135,-11.76470588235294,clean_glacier_ice
149,77,150,-10.294117647058822,clean_glacier_ice
149,78,194,-5.980392156862745,debris_rock
149,79,213,-4.117647058823529,debris_rock
149,80,101,-15.098039215686274,regular_glacier_ice
149,81,95,-15.686274509803921,regular_glacier_ice
149,82,123,-12.941176470588236,regular_glacier_ice
149,83,123,-12.941176470588236,regular_glacier_ice
149,84,101,-15.098039215686274,regular_glacier_ice
149,85,98,-15.392156862745097,regular_glacier_ice
149,86,120,-13.23529411764706,regular_glacier_ice
149,87,82,-16.96078431372549,deep_glacier_ice
149,88,57,-19.41176470588235,deep_glacier_ice
149,89,79,-17.254901960784313,deep_glacier_ice
149,90,63,-18.823529411764707,deep_glacier_ice
149,91,63,-18.823529411764707,deep_glacier_ice
149,92,42,-20.88235294117647,very_deep_glacier_ice
149,93,86,-16.568627450980394,deep_glacier_ice
149,94,65,-18.627450980392158,deep_glacier_ice
149,95,34,-21.666666666666668,very_deep_glacier_ice
149,96,45,-20.588235294117645,deep_glacier_ice
149,97,65,-18.627450980392158,deep_glacier_ice
149,98,66,-18.52941176470588,deep_glacier_ice
149,99,43,-20.784313725490197,very_deep_glacier_ice
149,100,114,-13.823529411764705,regular_glacier_ice
149,101,90,-16.176470588235293,regular_glacier_ice
149,102,95,-15.686274509803921,regular_glacier_ice
149,103,186,-6.764705882352942,debris_rock
149,104,207,-4.7058823529411775,debris_rock
149,105,203,-5.098039215686274,debris_rock
149,106,188,-6.56862745098039,debris_rock
149,107,173,-8.03921568627451,mixed_snow_ice
149,108,165,-8.823529411764707,clean_glacier_ice
149,109,186,-6.764705882352942,debris_rock
149,110,200,-5.392156862745097,debris_rock
149,111,177,-7.647058823529413,mixed_snow_ice
149,112,198,-5.588235294117645,debris_rock
149,113,187,-6.666666666666668,debris_rock
149,114,191,-6.274509803921568,debris_rock
149,115,137,-11.568627450980392,clean_glacier_ice
149,116,147,-10.588235294117649,clean_glacier_ice
149,117,107,-14.509803921568627,regular_glacier_ice
149,118,88,-16.372549019607845,regular_glacier_ice
149,119,104,-14.803921568627452,regular_glacier_ice
149,120,115,-13.72549019607843,regular_glacier_ice
149,121,129,-12.352941176470589,regular_glacier_ice
149,122,142,-11.07843137254902,clean_glacier_ice
149,123,146,-10.686274509803923,clean_glacier_ice
149,127,150,-10.294117647058822,clean_glacier_ice
149,128,120,-13.23529411764706,regular_glacier_ice
149,129,142,-11.07843137254902,clean_glacier_ice
149,130,157,-9.607843137254902,clean_glacier_ice
149,131,165,-8.823529411764707,clean_glacier_ice
149,132,185,-6.862745098039216,mixed_snow_ice
149,133,238,-1.6666666666666679,debris_rock
149,134,236,-1.8627450980392162,debris_rock
149,135,181,-7.254901960784313,mixed_snow_ice
149,136,145,-10.784313725490197,clean_glacier_ice
149,137,114,-13.823529411764705,regular_glacier_ice
149,138,94,-15.784313725490195,regular_glacier_ice
149,139,121,-13.137254901960786,regular_glacier_ice
149,140,94,-15.784313725490195,regular_glacier_ice
149,141,92,-15.980392156862745,regular_glacier_ice
149,142,110,-14.215686274509803,regular_glacier_ice
149,143,107,-14.509803921568627,regular_glacier_ice
149,144,94,-15.784313725490195,regular_glacier_ice
149,145,101,-15.098039215686274,regular_glacier_ice
149,146,96,-15.588235294117647,regular_glacier_ice
149,147,104,-14.803921568627452,regular_glacier_ice
149,148,78,-17.352941176470587,deep_glacier_ice
149,149,78,-17.352941176470587,deep_glacier_ice
149,150,98,-15.392156862745097,regular_glacier_ice
149,151,91,-16.07843137254902,regular_glacier_ice
149,152,78,-17.352941176470587,deep_glacier_ice
149,153,87,-16.470588235294116,deep_glacier_ice
149,154,76,-17.549019607843135,deep_glacier_ice
149,155,41,-20.980392156862745,very_deep_glacier_ice
149,156,200,-5.392156862745097,debris_rock
149,157,151,-10.196078431372548,clean_glacier_ice
149,158,117,-13.529411764705882,regular_glacier_ice
149,159,98,-15.392156862745097,regular_glacier_ice
149,160,119,-13.333333333333334,regular_glacier_ice
149,161,123,-12.941176470588236,regular_glacier_ice
149,162,63,-18.823529411764707,deep_glacier_ice
149,163,61,-19.019607843137255,deep_glacier_ice
149,164,69,-18.235294117647058,deep_glacier_ice
149,165,50,-20.098039215686274,deep_glacier_ice
149,166,53,-19.80392156862745,deep_glacier_ice
149,167,63,-18.823529411764707,deep_glacier_ice
149,168,79,-17.254901960784313,deep_glacier_ice
149,169,81,-17.058823529411764,deep_glacier_ice
149,170,82,-16.96078431372549,deep_glacier_ice
149,171,105,-14.705882352941178,regular_glacier_ice
149,172,78,-17.352941176470587,deep_glacier_ice
149,173,102,-15.0,regular_glacier_ice
149,174,99,-15.294117647058822,regular_glacier_ice
149,175,114,-13.823529411764705,regular_glacier_ice
149,176,97,-15.490196078431373,regular_glacier_ice
149,177,85,-16.666666666666668,deep_glacier_ice
149,178,61,-19.019607843137255,deep_glacier_ice
149,179,63,-18.823529411764707,deep_glacier_ice
149,180,69,-18.235294117647058,deep_glacier_ice
149,181,150,-10.294117647058822,clean_glacier_ice
149,182,143,-10.980392156862745,clean_glacier_ice
149,183,176,-7.745098039215687,mixed_snow_ice
149,184,188,-6.56862745098039,debris_rock
149,185,144,-10.882352941176471,clean_glacier_ice
149,186,185,-6.862745098039216,mixed_snow_ice
149,187,212,-4.215686274509803,debris_rock
149,188,144,-10.882352941176471,clean_glacier_ice
149,189,160,-9.313725490196079,clean_glacier_ice
149,190,210,-4.411764705882355,debris_rock
149,191,221,-3.333333333333332,debris_rock
149,192,246,-0.882352941176471,debris_rock
149,193,255,0.0,debris_rock
149,194,214,-4.019607843137255,debris_rock
149,195,165,-8.823529411764707,clean_glacier_ice
149,196,255,0.0,debris_rock
149,197,186,-6.764705882352942,debris_rock
149,198,131,-12.15686274509804,clean_glacier_ice
149,199,82,-16.96078431372549,deep_glacier_ice
149,200,87,-16.470588235294116,deep_glacier_ice
149,201,65,-18.627450980392158,deep_glacier_ice
149,202,69,-18.235294117647058,deep_glacier_ice
149,203,66,-18.52941176470588,deep_glacier_ice
149,204,48,-20.294117647058822,deep_glacier_ice
149,205,64,-18.725490196078432,deep_glacier_ice
149,206,75,-17.647058823529413,deep_glacier_ice
149,207,49,-20.19607843137255,deep_glacier_ice
149,208,63,-18.823529411764707,deep_glacier_ice
149,209,78,-17.352941176470587,deep_glacier_ice
149,210,49,-20.19607843137255,deep_glacier_ice
149,211,65,-18.627450980392158,deep_glacier_ice
149,212,69,-18.235294117647058,deep_glacier_ice
149,213,75,-17.647058823529413,deep_glacier_ice
149,214,82,-16.96078431372549,deep_glacier_ice
149,215,44,-20.686274509803923,deep_glacier_ice
149,216,46,-20.490196078431374,deep_glacier_ice
149,217,65,-18.627450980392158,deep_glacier_ice
149,218,86,-16.568627450980394,deep_glacier_ice
149,219,58,-19.313725490196077,deep_glacier_ice
149,220,75,-17.647058823529413,deep_glacier_ice
149,221,60,-19.11764705882353,deep_glacier_ice
149,222,62,-18.92156862745098,deep_glacier_ice
150,0,60,-19.11764705882353,deep_glacier_ice
150,1,72,-17.941176470588236,deep_glacier_ice
150,2,29,-22.15686274509804,very_deep_glacier_ice
150,3,21,-22.941176470588236,very_deep_glacier_ice
150,4,56,-19.509803921568626,deep_glacier_ice
150,5,68,-18.333333333333332,deep_glacier_ice
150,6,52,-19.901960784313726,deep_glacier_ice
150,7,71,-18.03921568627451,deep_glacier_ice
150,8,87,-16.470588235294116,deep_glacier_ice
150,9,84,-16.764705882352942,deep_glacier_ice
150,10,81,-17.058823529411764,deep_glacier_ice
150,11,95,-15.686274509803921,regular_glacier_ice
150,12,109,-14.313725490196079,regular_glacier_ice
150,13,101,-15.098039215686274,regular_glacier_ice
150,14,115,-13.72549019607843,regular_glacier_ice
150,15,146,-10.686274509803923,clean_glacier_ice
150,16,137,-11.568627450980392,clean_glacier_ice
150,17,120,-13.23529411764706,regular_glacier_ice
150,18,127,-12.549019607843137,regular_glacier_ice
150,19,138,-11.470588235294118,clean_glacier_ice
150,20,219,-3.529411764705884,debris_rock
150,21,116,-13.627450980392156,regular_glacier_ice
150,22,79,-17.254901960784313,deep_glacier_ice
150,23,59,-19.215686274509803,deep_glacier_ice
150,24,118,-13.431372549019608,regular_glacier_ice
150,25,105,-14.705882352941178,regular_glacier_ice
150,26,79,-17.254901960784313,deep_glacier_ice
150,27,100,-15.196078431372548,regular_glacier_ice
150,28,89,-16.274509803921568,regular_glacier_ice
150,29,69,-18.235294117647058,deep_glacier_ice
150,30,35,-21.568627450980394,very_deep_glacier_ice
150,31,48,-20.294117647058822,deep_glacier_ice
150,32,59,-19.215686274509803,deep_glacier_ice
150,33,56,-19.509803921568626,deep_glacier_ice
150,34,56,-19.509803921568626,deep_glacier_ice
150,35,91,-16.07843137254902,regular_glacier_ice
150,36,101,-15.098039215686274,regular_glacier_ice
150,37,89,-16.274509803921568,regular_glacier_ice
150,38,13,-23.725490196078432,very_deep_glacier_ice
150,39,54,-19.705882352941178,deep_glacier_ice
150,40,48,-20.294117647058822,deep_glacier_ice
150,41,29,-22.15686274509804,very_deep_glacier_ice
150,42,40,-21.07843137254902,very_deep_glacier_ice
150,43,44,-20.686274509803923,deep_glacier_ice
150,44,59,-19.215686274509803,deep_glacier_ice
150,45,194,-5.980392156862745,debris_rock
150,46,195,-5.882352941176471,debris_rock
150,47,204,-5.0,debris_rock
150,48,185,-6.862745098039216,mixed_snow_ice
150,49,196,-5.784313725490193,debris_rock
150,50,169,-8.43137254901961,mixed_snow_ice
150,51,183,-7.0588235294117645,mixed_snow_ice
150,52,173,-8.03921568627451,mixed_snow_ice
150,53,193,-6.078431372549019,debris_rock
150,54,206,-4.803921568627452,debris_rock
150,55,178,-7.549019607843139,mixed_snow_ice
150,56,220,-3.4313725490196063,debris_rock
150,57,130,-12.254901960784315,clean_glacier_ice
150,58,102,-15.0,regular_glacier_ice
150,59,77,-17.450980392156865,deep_glacier_ice
150,60,95,-15.686274509803921,regular_glacier_ice
150,61,117,-13.529411764705882,regular_glacier_ice
150,62,178,-7.549019607843139,mixed_snow_ice
150,66,176,-7.745098039215687,mixed_snow_ice
150,67,163,-9.019607843137257,clean_glacier_ice
150,68,166,-8.725490196078432,mixed_snow_ice
150,69,139,-11.372549019607844,clean_glacier_ice
150,70,134,-11.862745098039214,clean_glacier_ice
150,71,115,-13.72549019607843,regular_glacier_ice
150,72,100,-15.196078431372548,regular_glacier_ice
150,73,129,-12.352941176470589,regular_glacier_ice
150,74,165,-8.823529411764707,clean_glacier_ice
150,75,227,-2.745098039215687,debris_rock
150,76,241,-1.3725490196078454,debris_rock
150,77,239,-1.5686274509803937,debris_rock
150,78,154,-9.901960784313726,clean_glacier_ice
150,79,120,-13.23529411764706,regular_glacier_ice
150,80,105,-14.705882352941178,regular_glacier_ice
150,81,112,-14.019607843137255,regular_glacier_ice
150,82,93,-15.882352941176471,regular_glacier_ice
150,83,108,-14.411764705882353,regular_glacier_ice
150,84,108,-14.411764705882353,regular_glacier_ice
150,85,96,-15.588235294117647,regular_glacier_ice
150,86,82,-16.96078431372549,deep_glacier_ice
150,87,109,-14.313725490196079,regular_glacier_ice
150,88,96,-15.588235294117647,regular_glacier_ice
150,89,62,-18.92156862745098,deep_glacier_ice
150,90,98,-15.392156862745097,regular_glacier_ice
150,91,79,-17.254901960784313,deep_glacier_ice
150,92,116,-13.627450980392156,regular_glacier_ice
150,93,95,-15.686274509803921,regular_glacier_ice
150,94,75,-17.647058823529413,deep_glacier_ice
150,95,93,-15.882352941176471,regular_glacier_ice
150,96,64,-18.725490196078432,deep_glacier_ice
150,100,198,-5.588235294117645,debris_rock
150,101,148,-10.49019607843137,clean_glacier_ice
150,102,131,-12.15686274509804,clean_glacier_ice
150,103,130,-12.254901960784315,clean_glacier_ice
150,104,80,-17.15686274509804,deep_glacier_ice
150,105,60,-19.11764705882353,deep_glacier_ice
150,106,58,-19.313725490196077,deep_glacier_ice
150,107,77,-17.450980392156865,deep_glacier_ice
150,108,58,-19.313725490196077,deep_glacier_ice
150,109,70,-18.137254901960784,deep_glacier_ice
150,110,84,-16.764705882352942,deep_glacier_ice
150,111,54,-19.705882352941178,deep_glacier_ice
150,112,70,-18.137254901960784,deep_glacier_ice
150,113,106,-14.607843137254902,regular_glacier_ice
150,114,60,-19.11764705882353,deep_glacier_ice
150,115,81,-17.058823529411764,deep_glacier_ice
150,116,83,-16.862745098039216,deep_glacier_ice
150,117,84,-16.764705882352942,deep_glacier_ice
150,118,86,-16.568627450980394,deep_glacier_ice
150,119,83,-16.862745098039216,deep_glacier_ice
150,120,80,-17.15686274509804,deep_glacier_ice
150,121,41,-20.980392156862745,very_deep_glacier_ice
150,122,69,-18.235294117647058,deep_glacier_ice
150,123,59,-19.215686274509803,deep_glacier_ice
150,124,102,-15.0,regular_glacier_ice
150,125,103,-14.901960784313726,regular_glacier_ice
150,126,142,-11.07843137254902,clean_glacier_ice
150,127,138,-11.470588235294118,clean_glacier_ice
150,128,183,-7.0588235294117645,mixed_snow_ice
150,129,156,-9.705882352941176,clean_glacier_ice
150,130,196,-5.784313725490193,debris_rock
150,131,114,-13.823529411764705,regular_glacier_ice
150,132,157,-9.607843137254902,clean_glacier_ice
150,133,186,-6.764705882352942,debris_rock
150,134,176,-7.745098039215687,mixed_snow_ice
150,135,161,-9.215686274509805,clean_glacier_ice
150,136,169,-8.43137254901961,mixed_snow_ice
150,137,222,-3.235294117647058,debris_rock
150,138,225,-2.9411764705882355,debris_rock
150,139,255,0.0,debris_rock
150,140,105,-14.705882352941178,regular_glacier_ice
150,141,69,-18.235294117647058,deep_glacier_ice
150,142,81,-17.058823529411764,deep_glacier_ice
150,143,34,-21.666666666666668,very_deep_glacier_ice
150,144,33,-21.764705882352942,very_deep_glacier_ice
150,145,34,-21.666666666666668,very_deep_glacier_ice
150,146,33,-21.764705882352942,very_deep_glacier_ice
150,147,84,-16.764705882352942,deep_glacier_ice
150,148,68,-18.333333333333332,deep_glacier_ice
150,149,77,-17.450980392156865,deep_glacier_ice
150,150,43,-20.784313725490197,very_deep_glacier_ice
150,151,66,-18.52941176470588,deep_glacier_ice
150,152,22,-22.84313725490196,very_deep_glacier_ice
150,153,57,-19.41176470588235,deep_glacier_ice
150,154,68,-18.333333333333332,deep_glacier_ice
150,155,50,-20.098039215686274,deep_glacier_ice
150,156,57,-19.41176470588235,deep_glacier_ice
150,157,88,-16.372549019607845,regular_glacier_ice
150,158,38,-21.274509803921568,very_deep_glacier_ice
150,159,62,-18.92156862745098,deep_glacier_ice
150,160,22,-22.84313725490196,very_deep_glacier_ice
150,161,31,-21.96078431372549,very_deep_glacier_ice
150,162,52,-19.901960784313726,deep_glacier_ice
150,163,80,-17.15686274509804,deep_glacier_ice
150,164,70,-18.137254901960784,deep_glacier_ice
150,165,31,-21.96078431372549,very_deep_glacier_ice
150,166,35,-21.568627450980394,very_deep_glacier_ice
150,167,36,-21.470588235294116,very_deep_glacier_ice
150,168,45,-20.588235294117645,deep_glacier_ice
150,169,42,-20.88235294117647,very_deep_glacier_ice
150,170,72,-17.941176470588236,deep_glacier_ice
150,171,74,-17.745098039215684,deep_glacier_ice
150,172,55,-19.607843137254903,deep_glacier_ice
150,173,43,-20.784313725490197,very_deep_glacier_ice
150,174,85,-16.666666666666668,deep_glacier_ice
150,175,75,-17.647058823529413,deep_glacier_ice
150,176,76,-17.549019607843135,deep_glacier_ice
150,177,75,-17.647058823529413,deep_glacier_ice
150,178,134,-11.862745098039214,clean_glacier_ice
150,179,149,-10.392156862745097,clean_glacier_ice
150,180,170,-8.333333333333336,mixed_snow_ice
150,181,130,-12.254901960784315,clean_glacier_ice
150,182,150,-10.294117647058822,clean_glacier_ice
150,183,156,-9.705882352941176,clean_glacier_ice
150,184,149,-10.392156862745097,clean_glacier_ice
150,185,122,-13.03921568627451,regular_glacier_ice
150,186,72,-17.941176470588236,deep_glacier_ice
150,187,55,-19.607843137254903,deep_glacier_ice
150,188,58,-19.313725490196077,deep_glacier_ice
150,189,107,-14.509803921568627,regular_glacier_ice
150,190,58,-19.313725490196077,deep_glacier_ice
150,191,97,-15.490196078431373,regular_glacier_ice
150,192,94,-15.784313725490195,regular_glacier_ice
150,193,92,-15.980392156862745,regular_glacier_ice
150,194,46,-20.490196078431374,deep_glacier_ice
150,195,67,-18.431372549019606,deep_glacier_ice
150,196,88,-16.372549019607845,regular_glacier_ice
150,197,26,-22.450980392156865,very_deep_glacier_ice
150,198,70,-18.137254901960784,deep_glacier_ice
150,199,42,-20.88235294117647,very_deep_glacier_ice
150,200,81,-17.058823529411764,deep_glacier_ice
150,201,88,-16.372549019607845,regular_glacier_ice
150,202,61,-19.019607843137255,deep_glacier_ice
150,203,18,-23.235294117647058,very_deep_glacier_ice
150,204,33,-21.764705882352942,very_deep_glacier_ice
150,205,24,-22.647058823529413,very_deep_glacier_ice
150,206,11,-23.92156862745098,very_deep_glacier_ice
150,207,30,-22.058823529411764,very_deep_glacier_ice
150,208,26,-22.450980392156865,very_deep_glacier_ice
150,209,33,-21.764705882352942,very_deep_glacier_ice
150,210,164,-8.92156862745098,clean_glacier_ice
150,211,156,-9.705882352941176,clean_glacier_ice
150,212,159,-9.411764705882353,clean_glacier_ice
150,213,211,-4.313725490196081,debris_rock
150,214,166,-8.725490196078432,mixed_snow_ice
150,215,187,-6.666666666666668,debris_rock
150,216,189,-6.470588235294116,debris_rock
150,217,197,-5.686274509803919,debris_rock
150,218,190,-6.372549019607842,debris_rock
150,219,187,-6.666666666666668,debris_rock
150,220,211,-4.313725490196081,debris_rock
150,221,223,-3.137254901960784,debris_rock
150,222,112,-14.019607843137255,regular_glacier_ice
151,0,94,-15.784313725490195,regular_glacier_ice
151,1,86,-16.568627450980394,deep_glacier_ice
151,7,162,-9.11764705882353,clean_glacier_ice
151,8,121,-13.137254901960786,regular_glacier_ice
151,9,100,-15.196078431372548,regular_glacier_ice
151,10,197,-5.686274509803919,debris_rock
151,11,173,-8.03921568627451,mixed_snow_ice
151,12,132,-12.058823529411763,clean_glacier_ice
151,13,112,-14.019607843137255,regular_glacier_ice
151,14,84,-16.764705882352942,deep_glacier_ice
151,15,144,-10.882352941176471,clean_glacier_ice
151,16,178,-7.549019607843139,mixed_snow_ice
151,17,255,0.0,debris_rock
151,18,255,0.0,debris_rock
151,19,185,-6.862745098039216,mixed_snow_ice
151,20,181,-7.254901960784313,mixed_snow_ice
151,21,130,-12.254901960784315,clean_glacier_ice
151,22,107,-14.509803921568627,regular_glacier_ice
151,23,114,-13.823529411764705,regular_glacier_ice
151,24,96,-15.588235294117647,regular_glacier_ice
151,25,87,-16.470588235294116,deep_glacier_ice
151,26,105,-14.705882352941178,regular_glacier_ice
151,27,101,-15.098039215686274,regular_glacier_ice
151,28,91,-16.07843137254902,regular_glacier_ice
151,29,97,-15.490196078431373,regular_glacier_ice
151,30,80,-17.15686274509804,deep_glacier_ice
151,31,81,-17.058823529411764,deep_glacier_ice
151,32,101,-15.098039215686274,regular_glacier_ice
151,33,100,-15.196078431372548,regular_glacier_ice
151,34,97,-15.490196078431373,regular_glacier_ice
151,35,112,-14.019607843137255,regular_glacier_ice
151,36,88,-16.372549019607845,regular_glacier_ice
151,37,64,-18.725490196078432,deep_glacier_ice
151,43,165,-8.823529411764707,clean_glacier_ice
151,44,99,-15.294117647058822,regular_glacier_ice
151,45,123,-12.941176470588236,regular_glacier_ice
151,46,74,-17.745098039215684,deep_glacier_ice
151,47,62,-18.92156862745098,deep_glacier_ice
151,48,81,-17.058823529411764,deep_glacier_ice
151,49,76,-17.549019607843135,deep_glacier_ice
151,50,70,-18.137254901960784,deep_glacier_ice
151,51,82,-16.96078431372549,deep_glacier_ice
151,52,37,-21.372549019607842,very_deep_glacier_ice
151,53,55,-19.607843137254903,deep_glacier_ice
151,54,59,-19.215686274509803,deep_glacier_ice
151,55,87,-16.470588235294116,deep_glacier_ice
151,56,72,-17.941176470588236,deep_glacier_ice
151,57,63,-18.823529411764707,deep_glacier_ice
151,58,84,-16.764705882352942,deep_glacier_ice
151,59,91,-16.07843137254902,regular_glacier_ice
151,60,70,-18.137254901960784,deep_glacier_ice
151,61,60,-19.11764705882353,deep_glacier_ice
151,62,60,-19.11764705882353,deep_glacier_ice
151,63,37,-21.372549019607842,very_deep_glacier_ice
151,64,60,-19.11764705882353,deep_glacier_ice
151,65,63,-18.823529411764707,deep_glacier_ice
151,66,99,-15.294117647058822,regular_glacier_ice
151,67,79,-17.254901960784313,deep_glacier_ice
151,68,106,-14.607843137254902,regular_glacier_ice
151,69,129,-12.352941176470589,regular_glacier_ice
151,70,153,-10.0,clean_glacier_ice
151,71,194,-5.980392156862745,debris_rock
151,72,203,-5.098039215686274,debris_rock
151,73,155,-9.803921568627452,clean_glacier_ice
151,74,221,-3.333333333333332,debris_rock
151,75,184,-6.96078431372549,mixed_snow_ice
151,76,178,-7.549019607843139,mixed_snow_ice
151,77,190,-6.372549019607842,debris_rock
151,78,206,-4.803921568627452,debris_rock
151,79,185,-6.862745098039216,mixed_snow_ice
151,80,235,-1.9607843137254903,debris_rock
151,81,255,0.0,debris_rock
151,82,84,-16.764705882352942,deep_glacier_ice
151,83,49,-20.19607843137255,deep_glacier_ice
151,84,36,-21.470588235294116,very_deep_glacier_ice
151,85,54,-19.705882352941178,deep_glacier_ice
151,86,42,-20.88235294117647,very_deep_glacier_ice
151,87,34,-21.666666666666668,very_deep_glacier_ice
151,88,42,-20.88235294117647,very_deep_glacier_ice
151,89,53,-19.80392156862745,deep_glacier_ice
151,90,51,-20.0,deep_glacier_ice
151,91,33,-21.764705882352942,very_deep_glacier_ice
151,92,39,-21.176470588235293,very_deep_glacier_ice
151,93,57,-19.41176470588235,deep_glacier_ice
151,94,52,-19.901960784313726,deep_glacier_ice
151,95,43,-20.784313725490197,very_deep_glacier_ice
151,96,48,-20.294117647058822,deep_glacier_ice
151,97,50,-20.098039215686274,deep_glacier_ice
151,98,38,-21.274509803921568,very_deep_glacier_ice
151,99,78,-17.352941176470587,deep_glacier_ice
151,100,47,-20.392156862745097,deep_glacier_ice
151,101,37,-21.372549019607842,very_deep_glacier_ice
151,102,29,-22.15686274509804,very_deep_glacier_ice
151,103,41,-20.980392156862745,very_deep_glacier_ice
151,104,38,-21.274509803921568,very_deep_glacier_ice
151,105,56,-19.509803921568626,deep_glacier_ice
151,106,74,-17.745098039215684,deep_glacier_ice
151,107,73,-17.84313725490196,deep_glacier_ice
151,108,74,-17.745098039215684,deep_glacier_ice
151,109,52,-19.901960784313726,deep_glacier_ice
151,110,27,-22.352941176470587,very_deep_glacier_ice
151,111,63,-18.823529411764707,deep_glacier_ice
151,112,36,-21.470588235294116,very_deep_glacier_ice
151,113,76,-17.549019607843135,deep_glacier_ice
151,114,40,-21.07843137254902,very_deep_glacier_ice
151,115,80,-17.15686274509804,deep_glacier_ice
151,116,115,-13.72549019607843,regular_glacier_ice
151,117,97,-15.490196078431373,regular_glacier_ice
151,118,94,-15.784313725490195,regular_glacier_ice
151,119,123,-12.941176470588236,regular_glacier_ice
151,120,120,-13.23529411764706,regular_glacier_ice
151,121,173,-8.03921568627451,mixed_snow_ice
151,122,163,-9.019607843137257,clean_glacier_ice
151,123,181,-7.254901960784313,mixed_snow_ice
151,124,203,-5.098039215686274,debris_rock
151,125,163,-9.019607843137257,clean_glacier_ice
151,126,113,-13.92156862745098,regular_glacier_ice
151,127,98,-15.392156862745097,regular_glacier_ice
151,128,68,-18.333333333333332,deep_glacier_ice
151,129,63,-18.823529411764707,deep_glacier_ice
151,130,71,-18.03921568627451,deep_glacier_ice
151,131,92,-15.980392156862745,regular_glacier_ice
151,132,110,-14.215686274509803,regular_glacier_ice
151,133,107,-14.509803921568627,regular_glacier_ice
151,134,143,-10.980392156862745,clean_glacier_ice
151,135,93,-15.882352941176471,regular_glacier_ice
151,136,93,-15.882352941176471,regular_glacier_ice
151,137,95,-15.686274509803921,regular_glacier_ice
151,138,106,-14.607843137254902,regular_glacier_ice
151,139,113,-13.92156862745098,regular_glacier_ice
151,140,113,-13.92156862745098,regular_glacier_ice
151,141,87,-16.470588235294116,deep_glacier_ice
151,142,126,-12.647058823529411,regular_glacier_ice
151,143,81,-17.058823529411764,deep_glacier_ice
151,144,45,-20.588235294117645,deep_glacier_ice
151,145,38,-21.274509803921568,very_deep_glacier_ice
151,146,44,-20.686274509803923,deep_glacier_ice
151,147,26,-22.450980392156865,very_deep_glacier_ice
151,148,40,-21.07843137254902,very_deep_glacier_ice
151,149,2,-24.80392156862745,very_deep_glacier_ice
151,150,54,-19.705882352941178,deep_glacier_ice
151,151,36,-21.470588235294116,very_deep_glacier_ice
151,152,172,-8.137254901960784,mixed_snow_ice
151,153,192,-6.1764705882352935,debris_rock
151,154,169,-8.43137254901961,mixed_snow_ice
151,155,195,-5.882352941176471,debris_rock
151,156,155,-9.803921568627452,clean_glacier_ice
151,157,179,-7.450980392156865,mixed_snow_ice
151,158,188,-6.56862745098039,debris_rock
151,159,185,-6.862745098039216,mixed_snow_ice
151,160,218,-3.627450980392158,debris_rock
151,161,189,-6.470588235294116,debris_rock
151,162,207,-4.7058823529411775,debris_rock
151,163,173,-8.03921568627451,mixed_snow_ice
151,164,93,-15.882352941176471,regular_glacier_ice
151,165,57,-19.41176470588235,deep_glacier_ice
151,171,130,-12.254901960784315,clean_glacier_ice
151,172,90,-16.176470588235293,regular_glacier_ice
151,173,84,-16.764705882352942,deep_glacier_ice
151,174,67,-18.431372549019606,deep_glacier_ice
151,175,144,-10.882352941176471,clean_glacier_ice
151,176,234,-2.0588235294117645,debris_rock
151,177,191,-6.274509803921568,debris_rock
151,178,80,-17.15686274509804,deep_glacier_ice
151,179,127,-12.549019607843137,regular_glacier_ice
151,180,162,-9.11764705882353,clean_glacier_ice
151,181,207,-4.7058823529411775,debris_rock
151,182,255,0.0,debris_rock
151,183,248,-0.6862745098039227,debris_rock
151,184,152,-10.098039215686274,clean_glacier_ice
151,185,190,-6.372549019607842,debris_rock
151,186,130,-12.254901960784315,clean_glacier_ice
151,187,132,-12.058823529411763,clean_glacier_ice
151,188,112,-14.019607843137255,regular_glacier_ice
151,189,93,-15.882352941176471,regular_glacier_ice
151,190,70,-18.137254901960784,deep_glacier_ice
151,191,99,-15.294117647058822,regular_glacier_ice
151,192,97,-15.490196078431373,regular_glacier_ice
151,193,104,-14.803921568627452,regular_glacier_ice
151,194,76,-17.549019607843135,deep_glacier_ice
151,195,96,-15.588235294117647,regular_glacier_ice
151,196,84,-16.764705882352942,deep_glacier_ice
151,197,95,-15.686274509803921,regular_glacier_ice
151,198,101,-15.098039215686274,regular_glacier_ice
151,199,116,-13.627450980392156,regular_glacier_ice
151,200,112,-14.019607843137255,regular_glacier_ice
151,201,83,-16.862745098039216,deep_glacier_ice
151,208,189,-6.470588235294116,debris_rock
151,209,112,-14.019607843137255,regular_glacier_ice
151,210,111,-14.117647058823529,regular_glacier_ice
151,211,102,-15.0,regular_glacier_ice
151,212,79,-17.254901960784313,deep_glacier_ice
151,213,72,-17.941176470588236,deep_glacier_ice
151,214,52,-19.901960784313726,deep_glacier_ice
151,215,64,-18.725490196078432,deep_glacier_ice
151,216,82,-16.96078431372549,deep_glacier_ice
151,217,65,-18.627450980392158,deep_glacier_ice
151,218,48,-20.294117647058822,deep_glacier_ice
151,219,62,-18.92156862745098,deep_glacier_ice
151,220,58,-19.313725490196077,deep_glacier_ice
151,221,44,-20.686274509803923,deep_glacier_ice
151,222,68,-18.333333333333332,deep_glacier_ice
152,0,77,-17.450980392156865,deep_glacier_ice
152,1,77,-17.450980392156865,deep_glacier_ice
152,2,51,-20.0,deep_glacier_ice
152,3,40,-21.07843137254902,very_deep_glacier_ice
152,4,68,-18.333333333333332,deep_glacier_ice
152,5,62,-18.92156862745098,deep_glacier_ice
152,6,51,-20.0,deep_glacier_ice
152,7,88,-16.372549019607845,regular_glacier_ice
152,8,50,-20.098039215686274,deep_glacier_ice
152,9,105,-14.705882352941178,regular_glacier_ice
152,10,120,-13.23529411764706,regular_glacier_ice
152,11,96,-15.588235294117647,regular_glacier_ice
152,12,103,-14.901960784313726,regular_glacier_ice
152,13,168,-8.529411764705884,mixed_snow_ice
152,14,190,-6.372549019607842,debris_rock
152,15,164,-8.92156862745098,clean_glacier_ice
152,16,206,-4.803921568627452,debris_rock
152,17,113,-13.92156862745098,regular_glacier_ice
152,18,115,-13.72549019607843,regular_glacier_ice
152,19,149,-10.392156862745097,clean_glacier_ice
152,20,143,-10.980392156862745,clean_glacier_ice
152,21,164,-8.92156862745098,clean_glacier_ice
152,22,194,-5.980392156862745,debris_rock
152,23,202,-5.196078431372548,debris_rock
152,24,61,-19.019607843137255,deep_glacier_ice
152,25,70,-18.137254901960784,deep_glacier_ice
152,26,34,-21.666666666666668,very_deep_glacier_ice
152,27,44,-20.686274509803923,deep_glacier_ice
152,28,42,-20.88235294117647,very_deep_glacier_ice
152,29,42,-20.88235294117647,very_deep_glacier_ice
152,30,23,-22.745098039215687,very_deep_glacier_ice
152,31,36,-21.470588235294116,very_deep_glacier_ice
152,32,56,-19.509803921568626,deep_glacier_ice
152,33,32,-21.862745098039216,very_deep_glacier_ice
152,34,50,-20.098039215686274,deep_glacier_ice
152,35,53,-19.80392156862745,deep_glacier_ice
152,36,56,-19.509803921568626,deep_glacier_ice
152,37,43,-20.784313725490197,very_deep_glacier_ice
152,38,53,-19.80392156862745,deep_glacier_ice
152,39,39,-21.176470588235293,very_deep_glacier_ice
152,40,38,-21.274509803921568,very_deep_glacier_ice
152,41,45,-20.588235294117645,deep_glacier_ice
152,42,62,-18.92156862745098,deep_glacier_ice
152,43,57,-19.41176470588235,deep_glacier_ice
152,44,48,-20.294117647058822,deep_glacier_ice
152,45,26,-22.450980392156865,very_deep_glacier_ice
152,46,76,-17.549019607843135,deep_glacier_ice
152,47,81,-17.058823529411764,deep_glacier_ice
152,48,115,-13.72549019607843,regular_glacier_ice
152,49,67,-18.431372549019606,deep_glacier_ice
152,50,64,-18.725490196078432,deep_glacier_ice
152,51,56,-19.509803921568626,deep_glacier_ice
152,52,37,-21.372549019607842,very_deep_glacier_ice
152,53,51,-20.0,deep_glacier_ice
152,54,69,-18.235294117647058,deep_glacier_ice
152,55,67,-18.431372549019606,deep_glacier_ice
152,56,80,-17.15686274509804,deep_glacier_ice
152,57,61,-19.019607843137255,deep_glacier_ice
152,58,98,-15.392156862745097,regular_glacier_ice
152,59,100,-15.196078431372548,regular_glacier_ice
152,60,130,-12.254901960784315,clean_glacier_ice
152,61,164,-8.92156862745098,clean_glacier_ice
152,62,150,-10.294117647058822,clean_glacier_ice
152,63,184,-6.96078431372549,mixed_snow_ice
152,64,197,-5.686274509803919,debris_rock
152,65,214,-4.019607843137255,debris_rock
152,66,163,-9.019607843137257,clean_glacier_ice
152,67,103,-14.901960784313726,regular_glacier_ice
152,68,128,-12.450980392156863,regular_glacier_ice
152,69,83,-16.862745098039216,deep_glacier_ice
152,70,59,-19.215686274509803,deep_glacier_ice
152,71,49,-20.19607843137255,deep_glacier_ice
152,72,59,-19.215686274509803,deep_glacier_ice
152,73,100,-15.196078431372548,regular_glacier_ice
152,74,107,-14.509803921568627,regular_glacier_ice
152,75,95,-15.686274509803921,regular_glacier_ice
152,76,126,-12.647058823529411,regular_glacier_ice
152,77,142,-11.07843137254902,clean_glacier_ice
152,78,98,-15.392156862745097,regular_glacier_ice
152,79,83,-16.862745098039216,deep_glacier_ice
152,80,98,-15.392156862745097,regular_glacier_ice
152,81,128,-12.450980392156863,regular_glacier_ice
152,82,107,-14.509803921568627,regular_glacier_ice
152,83,88,-16.372549019607845,regular_glacier_ice
152,84,86,-16.568627450980394,deep_glacier_ice
152,85,69,-18.235294117647058,deep_glacier_ice
152,86,42,-20.88235294117647,very_deep_glacier_ice
152,87,21,-22.941176470588236,very_deep_glacier_ice
152,88,51,-20.0,deep_glacier_ice
152,89,36,-21.470588235294116,very_deep_glacier_ice
152,90,10,-24.019607843137255,very_deep_glacier_ice
152,91,60,-19.11764705882353,deep_glacier_ice
152,92,29,-22.15686274509804,very_deep_glacier_ice
152,93,51,-20.0,deep_glacier_ice
152,94,181,-7.254901960784313,mixed_snow_ice
152,95,183,-7.0588235294117645,mixed_snow_ice
152,96,166,-8.725490196078432,mixed_snow_ice
152,97,183,-7.0588235294117645,mixed_snow_ice
152,98,166,-8.725490196078432,mixed_snow_ice
152,99,172,-8.137254901960784,mixed_snow_ice
152,100,211,-4.313725490196081,debris_rock
152,101,165,-8.823529411764707,clean_glacier_ice
152,102,215,-3.9215686274509807,debris_rock
152,103,172,-8.137254901960784,mixed_snow_ice
152,104,179,-7.450980392156865,mixed_snow_ice
152,105,209,-4.509803921568629,debris_rock
152,106,98,-15.392156862745097,regular_glacier_ice
152,113,144,-10.882352941176471,clean_glacier_ice
152,114,102,-15.0,regular_glacier_ice
152,115,110,-14.215686274509803,regular_glacier_ice
152,116,91,-16.07843137254902,regular_glacier_ice
152,117,133,-11.960784313725489,clean_glacier_ice
152,118,183,-7.0588235294117645,mixed_snow_ice
152,119,225,-2.9411764705882355,debris_rock
152,120,182,-7.156862745098039,mixed_snow_ice
152,121,199,-5.490196078431371,debris_rock
152,122,237,-1.764705882352942,debris_rock
152,123,221,-3.333333333333332,debris_rock
152,124,218,-3.627450980392158,debris_rock
152,125,171,-8.235294117647062,mixed_snow_ice
152,126,175,-7.843137254901961,mixed_snow_ice
152,127,155,-9.803921568627452,clean_glacier_ice
152,128,121,-13.137254901960786,regular_glacier_ice
152,129,90,-16.176470588235293,regular_glacier_ice
152,130,98,-15.392156862745097,regular_glacier_ice
152,131,96,-15.588235294117647,regular_glacier_ice
152,132,103,-14.901960784313726,regular_glacier_ice
152,133,103,-14.901960784313726,regular_glacier_ice
152,134,105,-14.705882352941178,regular_glacier_ice
152,135,112,-14.019607843137255,regular_glacier_ice
152,136,113,-13.92156862745098,regular_glacier_ice
152,137,83,-16.862745098039216,deep_glacier_ice
152,138,93,-15.882352941176471,regular_glacier_ice
152,139,112,-14.019607843137255,regular_glacier_ice
152,140,122,-13.03921568627451,regular_glacier_ice
152,141,120,-13.23529411764706,regular_glacier_ice
152,142,77,-17.450980392156865,deep_glacier_ice
152,143,74,-17.745098039215684,deep_glacier_ice
152,150,216,-3.8235294117647065,debris_rock
152,151,97,-15.490196078431373,regular_glacier_ice
152,152,105,-14.705882352941178,regular_glacier_ice
152,153,51,-20.0,deep_glacier_ice
152,154,71,-18.03921568627451,deep_glacier_ice
152,155,80,-17.15686274509804,deep_glacier_ice
152,156,71,-18.03921568627451,deep_glacier_ice
152,157,58,-19.313725490196077,deep_glacier_ice
152,158,64,-18.725490196078432,deep_glacier_ice
152,159,41,-20.980392156862745,very_deep_glacier_ice
152,160,44,-20.686274509803923,deep_glacier_ice
152,161,52,-19.901960784313726,deep_glacier_ice
152,162,36,-21.470588235294116,very_deep_glacier_ice
152,163,80,-17.15686274509804,deep_glacier_ice
152,164,78,-17.352941176470587,deep_glacier_ice
152,165,67,-18.431372549019606,deep_glacier_ice
152,166,68,-18.333333333333332,deep_glacier_ice
152,167,67,-18.431372549019606,deep_glacier_ice
152,168,53,-19.80392156862745,deep_glacier_ice
152,169,73,-17.84313725490196,deep_glacier_ice
152,170,50,-20.098039215686274,deep_glacier_ice
152,171,68,-18.333333333333332,deep_glacier_ice
152,172,65,-18.627450980392158,deep_glacier_ice
152,173,72,-17.941176470588236,deep_glacier_ice
152,174,109,-14.313725490196079,regular_glacier_ice
152,175,108,-14.411764705882353,regular_glacier_ice
152,176,96,-15.588235294117647,regular_glacier_ice
152,177,98,-15.392156862745097,regular_glacier_ice
152,178,114,-13.823529411764705,regular_glacier_ice
152,179,155,-9.803921568627452,clean_glacier_ice
152,180,147,-10.588235294117649,clean_glacier_ice
152,181,192,-6.1764705882352935,debris_rock
152,182,115,-13.72549019607843,regular_glacier_ice
152,183,93,-15.882352941176471,regular_glacier_ice
152,184,165,-8.823529411764707,clean_glacier_ice
152,185,142,-11.07843137254902,clean_glacier_ice
152,186,136,-11.666666666666666,clean_glacier_ice
152,187,176,-7.745098039215687,mixed_snow_ice
152,188,182,-7.156862745098039,mixed_snow_ice
152,189,73,-17.84313725490196,deep_glacier_ice
152,190,64,-18.725490196078432,deep_glacier_ice
152,191,54,-19.705882352941178,deep_glacier_ice
152,192,53,-19.80392156862745,deep_glacier_ice
152,193,48,-20.294117647058822,deep_glacier_ice
152,194,31,-21.96078431372549,very_deep_glacier_ice
152,195,44,-20.686274509803923,deep_glacier_ice
152,196,47,-20.392156862745097,deep_glacier_ice
152,197,28,-22.254901960784313,very_deep_glacier_ice
152,198,38,-21.274509803921568,very_deep_glacier_ice
152,199,24,-22.647058823529413,very_deep_glacier_ice
152,200,53,-19.80392156862745,deep_glacier_ice
152,201,29,-22.15686274509804,very_deep_glacier_ice
152,202,23,-22.745098039215687,very_deep_glacier_ice
152,203,49,-20.19607843137255,deep_glacier_ice
152,204,58,-19.313725490196077,deep_glacier_ice
152,205,65,-18.627450980392158,deep_glacier_ice
152,206,50,-20.098039215686274,deep_glacier_ice
152,207,45,-20.588235294117645,deep_glacier_ice
152,208,47,-20.392156862745097,deep_glacier_ice
152,209,47,-20.392156862745097,deep_glacier_ice
152,210,53,-19.80392156862745,deep_glacier_ice
152,211,83,-16.862745098039216,deep_glacier_ice
152,212,89,-16.274509803921568,regular_glacier_ice
152,213,75,-17.647058823529413,deep_glacier_ice
152,214,53,-19.80392156862745,deep_glacier_ice
152,215,49,-20.19607843137255,deep_glacier_ice
152,216,59,-19.215686274509803,deep_glacier_ice
152,217,47,-20.392156862745097,deep_glacier_ice
152,218,44,-20.686274509803923,deep_glacier_ice
152,219,39,-21.176470588235293,very_deep_glacier_ice
152,220,62,-18.92156862745098,deep_glacier_ice
152,221,67,-18.431372549019606,deep_glacier_ice
152,222,65,-18.627450980392158,deep_glacier_ice
153,0,96,-15.588235294117647,regular_glacier_ice
153,1,119,-13.333333333333334,regular_glacier_ice
153,2,151,-10.196078431372548,clean_glacier_ice
153,3,165,-8.823529411764707,clean_glacier_ice
153,4,214,-4.019607843137255,debris_rock
153,5,223,-3.137254901960784,debris_rock
153,6,222,-3.235294117647058,debris_rock
153,7,172,-8.137254901960784,mixed_snow_ice
153,8,120,-13.23529411764706,regular_glacier_ice
153,9,73,-17.84313725490196,deep_glacier_ice
153,10,116,-13.627450980392156,regular_glacier_ice
153,11,89,-16.274509803921568,regular_glacier_ice
153,12,63,-18.823529411764707,deep_glacier_ice
153,13,62,-18.92156862745098,deep_glacier_ice
153,14,93,-15.882352941176471,regular_glacier_ice
153,15,99,-15.294117647058822,regular_glacier_ice
153,16,105,-14.705882352941178,regular_glacier_ice
153,17,112,-14.019607843137255,regular_glacier_ice
153,18,138,-11.470588235294118,clean_glacier_ice
153,19,107,-14.509803921568627,regular_glacier_ice
153,20,121,-13.137254901960786,regular_glacier_ice
153,21,146,-10.686274509803923,clean_glacier_ice
153,22,146,-10.686274509803923,clean_glacier_ice
153,23,192,-6.1764705882352935,debris_rock
153,24,193,-6.078431372549019,debris_rock
153,25,151,-10.196078431372548,clean_glacier_ice
153,26,77,-17.450980392156865,deep_glacier_ice
153,27,105,-14.705882352941178,regular_glacier_ice
153,28,67,-18.431372549019606,deep_glacier_ice
153,29,46,-20.490196078431374,deep_glacier_ice
153,30,46,-20.490196078431374,deep_glacier_ice
153,31,41,-20.980392156862745,very_deep_glacier_ice
153,32,28,-22.254901960784313,very_deep_glacier_ice
153,33,33,-21.764705882352942,very_deep_glacier_ice
153,34,48,-20.294117647058822,deep_glacier_ice
153,35,31,-21.96078431372549,very_deep_glacier_ice
153,36,167,-8.627450980392158,mixed_snow_ice
153,37,184,-6.96078431372549,mixed_snow_ice
153,38,183,-7.0588235294117645,mixed_snow_ice
153,39,220,-3.4313725490196063,debris_rock
153,40,202,-5.196078431372548,debris_rock
153,41,175,-7.843137254901961,mixed_snow_ice
153,42,201,-5.2941176470588225,debris_rock
153,43,200,-5.392156862745097,debris_rock
153,44,185,-6.862745098039216,mixed_snow_ice
153,45,209,-4.509803921568629,debris_rock
153,46,157,-9.607843137254902,clean_glacier_ice
153,47,200,-5.392156862745097,debris_rock
153,48,133,-11.960784313725489,clean_glacier_ice
153,52,202,-5.196078431372548,debris_rock
153,53,235,-1.9607843137254903,debris_rock
153,54,220,-3.4313725490196063,debris_rock
153,55,175,-7.843137254901961,mixed_snow_ice
153,56,112,-14.019607843137255,regular_glacier_ice
153,57,113,-13.92156862745098,regular_glacier_ice
153,58,215,-3.9215686274509807,debris_rock
153,59,154,-9.901960784313726,clean_glacier_ice
153,60,141,-11.176470588235293,clean_glacier_ice
153,61,164,-8.92156862745098,clean_glacier_ice
153,62,221,-3.333333333333332,debris_rock
153,63,246,-0.882352941176471,debris_rock
153,64,240,-1.4705882352941195,debris_rock
153,65,187,-6.666666666666668,debris_rock
153,66,142,-11.07843137254902,clean_glacier_ice
153,67,141,-11.176470588235293,clean_glacier_ice
153,68,149,-10.392156862745097,clean_glacier_ice
153,69,110,-14.215686274509803,regular_glacier_ice
153,70,119,-13.333333333333334,regular_glacier_ice
153,71,124,-12.843137254901961,regular_glacier_ice
153,72,132,-12.058823529411763,clean_glacier_ice
153,73,112,-14.019607843137255,regular_glacier_ice
153,74,110,-14.215686274509803,regular_glacier_ice
153,75,117,-13.529411764705882,regular_glacier_ice
153,76,105,-14.705882352941178,regular_glacier_ice
153,77,93,-15.882352941176471,regular_glacier_ice
153,78,105,-14.705882352941178,regular_glacier_ice
153,79,106,-14.607843137254902,regular_glacier_ice
153,80,107,-14.509803921568627,regular_glacier_ice
153,81,108,-14.411764705882353,regular_glacier_ice
153,82,97,-15.490196078431373,regular_glacier_ice
153,83,121,-13.137254901960786,regular_glacier_ice
153,84,73,-17.84313725490196,deep_glacier_ice
153,92,255,0.0,debris_rock
153,93,94,-15.784313725490195,regular_glacier_ice
153,94,69,-18.235294117647058,deep_glacier_ice
153,95,54,-19.705882352941178,deep_glacier_ice
153,96,62,-18.92156862745098,deep_glacier_ice
153,97,76,-17.549019607843135,deep_glacier_ice
153,98,87,-16.470588235294116,deep_glacier_ice
153,99,97,-15.490196078431373,regular_glacier_ice
153,100,83,-16.862745098039216,deep_glacier_ice
153,101,54,-19.705882352941178,deep_glacier_ice
153,102,50,-20.098039215686274,deep_glacier_ice
153,103,67,-18.431372549019606,deep_glacier_ice
153,104,71,-18.03921568627451,deep_glacier_ice
153,105,99,-15.294117647058822,regular_glacier_ice
153,106,74,-17.745098039215684,deep_glacier_ice
153,107,66,-18.52941176470588,deep_glacier_ice
153,108,47,-20.392156862745097,deep_glacier_ice
153,109,66,-18.52941176470588,deep_glacier_ice
153,110,51,-20.0,deep_glacier_ice
153,111,65,-18.627450980392158,deep_glacier_ice
153,112,65,-18.627450980392158,deep_glacier_ice
153,113,68,-18.333333333333332,deep_glacier_ice
153,114,84,-16.764705882352942,deep_glacier_ice
153,115,50,-20.098039215686274,deep_glacier_ice
153,116,158,-9.509803921568627,clean_glacier_ice
153,117,86,-16.568627450980394,deep_glacier_ice
153,118,99,-15.294117647058822,regular_glacier_ice
153,119,148,-10.49019607843137,clean_glacier_ice
153,120,100,-15.196078431372548,regular_glacier_ice
153,121,106,-14.607843137254902,regular_glacier_ice
153,122,102,-15.0,regular_glacier_ice
153,123,168,-8.529411764705884,mixed_snow_ice
153,124,157,-9.607843137254902,clean_glacier_ice
153,125,147,-10.588235294117649,clean_glacier_ice
153,126,211,-4.313725490196081,debris_rock
153,127,199,-5.490196078431371,debris_rock
153,128,199,-5.490196078431371,debris_rock
153,129,170,-8.333333333333336,mixed_snow_ice
153,130,187,-6.666666666666668,debris_rock
153,131,144,-10.882352941176471,clean_glacier_ice
153,132,65,-18.627450980392158,deep_glacier_ice
153,133,65,-18.627450980392158,deep_glacier_ice
153,134,27,-22.352941176470587,very_deep_glacier_ice
153,135,45,-20.588235294117645,deep_glacier_ice
153,136,52,-19.901960784313726,deep_glacier_ice
153,137,49,-20.19607843137255,deep_glacier_ice
153,138,40,-21.07843137254902,very_deep_glacier_ice
153,139,54,-19.705882352941178,deep_glacier_ice
153,140,71,-18.03921568627451,deep_glacier_ice
153,141,36,-21.470588235294116,very_deep_glacier_ice
153,142,59,-19.215686274509803,deep_glacier_ice
153,143,29,-22.15686274509804,very_deep_glacier_ice
153,144,50,-20.098039215686274,deep_glacier_ice
153,145,57,-19.41176470588235,deep_glacier_ice
153,146,57,-19.41176470588235,deep_glacier_ice
153,147,54,-19.705882352941178,deep_glacier_ice
153,148,66,-18.52941176470588,deep_glacier_ice
153,149,29,-22.15686274509804,very_deep_glacier_ice
153,150,26,-22.450980392156865,very_deep_glacier_ice
153,151,57,-19.41176470588235,deep_glacier_ice
153,152,41,-20.980392156862745,very_deep_glacier_ice
153,153,47,-20.392156862745097,deep_glacier_ice
153,154,104,-14.803921568627452,regular_glacier_ice
153,155,82,-16.96078431372549,deep_glacier_ice
153,156,57,-19.41176470588235,deep_glacier_ice
153,157,33,-21.764705882352942,very_deep_glacier_ice
153,158,38,-21.274509803921568,very_deep_glacier_ice
153,159,51,-20.0,deep_glacier_ice
153,160,55,-19.607843137254903,deep_glacier_ice
153,161,45,-20.588235294117645,deep_glacier_ice
153,162,76,-17.549019607843135,deep_glacier_ice
153,163,64,-18.725490196078432,deep_glacier_ice
153,164,52,-19.901960784313726,deep_glacier_ice
153,165,93,-15.882352941176471,regular_glacier_ice
153,166,101,-15.098039215686274,regular_glacier_ice
153,167,161,-9.215686274509805,clean_glacier_ice
153,168,179,-7.450980392156865,mixed_snow_ice
153,169,184,-6.96078431372549,mixed_snow_ice
153,170,209,-4.509803921568629,debris_rock
153,171,142,-11.07843137254902,clean_glacier_ice
153,172,100,-15.196078431372548,regular_glacier_ice
153,173,87,-16.470588235294116,deep_glacier_ice
153,174,106,-14.607843137254902,regular_glacier_ice
153,175,99,-15.294117647058822,regular_glacier_ice
153,176,78,-17.352941176470587,deep_glacier_ice
153,177,58,-19.313725490196077,deep_glacier_ice
153,178,69,-18.235294117647058,deep_glacier_ice
153,179,100,-15.196078431372548,regular_glacier_ice
153,180,116,-13.627450980392156,regular_glacier_ice
153,181,135,-11.76470588235294,clean_glacier_ice
153,182,113,-13.92156862745098,regular_glacier_ice
153,183,108,-14.411764705882353,regular_glacier_ice
153,184,100,-15.196078431372548,regular_glacier_ice
153,185,125,-12.745098039215687,regular_glacier_ice
153,186,162,-9.11764705882353,clean_glacier_ice
153,187,255,0.0,debris_rock
153,188,255,0.0,debris_rock
153,189,226,-2.8431372549019613,debris_rock
153,190,148,-10.49019607843137,clean_glacier_ice
153,191,124,-12.843137254901961,regular_glacier_ice
153,192,90,-16.176470588235293,regular_glacier_ice
153,193,39,-21.176470588235293,very_deep_glacier_ice
153,194,27,-22.352941176470587,very_deep_glacier_ice
153,195,40,-21.07843137254902,very_deep_glacier_ice
153,196,49,-20.19607843137255,deep_glacier_ice
153,197,29,-22.15686274509804,very_deep_glacier_ice
153,198,41,-20.980392156862745,very_deep_glacier_ice
153,199,66,-18.52941176470588,deep_glacier_ice
153,200,45,-20.588235294117645,deep_glacier_ice
153,201,172,-8.137254901960784,mixed_snow_ice
153,202,198,-5.588235294117645,debris_rock
153,203,180,-7.352941176470587,mixed_snow_ice
153,204,211,-4.313725490196081,debris_rock
153,205,202,-5.196078431372548,debris_rock
153,206,195,-5.882352941176471,debris_rock
153,207,149,-10.392156862745097,clean_glacier_ice
153,208,225,-2.9411764705882355,debris_rock
153,209,215,-3.9215686274509807,debris_rock
153,210,205,-4.901960784313726,debris_rock
153,211,184,-6.96078431372549,mixed_snow_ice
153,212,199,-5.490196078431371,debris_rock
153,213,180,-7.352941176470587,mixed_snow_ice
153,214,123,-12.941176470588236,regular_glacier_ice
153,215,142,-11.07843137254902,clean_glacier_ice
153,218,221,-3.333333333333332,debris_rock
153,219,216,-3.8235294117647065,debris_rock
153,220,109,-14.313725490196079,regular_glacier_ice
153,221,161,-9.215686274509805,clean_glacier_ice
153,222,146,-10.686274509803923,clean_glacier_ice
154,0,250,-0.49019607843137436,debris_rock
154,1,253,-0.19607843137254832,debris_rock
154,2,198,-5.588235294117645,debris_rock
154,3,172,-8.137254901960784,mixed_snow_ice
154,4,190,-6.372549019607842,debris_rock
154,5,219,-3.529411764705884,debris_rock
154,6,225,-2.9411764705882355,debris_rock
154,7,117,-13.529411764705882,regular_glacier_ice
154,8,133,-11.960784313725489,clean_glacier_ice
154,9,115,-13.72549019607843,regular_glacier_ice
154,10,100,-15.196078431372548,regular_glacier_ice
154,11,102,-15.0,regular_glacier_ice
154,12,150,-10.294117647058822,clean_glacier_ice
154,13,194,-5.980392156862745,debris_rock
154,14,138,-11.470588235294118,clean_glacier_ice
154,15,114,-13.823529411764705,regular_glacier_ice
154,16,118,-13.431372549019608,regular_glacier_ice
154,17,140,-11.274509803921568,clean_glacier_ice
154,18,88,-16.372549019607845,regular_glacier_ice
154,19,103,-14.901960784313726,regular_glacier_ice
154,20,113,-13.92156862745098,regular_glacier_ice
154,21,109,-14.313725490196079,regular_glacier_ice
154,22,119,-13.333333333333334,regular_glacier_ice
154,23,114,-13.823529411764705,regular_glacier_ice
154,24,113,-13.92156862745098,regular_glacier_ice
154,25,100,-15.196078431372548,regular_glacier_ice
154,26,83,-16.862745098039216,deep_glacier_ice
154,34,177,-7.647058823529413,mixed_snow_ice
154,35,113,-13.92156862745098,regular_glacier_ice
154,36,80,-17.15686274509804,deep_glacier_ice
154,37,87,-16.470588235294116,deep_glacier_ice
154,38,82,-16.96078431372549,deep_glacier_ice
154,39,81,-17.058823529411764,deep_glacier_ice
154,40,103,-14.901960784313726,regular_glacier_ice
154,41,101,-15.098039215686274,regular_glacier_ice
154,42,114,-13.823529411764705,regular_glacier_ice
154,43,93,-15.882352941176471,regular_glacier_ice
154,44,55,-19.607843137254903,deep_glacier_ice
154,45,62,-18.92156862745098,deep_glacier_ice
154,46,64,-18.725490196078432,deep_glacier_ice
154,47,87,-16.470588235294116,deep_glacier_ice
154,48,71,-18.03921568627451,deep_glacier_ice
154,49,77,-17.450980392156865,deep_glacier_ice
154,50,58,-19.313725490196077,deep_glacier_ice
154,51,54,-19.705882352941178,deep_glacier_ice
154,52,79,-17.254901960784313,deep_glacier_ice
154,53,89,-16.274509803921568,regular_glacier_ice
154,54,57,-19.41176470588235,deep_glacier_ice
154,55,44,-20.686274509803923,deep_glacier_ice
154,56,85,-16.666666666666668,deep_glacier_ice
154,57,83,-16.862745098039216,deep_glacier_ice
154,58,120,-13.23529411764706,regular_glacier_ice
154,59,75,-17.647058823529413,deep_glacier_ice
154,60,159,-9.411764705882353,clean_glacier_ice
154,61,196,-5.784313725490193,debris_rock
154,62,115,-13.72549019607843,regular_glacier_ice
154,63,95,-15.686274509803921,regular_glacier_ice
154,64,95,-15.686274509803921,regular_glacier_ice
154,65,156,-9.705882352941176,clean_glacier_ice
154,66,203,-5.098039215686274,debris_rock
154,67,194,-5.980392156862745,debris_rock
154,68,183,-7.0588235294117645,mixed_snow_ice
154,69,160,-9.313725490196079,clean_glacier_ice
154,70,174,-7.9411764705882355,mixed_snow_ice
154,71,161,-9.215686274509805,clean_glacier_ice
154,72,175,-7.843137254901961,mixed_snow_ice
154,73,230,-2.450980392156861,debris_rock
154,74,127,-12.549019607843137,regular_glacier_ice
154,75,65,-18.627450980392158,deep_glacier_ice
154,76,59,-19.215686274509803,deep_glacier_ice
154,77,45,-20.588235294117645,deep_glacier_ice
154,78,45,-20.588235294117645,deep_glacier_ice
154,79,54,-19.705882352941178,deep_glacier_ice
154,80,45,-20.588235294117645,deep_glacier_ice
154,81,66,-18.52941176470588,deep_glacier_ice
154,82,61,-19.019607843137255,deep_glacier_ice
154,83,56,-19.509803921568626,deep_glacier_ice
154,84,40,-21.07843137254902,very_deep_glacier_ice
154,85,45,-20.588235294117645,deep_glacier_ice
154,86,50,-20.098039215686274,deep_glacier_ice
154,87,49,-20.19607843137255,deep_glacier_ice
154,88,65,-18.627450980392158,deep_glacier_ice
154,89,61,-19.019607843137255,deep_glacier_ice
154,90,81,-17.058823529411764,deep_glacier_ice
154,91,10,-24.019607843137255,very_deep_glacier_ice
154,92,41,-20.980392156862745,very_deep_glacier_ice
154,93,56,-19.509803921568626,deep_glacier_ice
154,94,31,-21.96078431372549,very_deep_glacier_ice
154,95,60,-19.11764705882353,deep_glacier_ice
154,96,87,-16.470588235294116,deep_glacier_ice
154,97,72,-17.941176470588236,deep_glacier_ice
154,98,46,-20.490196078431374,deep_glacier_ice
154,99,66,-18.52941176470588,deep_glacier_ice
154,100,81,-17.058823529411764,deep_glacier_ice
154,101,35,-21.568627450980394,very_deep_glacier_ice
154,102,63,-18.823529411764707,deep_glacier_ice
154,103,41,-20.980392156862745,very_deep_glacier_ice
154,104,66,-18.52941176470588,deep_glacier_ice
154,105,66,-18.52941176470588,deep_glacier_ice
154,106,67,-18.431372549019606,deep_glacier_ice
154,107,77,-17.450980392156865,deep_glacier_ice
154,108,95,-15.686274509803921,regular_glacier_ice
154,109,107,-14.509803921568627,regular_glacier_ice
154,110,158,-9.509803921568627,clean_glacier_ice
154,111,179,-7.450980392156865,mixed_snow_ice
154,112,203,-5.098039215686274,debris_rock
154,113,118,-13.431372549019608,regular_glacier_ice
154,114,105,-14.705882352941178,regular_glacier_ice
154,115,123,-12.941176470588236,regular_glacier_ice
154,116,101,-15.098039215686274,regular_glacier_ice
154,117,99,-15.294117647058822,regular_glacier_ice
154,118,51,-20.0,deep_glacier_ice
154,119,66,-18.52941176470588,deep_glacier_ice
154,120,79,-17.254901960784313,deep_glacier_ice
154,121,86,-16.568627450980394,deep_glacier_ice
154,122,106,-14.607843137254902,regular_glacier_ice
154,123,131,-12.15686274509804,clean_glacier_ice
154,124,114,-13.823529411764705,regular_glacier_ice
154,125,138,-11.470588235294118,clean_glacier_ice
154,126,228,-2.6470588235294095,debris_rock
154,127,189,-6.470588235294116,debris_rock
154,128,156,-9.705882352941176,clean_glacier_ice
154,129,173,-8.03921568627451,mixed_snow_ice
154,130,131,-12.15686274509804,clean_glacier_ice
154,131,129,-12.352941176470589,regular_glacier_ice
154,132,131,-12.15686274509804,clean_glacier_ice
154,133,173,-8.03921568627451,mixed_snow_ice
154,134,187,-6.666666666666668,debris_rock
154,135,181,-7.254901960784313,mixed_snow_ice
154,136,72,-17.941176470588236,deep_glacier_ice
154,137,65,-18.627450980392158,deep_glacier_ice
154,138,88,-16.372549019607845,regular_glacier_ice
154,139,53,-19.80392156862745,deep_glacier_ice
154,140,55,-19.607843137254903,deep_glacier_ice
154,141,38,-21.274509803921568,very_deep_glacier_ice
154,142,46,-20.490196078431374,deep_glacier_ice
154,143,171,-8.235294117647062,mixed_snow_ice
154,144,195,-5.882352941176471,debris_rock
154,145,199,-5.490196078431371,debris_rock
154,146,191,-6.274509803921568,debris_rock
154,147,209,-4.509803921568629,debris_rock
154,148,219,-3.529411764705884,debris_rock
154,149,153,-10.0,clean_glacier_ice
154,150,185,-6.862745098039216,mixed_snow_ice
154,151,195,-5.882352941176471,debris_rock
154,152,205,-4.901960784313726,debris_rock
154,153,214,-4.019607843137255,debris_rock
154,154,189,-6.470588235294116,debris_rock
154,155,182,-7.156862745098039,mixed_snow_ice
154,156,143,-10.980392156862745,clean_glacier_ice
154,157,125,-12.745098039215687,regular_glacier_ice
154,158,250,-0.49019607843137436,debris_rock
154,159,255,0.0,debris_rock
154,160,179,-7.450980392156865,mixed_snow_ice
154,161,168,-8.529411764705884,mixed_snow_ice
154,162,178,-7.549019607843139,mixed_snow_ice
154,163,168,-8.529411764705884,mixed_snow_ice
154,164,195,-5.882352941176471,debris_rock
154,165,210,-4.411764705882355,debris_rock
154,166,255,0.0,debris_rock
154,167,209,-4.509803921568629,debris_rock
154,168,198,-5.588235294117645,debris_rock
154,169,147,-10.588235294117649,clean_glacier_ice
154,170,204,-5.0,debris_rock
154,171,229,-2.5490196078431353,debris_rock
154,172,104,-14.803921568627452,regular_glacier_ice
154,173,132,-12.058823529411763,clean_glacier_ice
154,174,107,-14.509803921568627,regular_glacier_ice
154,175,113,-13.92156862745098,regular_glacier_ice
154,176,111,-14.117647058823529,regular_glacier_ice
154,177,135,-11.76470588235294,clean_glacier_ice
154,178,139,-11.372549019607844,clean_glacier_ice
154,179,123,-12.941176470588236,regular_glacier_ice
154,180,133,-11.960784313725489,clean_glacier_ice
154,181,126,-12.647058823529411,regular_glacier_ice
154,182,129,-12.352941176470589,regular_glacier_ice
154,183,131,-12.15686274509804,clean_glacier_ice
154,184,101,-15.098039215686274,regular_glacier_ice
154,185,111,-14.117647058823529,regular_glacier_ice
154,186,112,-14.019607843137255,regular_glacier_ice
154,187,148,-10.49019607843137,clean_glacier_ice
154,188,122,-13.03921568627451,regular_glacier_ice
154,189,125,-12.745098039215687,regular_glacier_ice
154,190,159,-9.411764705882353,clean_glacier_ice
154,191,158,-9.509803921568627,clean_glacier_ice
154,192,155,-9.803921568627452,clean_glacier_ice
154,199,194,-5.980392156862745,debris_rock
154,200,176,-7.745098039215687,mixed_snow_ice
154,201,144,-10.882352941176471,clean_glacier_ice
154,202,93,-15.882352941176471,regular_glacier_ice
154,203,90,-16.176470588235293,regular_glacier_ice
154,204,90,-16.176470588235293,regular_glacier_ice
154,205,70,-18.137254901960784,deep_glacier_ice
154,206,81,-17.058823529411764,deep_glacier_ice
154,207,131,-12.15686274509804,clean_glacier_ice
154,208,103,-14.901960784313726,regular_glacier_ice
154,209,92,-15.980392156862745,regular_glacier_ice
154,210,89,-16.274509803921568,regular_glacier_ice
154,211,83,-16.862745098039216,deep_glacier_ice
154,212,74,-17.745098039215684,deep_glacier_ice
154,213,67,-18.431372549019606,deep_glacier_ice
154,214,102,-15.0,regular_glacier_ice
154,215,62,-18.92156862745098,deep_glacier_ice
154,216,49,-20.19607843137255,deep_glacier_ice
154,217,106,-14.607843137254902,regular_glacier_ice
154,218,52,-19.901960784313726,deep_glacier_ice
154,219,64,-18.725490196078432,deep_glacier_ice
154,220,81,-17.058823529411764,deep_glacier_ice
154,221,70,-18.137254901960784,deep_glacier_ice
154,222,135,-11.76470588235294,clean_glacier_ice
155,0,102,-15.0,regular_glacier_ice
155,1,64,-18.725490196078432,deep_glacier_ice
155,2,164,-8.92156862745098,clean_glacier_ice
155,3,158,-9.509803921568627,clean_glacier_ice
155,4,123,-12.941176470588236,regular_glacier_ice
155,5,99,-15.294117647058822,regular_glacier_ice
155,6,101,-15.098039215686274,regular_glacier_ice
155,7,188,-6.56862745098039,debris_rock
155,8,255,0.0,debris_rock
155,9,180,-7.352941176470587,mixed_snow_ice
155,10,230,-2.450980392156861,debris_rock
155,11,224,-3.0392156862745097,debris_rock
155,12,184,-6.96078431372549,mixed_snow_ice
155,13,145,-10.784313725490197,clean_glacier_ice
155,14,196,-5.784313725490193,debris_rock
155,15,255,0.0,debris_rock
155,16,188,-6.56862745098039,debris_rock
155,17,53,-19.80392156862745,deep_glacier_ice
155,18,60,-19.11764705882353,deep_glacier_ice
155,19,77,-17.450980392156865,deep_glacier_ice
155,20,41,-20.980392156862745,very_deep_glacier_ice
155,21,63,-18.823529411764707,deep_glacier_ice
155,22,46,-20.490196078431374,deep_glacier_ice
155,23,11,-23.92156862745098,very_deep_glacier_ice
155,24,71,-18.03921568627451,deep_glacier_ice
155,25,58,-19.313725490196077,deep_glacier_ice
155,26,36,-21.470588235294116,very_deep_glacier_ice
155,27,22,-22.84313725490196,very_deep_glacier_ice
155,28,34,-21.666666666666668,very_deep_glacier_ice
155,29,56,-19.509803921568626,deep_glacier_ice
155,30,30,-22.058823529411764,very_deep_glacier_ice
155,31,67,-18.431372549019606,deep_glacier_ice
155,32,55,-19.607843137254903,deep_glacier_ice
155,33,41,-20.980392156862745,very_deep_glacier_ice
155,34,28,-22.254901960784313,very_deep_glacier_ice
155,35,42,-20.88235294117647,very_deep_glacier_ice
155,36,34,-21.666666666666668,very_deep_glacier_ice
155,37,50,-20.098039215686274,deep_glacier_ice
155,38,60,-19.11764705882353,deep_glacier_ice
155,39,44,-20.686274509803923,deep_glacier_ice
155,40,70,-18.137254901960784,deep_glacier_ice
155,41,42,-20.88235294117647,very_deep_glacier_ice
155,42,60,-19.11764705882353,deep_glacier_ice
155,43,44,-20.686274509803923,deep_glacier_ice
155,44,58,-19.313725490196077,deep_glacier_ice
155,45,59,-19.215686274509803,deep_glacier_ice
155,46,61,-19.019607843137255,deep_glacier_ice
155,47,59,-19.215686274509803,deep_glacier_ice
155,48,77,-17.450980392156865,deep_glacier_ice
155,49,72,-17.941176470588236,deep_glacier_ice
155,50,73,-17.84313725490196,deep_glacier_ice
155,51,83,-16.862745098039216,deep_glacier_ice
155,52,79,-17.254901960784313,deep_glacier_ice
155,53,105,-14.705882352941178,regular_glacier_ice
155,54,107,-14.509803921568627,regular_glacier_ice
155,55,111,-14.117647058823529,regular_glacier_ice
155,56,100,-15.196078431372548,regular_glacier_ice
155,57,113,-13.92156862745098,regular_glacier_ice
155,58,93,-15.882352941176471,regular_glacier_ice
155,59,84,-16.764705882352942,deep_glacier_ice
155,60,71,-18.03921568627451,deep_glacier_ice
155,61,62,-18.92156862745098,deep_glacier_ice
155,62,91,-16.07843137254902,regular_glacier_ice
155,63,112,-14.019607843137255,regular_glacier_ice
155,64,107,-14.509803921568627,regular_glacier_ice
155,65,143,-10.980392156862745,clean_glacier_ice
155,66,132,-12.058823529411763,clean_glacier_ice
155,67,235,-1.9607843137254903,debris_rock
155,68,255,0.0,debris_rock
155,69,188,-6.56862745098039,debris_rock
155,70,138,-11.470588235294118,clean_glacier_ice
155,71,103,-14.901960784313726,regular_glacier_ice
155,72,93,-15.882352941176471,regular_glacier_ice
155,73,110,-14.215686274509803,regular_glacier_ice
155,74,89,-16.274509803921568,regular_glacier_ice
155,75,89,-16.274509803921568,regular_glacier_ice
155,76,179,-7.450980392156865,mixed_snow_ice
155,77,242,-1.2745098039215712,debris_rock
155,78,196,-5.784313725490193,debris_rock
155,79,84,-16.764705882352942,deep_glacier_ice
155,80,78,-17.352941176470587,deep_glacier_ice
155,81,97,-15.490196078431373,regular_glacier_ice
155,82,60,-19.11764705882353,deep_glacier_ice
155,83,67,-18.431372549019606,deep_glacier_ice
155,84,74,-17.745098039215684,deep_glacier_ice
155,85,171,-8.235294117647062,mixed_snow_ice
155,86,177,-7.647058823529413,mixed_snow_ice
155,87,198,-5.588235294117645,debris_rock
155,88,165,-8.823529411764707,clean_glacier_ice
155,89,188,-6.56862745098039,debris_rock
155,90,195,-5.882352941176471,debris_rock
155,91,152,-10.098039215686274,clean_glacier_ice
155,92,182,-7.156862745098039,mixed_snow_ice
155,93,187,-6.666666666666668,debris_rock
155,94,194,-5.980392156862745,debris_rock
155,95,216,-3.8235294117647065,debris_rock
155,96,167,-8.627450980392158,mixed_snow_ice
155,97,183,-7.0588235294117645,mixed_snow_ice
155,98,199,-5.490196078431371,debris_rock
155,99,177,-7.647058823529413,mixed_snow_ice
155,100,164,-8.92156862745098,clean_glacier_ice
155,101,233,-2.1568627450980387,debris_rock
155,102,173,-8.03921568627451,mixed_snow_ice
155,103,154,-9.901960784313726,clean_glacier_ice
155,104,206,-4.803921568627452,debris_rock
155,105,167,-8.627450980392158,mixed_snow_ice
155,106,190,-6.372549019607842,debris_rock
155,107,227,-2.745098039215687,debris_rock
155,108,212,-4.215686274509803,debris_rock
155,109,193,-6.078431372549019,debris_rock
155,110,218,-3.627450980392158,debris_rock
155,111,182,-7.156862745098039,mixed_snow_ice
155,112,209,-4.509803921568629,debris_rock
155,113,215,-3.9215686274509807,debris_rock
155,114,166,-8.725490196078432,mixed_snow_ice
155,115,122,-13.03921568627451,regular_glacier_ice
155,116,104,-14.803921568627452,regular_glacier_ice
155,117,101,-15.098039215686274,regular_glacier_ice
155,118,154,-9.901960784313726,clean_glacier_ice
155,119,117,-13.529411764705882,regular_glacier_ice
155,120,88,-16.372549019607845,regular_glacier_ice
155,121,107,-14.509803921568627,regular_glacier_ice
155,122,123,-12.941176470588236,regular_glacier_ice
155,123,118,-13.431372549019608,regular_glacier_ice
155,124,124,-12.843137254901961,regular_glacier_ice
155,125,132,-12.058823529411763,clean_glacier_ice
155,126,106,-14.607843137254902,regular_glacier_ice
155,127,120,-13.23529411764706,regular_glacier_ice
155,128,89,-16.274509803921568,regular_glacier_ice
155,129,119,-13.333333333333334,regular_glacier_ice
155,130,148,-10.49019607843137,clean_glacier_ice
155,131,176,-7.745098039215687,mixed_snow_ice
155,132,172,-8.137254901960784,mixed_snow_ice
155,133,181,-7.254901960784313,mixed_snow_ice
155,134,205,-4.901960784313726,debris_rock
155,135,135,-11.76470588235294,clean_glacier_ice
155,141,151,-10.196078431372548,clean_glacier_ice
155,142,148,-10.49019607843137,clean_glacier_ice
155,143,219,-3.529411764705884,debris_rock
155,144,116,-13.627450980392156,regular_glacier_ice
155,145,119,-13.333333333333334,regular_glacier_ice
155,146,111,-14.117647058823529,regular_glacier_ice
155,147,70,-18.137254901960784,deep_glacier_ice
155,148,115,-13.72549019607843,regular_glacier_ice
155,149,129,-12.352941176470589,regular_glacier_ice
155,150,117,-13.529411764705882,regular_glacier_ice
155,151,130,-12.254901960784315,clean_glacier_ice
155,152,169,-8.43137254901961,mixed_snow_ice
155,153,115,-13.72549019607843,regular_glacier_ice
155,154,73,-17.84313725490196,deep_glacier_ice
155,155,83,-16.862745098039216,deep_glacier_ice
155,156,77,-17.450980392156865,deep_glacier_ice
155,157,90,-16.176470588235293,regular_glacier_ice
155,158,89,-16.274509803921568,regular_glacier_ice
155,159,80,-17.15686274509804,deep_glacier_ice
155,160,63,-18.823529411764707,deep_glacier_ice
155,161,77,-17.450980392156865,deep_glacier_ice
155,162,64,-18.725490196078432,deep_glacier_ice
155,163,51,-20.0,deep_glacier_ice
155,164,139,-11.372549019607844,clean_glacier_ice
155,165,75,-17.647058823529413,deep_glacier_ice
155,166,93,-15.882352941176471,regular_glacier_ice
155,167,136,-11.666666666666666,clean_glacier_ice
155,168,141,-11.176470588235293,clean_glacier_ice
155,169,131,-12.15686274509804,clean_glacier_ice
155,170,126,-12.647058823529411,regular_glacier_ice
155,171,128,-12.450980392156863,regular_glacier_ice
155,172,217,-3.7254901960784323,debris_rock
155,173,255,0.0,debris_rock
155,174,145,-10.784313725490197,clean_glacier_ice
155,175,234,-2.0588235294117645,debris_rock
155,176,171,-8.235294117647062,mixed_snow_ice
155,177,151,-10.196078431372548,clean_glacier_ice
155,178,149,-10.392156862745097,clean_glacier_ice
155,179,177,-7.647058823529413,mixed_snow_ice
155,180,221,-3.333333333333332,debris_rock
155,181,211,-4.313725490196081,debris_rock
155,182,82,-16.96078431372549,deep_glacier_ice
155,183,81,-17.058823529411764,deep_glacier_ice
155,184,48,-20.294117647058822,deep_glacier_ice
155,185,15,-23.529411764705884,very_deep_glacier_ice
155,186,35,-21.568627450980394,very_deep_glacier_ice
155,187,29,-22.15686274509804,very_deep_glacier_ice
155,188,81,-17.058823529411764,deep_glacier_ice
155,189,62,-18.92156862745098,deep_glacier_ice
155,190,56,-19.509803921568626,deep_glacier_ice
155,191,63,-18.823529411764707,deep_glacier_ice
155,192,33,-21.764705882352942,very_deep_glacier_ice
155,193,21,-22.941176470588236,very_deep_glacier_ice
155,194,53,-19.80392156862745,deep_glacier_ice
155,195,70,-18.137254901960784,deep_glacier_ice
155,196,50,-20.098039215686274,deep_glacier_ice
155,197,49,-20.19607843137255,deep_glacier_ice
155,198,37,-21.372549019607842,very_deep_glacier_ice
155,199,72,-17.941176470588236,deep_glacier_ice
155,200,59,-19.215686274509803,deep_glacier_ice
155,201,9,-24.11764705882353,very_deep_glacier_ice
155,202,42,-20.88235294117647,very_deep_glacier_ice
155,203,40,-21.07843137254902,very_deep_glacier_ice
155,204,42,-20.88235294117647,very_deep_glacier_ice
155,205,65,-18.627450980392158,deep_glacier_ice
155,206,40,-21.07843137254902,very_deep_glacier_ice
155,207,51,-20.0,deep_glacier_ice
155,208,58,-19.313725490196077,deep_glacier_ice
155,209,52,-19.901960784313726,deep_glacier_ice
155,210,74,-17.745098039215684,deep_glacier_ice
155,211,42,-20.88235294117647,very_deep_glacier_ice
155,212,70,-18.137254901960784,deep_glacier_ice
155,213,74,-17.745098039215684,deep_glacier_ice
155,214,68,-18.333333333333332,deep_glacier_ice
155,215,46,-20.490196078431374,deep_glacier_ice
155,216,64,-18.725490196078432,deep_glacier_ice
155,217,63,-18.823529411764707,deep_glacier_ice
155,218,63,-18.823529411764707,deep_glacier_ice
155,219,81,-17.058823529411764,deep_glacier_ice
155,220,93,-15.882352941176471,regular_glacier_ice
155,221,108,-14.411764705882353,regular_glacier_ice
155,222,60,-19.11764705882353,deep_glacier_ice
156,0,97,-15.490196078431373,regular_glacier_ice
156,1,67,-18.431372549019606,deep_glacier_ice
156,2,63,-18.823529411764707,deep_glacier_ice
156,3,74,-17.745098039215684,deep_glacier_ice
156,4,51,-20.0,deep_glacier_ice
156,5,110,-14.215686274509803,regular_glacier_ice
156,6,98,-15.392156862745097,regular_glacier_ice
156,7,115,-13.72549019607843,regular_glacier_ice
156,8,136,-11.666666666666666,clean_glacier_ice
156,9,255,0.0,debris_rock
156,10,255,0.0,debris_rock
156,11,92,-15.980392156862745,regular_glacier_ice
156,12,89,-16.274509803921568,regular_glacier_ice
156,13,95,-15.686274509803921,regular_glacier_ice
156,14,73,-17.84313725490196,deep_glacier_ice
156,15,77,-17.450980392156865,deep_glacier_ice
156,16,77,-17.450980392156865,deep_glacier_ice
156,17,101,-15.098039215686274,regular_glacier_ice
156,18,111,-14.117647058823529,regular_glacier_ice
156,19,232,-2.254901960784313,debris_rock
156,20,226,-2.8431372549019613,debris_rock
156,21,224,-3.0392156862745097,debris_rock
156,22,98,-15.392156862745097,regular_glacier_ice
156,23,83,-16.862745098039216,deep_glacier_ice
156,24,76,-17.549019607843135,deep_glacier_ice
156,25,86,-16.568627450980394,deep_glacier_ice
156,26,78,-17.352941176470587,deep_glacier_ice
156,27,189,-6.470588235294116,debris_rock
156,28,171,-8.235294117647062,mixed_snow_ice
156,29,184,-6.96078431372549,mixed_snow_ice
156,30,160,-9.313725490196079,clean_glacier_ice
156,31,199,-5.490196078431371,debris_rock
156,32,189,-6.470588235294116,debris_rock
156,33,200,-5.392156862745097,debris_rock
156,34,189,-6.470588235294116,debris_rock
156,35,180,-7.352941176470587,mixed_snow_ice
156,36,191,-6.274509803921568,debris_rock
156,37,197,-5.686274509803919,debris_rock
156,38,180,-7.352941176470587,mixed_snow_ice
156,39,218,-3.627450980392158,debris_rock
156,40,177,-7.647058823529413,mixed_snow_ice
156,41,202,-5.196078431372548,debris_rock
156,42,177,-7.647058823529413,mixed_snow_ice
156,43,183,-7.0588235294117645,mixed_snow_ice
156,44,176,-7.745098039215687,mixed_snow_ice
156,45,159,-9.411764705882353,clean_glacier_ice
156,46,190,-6.372549019607842,debris_rock
156,47,180,-7.352941176470587,mixed_snow_ice
156,48,178,-7.549019607843139,mixed_snow_ice
156,49,183,-7.0588235294117645,mixed_snow_ice
156,50,199,-5.490196078431371,debris_rock
156,51,213,-4.117647058823529,debris_rock
156,52,190,-6.372549019607842,debris_rock
156,53,191,-6.274509803921568,debris_rock
156,54,212,-4.215686274509803,debris_rock
156,55,196,-5.784313725490193,debris_rock
156,56,220,-3.4313725490196063,debris_rock
156,57,136,-11.666666666666666,clean_glacier_ice
156,58,116,-13.627450980392156,regular_glacier_ice
156,59,118,-13.431372549019608,regular_glacier_ice
156,60,142,-11.07843137254902,clean_glacier_ice
156,61,142,-11.07843137254902,clean_glacier_ice
156,62,135,-11.76470588235294,clean_glacier_ice
156,63,122,-13.03921568627451,regular_glacier_ice
156,64,106,-14.607843137254902,regular_glacier_ice
156,65,145,-10.784313725490197,clean_glacier_ice
156,66,117,-13.529411764705882,regular_glacier_ice
156,67,135,-11.76470588235294,clean_glacier_ice
156,68,99,-15.294117647058822,regular_glacier_ice
156,69,105,-14.705882352941178,regular_glacier_ice
156,70,95,-15.686274509803921,regular_glacier_ice
156,71,84,-16.764705882352942,deep_glacier_ice
156,72,133,-11.960784313725489,clean_glacier_ice
156,73,223,-3.137254901960784,debris_rock
156,74,185,-6.862745098039216,mixed_snow_ice
156,75,144,-10.882352941176471,clean_glacier_ice
156,76,146,-10.686274509803923,clean_glacier_ice
156,77,125,-12.745098039215687,regular_glacier_ice
156,78,103,-14.901960784313726,regular_glacier_ice
156,83,169,-8.43137254901961,mixed_snow_ice
156,84,104,-14.803921568627452,regular_glacier_ice
156,85,207,-4.7058823529411775,debris_rock
156,86,223,-3.137254901960784,debris_rock
156,87,133,-11.960784313725489,clean_glacier_ice
156,88,108,-14.411764705882353,regular_glacier_ice
156,89,82,-16.96078431372549,deep_glacier_ice
156,90,85,-16.666666666666668,deep_glacier_ice
156,91,117,-13.529411764705882,regular_glacier_ice
156,92,171,-8.235294117647062,mixed_snow_ice
156,93,190,-6.372549019607842,debris_rock
156,94,173,-8.03921568627451,mixed_snow_ice
156,95,116,-13.627450980392156,regular_glacier_ice
156,96,95,-15.686274509803921,regular_glacier_ice
156,97,86,-16.568627450980394,deep_glacier_ice
156,98,66,-18.52941176470588,deep_glacier_ice
156,99,90,-16.176470588235293,regular_glacier_ice
156,100,77,-17.450980392156865,deep_glacier_ice
156,101,69,-18.235294117647058,deep_glacier_ice
156,102,74,-17.745098039215684,deep_glacier_ice
156,103,74,-17.745098039215684,deep_glacier_ice
156,104,74,-17.745098039215684,deep_glacier_ice
156,105,88,-16.372549019607845,regular_glacier_ice
156,106,78,-17.352941176470587,deep_glacier_ice
156,107,85,-16.666666666666668,deep_glacier_ice
156,108,75,-17.647058823529413,deep_glacier_ice
156,109,83,-16.862745098039216,deep_glacier_ice
156,110,109,-14.313725490196079,regular_glacier_ice
156,111,126,-12.647058823529411,regular_glacier_ice
156,112,148,-10.49019607843137,clean_glacier_ice
156,113,162,-9.11764705882353,clean_glacier_ice
156,114,226,-2.8431372549019613,debris_rock
156,115,255,0.0,debris_rock
156,116,154,-9.901960784313726,clean_glacier_ice
156,117,173,-8.03921568627451,mixed_snow_ice
156,118,171,-8.235294117647062,mixed_snow_ice
156,119,141,-11.176470588235293,clean_glacier_ice
156,120,136,-11.666666666666666,clean_glacier_ice
156,121,177,-7.647058823529413,mixed_snow_ice
156,122,230,-2.450980392156861,debris_rock
156,123,177,-7.647058823529413,mixed_snow_ice
156,124,100,-15.196078431372548,regular_glacier_ice
156,125,87,-16.470588235294116,deep_glacier_ice
156,126,55,-19.607843137254903,deep_glacier_ice
156,127,24,-22.647058823529413,very_deep_glacier_ice
156,128,56,-19.509803921568626,deep_glacier_ice
156,129,70,-18.137254901960784,deep_glacier_ice
156,130,67,-18.431372549019606,deep_glacier_ice
156,131,43,-20.784313725490197,very_deep_glacier_ice
156,132,68,-18.333333333333332,deep_glacier_ice
156,133,70,-18.137254901960784,deep_glacier_ice
156,134,75,-17.647058823529413,deep_glacier_ice
156,135,59,-19.215686274509803,deep_glacier_ice
156,136,38,-21.274509803921568,very_deep_glacier_ice
156,137,39,-21.176470588235293,very_deep_glacier_ice
156,138,32,-21.862745098039216,very_deep_glacier_ice
156,139,66,-18.52941176470588,deep_glacier_ice
156,140,59,-19.215686274509803,deep_glacier_ice
156,141,46,-20.490196078431374,deep_glacier_ice
156,142,57,-19.41176470588235,deep_glacier_ice
156,143,27,-22.352941176470587,very_deep_glacier_ice
156,144,66,-18.52941176470588,deep_glacier_ice
156,145,45,-20.588235294117645,deep_glacier_ice
156,146,64,-18.725490196078432,deep_glacier_ice
156,147,89,-16.274509803921568,regular_glacier_ice
156,148,54,-19.705882352941178,deep_glacier_ice
156,149,49,-20.19607843137255,deep_glacier_ice
156,150,68,-18.333333333333332,deep_glacier_ice
156,151,69,-18.235294117647058,deep_glacier_ice
156,152,63,-18.823529411764707,deep_glacier_ice
156,153,63,-18.823529411764707,deep_glacier_ice
156,154,80,-17.15686274509804,deep_glacier_ice
156,155,51,-20.0,deep_glacier_ice
156,156,38,-21.274509803921568,very_deep_glacier_ice
156,157,77,-17.450980392156865,deep_glacier_ice
156,158,74,-17.745098039215684,deep_glacier_ice
156,159,72,-17.941176470588236,deep_glacier_ice
156,160,72,-17.941176470588236,deep_glacier_ice
156,161,72,-17.941176470588236,deep_glacier_ice
156,162,80,-17.15686274509804,deep_glacier_ice
156,163,90,-16.176470588235293,regular_glacier_ice
156,164,63,-18.823529411764707,deep_glacier_ice
156,165,100,-15.196078431372548,regular_glacier_ice
156,166,75,-17.647058823529413,deep_glacier_ice
156,167,65,-18.627450980392158,deep_glacier_ice
156,168,81,-17.058823529411764,deep_glacier_ice
156,169,70,-18.137254901960784,deep_glacier_ice
156,170,116,-13.627450980392156,regular_glacier_ice
156,171,139,-11.372549019607844,clean_glacier_ice
156,172,173,-8.03921568627451,mixed_snow_ice
156,173,169,-8.43137254901961,mixed_snow_ice
156,174,255,0.0,debris_rock
156,175,255,0.0,debris_rock
156,176,133,-11.960784313725489,clean_glacier_ice
156,177,128,-12.450980392156863,regular_glacier_ice
156,178,126,-12.647058823529411,regular_glacier_ice
156,179,109,-14.313725490196079,regular_glacier_ice
156,180,120,-13.23529411764706,regular_glacier_ice
156,181,86,-16.568627450980394,deep_glacier_ice
156,182,180,-7.352941176470587,mixed_snow_ice
156,183,154,-9.901960784313726,clean_glacier_ice
156,184,162,-9.11764705882353,clean_glacier_ice
156,185,244,-1.0784313725490193,debris_rock
156,186,227,-2.745098039215687,debris_rock
156,187,114,-13.823529411764705,regular_glacier_ice
156,188,91,-16.07843137254902,regular_glacier_ice
156,189,59,-19.215686274509803,deep_glacier_ice
156,190,74,-17.745098039215684,deep_glacier_ice
156,191,87,-16.470588235294116,deep_glacier_ice
156,192,167,-8.627450980392158,mixed_snow_ice
156,193,168,-8.529411764705884,mixed_snow_ice
156,194,175,-7.843137254901961,mixed_snow_ice
156,195,144,-10.882352941176471,clean_glacier_ice
156,196,194,-5.980392156862745,debris_rock
156,197,184,-6.96078431372549,mixed_snow_ice
156,198,217,-3.7254901960784323,debris_rock
156,199,189,-6.470588235294116,debris_rock
156,200,173,-8.03921568627451,mixed_snow_ice
156,201,196,-5.784313725490193,debris_rock
156,202,189,-6.470588235294116,debris_rock
156,203,209,-4.509803921568629,debris_rock
156,204,198,-5.588235294117645,debris_rock
156,205,189,-6.470588235294116,debris_rock
156,206,210,-4.411764705882355,debris_rock
156,207,183,-7.0588235294117645,mixed_snow_ice
156,208,176,-7.745098039215687,mixed_snow_ice
156,209,180,-7.352941176470587,mixed_snow_ice
156,210,169,-8.43137254901961,mixed_snow_ice
156,211,174,-7.9411764705882355,mixed_snow_ice
156,212,185,-6.862745098039216,mixed_snow_ice
156,213,174,-7.9411764705882355,mixed_snow_ice
156,214,187,-6.666666666666668,debris_rock
156,215,177,-7.647058823529413,mixed_snow_ice
156,216,196,-5.784313725490193,debris_rock
156,217,201,-5.2941176470588225,debris_rock
156,218,196,-5.784313725490193,debris_rock
156,219,193,-6.078431372549019,debris_rock
156,220,193,-6.078431372549019,debris_rock
156,221,211,-4.313725490196081,debris_rock
156,222,181,-7.254901960784313,mixed_snow_ice
157,0,124,-12.843137254901961,regular_glacier_ice
157,1,135,-11.76470588235294,clean_glacier_ice
157,2,116,-13.627450980392156,regular_glacier_ice
157,3,133,-11.960784313725489,clean_glacier_ice
157,4,122,-13.03921568627451,regular_glacier_ice
157,5,119,-13.333333333333334,regular_glacier_ice
157,6,138,-11.470588235294118,clean_glacier_ice
157,7,118,-13.431372549019608,regular_glacier_ice
157,8,107,-14.509803921568627,regular_glacier_ice
157,9,131,-12.15686274509804,clean_glacier_ice
157,10,92,-15.980392156862745,regular_glacier_ice
157,11,130,-12.254901960784315,clean_glacier_ice
157,12,106,-14.607843137254902,regular_glacier_ice
157,13,72,-17.941176470588236,deep_glacier_ice
157,14,97,-15.490196078431373,regular_glacier_ice
157,16,255,0.0,debris_rock
157,17,121,-13.137254901960786,regular_glacier_ice
157,18,154,-9.901960784313726,clean_glacier_ice
157,19,120,-13.23529411764706,regular_glacier_ice
157,20,126,-12.647058823529411,regular_glacier_ice
157,21,126,-12.647058823529411,regular_glacier_ice
157,25,230,-2.450980392156861,debris_rock
157,26,176,-7.745098039215687,mixed_snow_ice
157,27,223,-3.137254901960784,debris_rock
157,28,255,0.0,debris_rock
157,29,182,-7.156862745098039,mixed_snow_ice
157,30,107,-14.509803921568627,regular_glacier_ice
157,31,80,-17.15686274509804,deep_glacier_ice
157,32,97,-15.490196078431373,regular_glacier_ice
157,33,107,-14.509803921568627,regular_glacier_ice
157,34,137,-11.568627450980392,clean_glacier_ice
157,35,138,-11.470588235294118,clean_glacier_ice
157,36,160,-9.313725490196079,clean_glacier_ice
157,37,211,-4.313725490196081,debris_rock
157,38,180,-7.352941176470587,mixed_snow_ice
157,39,88,-16.372549019607845,regular_glacier_ice
157,40,40,-21.07843137254902,very_deep_glacier_ice
157,41,75,-17.647058823529413,deep_glacier_ice
157,42,90,-16.176470588235293,regular_glacier_ice
157,43,67,-18.431372549019606,deep_glacier_ice
157,44,69,-18.235294117647058,deep_glacier_ice
157,45,51,-20.0,deep_glacier_ice
157,46,64,-18.725490196078432,deep_glacier_ice
157,47,78,-17.352941176470587,deep_glacier_ice
157,48,68,-18.333333333333332,deep_glacier_ice
157,49,106,-14.607843137254902,regular_glacier_ice
157,50,105,-14.705882352941178,regular_glacier_ice
157,51,69,-18.235294117647058,deep_glacier_ice
157,52,74,-17.745098039215684,deep_glacier_ice
157,53,133,-11.960784313725489,clean_glacier_ice
157,54,144,-10.882352941176471,clean_glacier_ice
157,55,157,-9.607843137254902,clean_glacier_ice
157,56,149,-10.392156862745097,clean_glacier_ice
157,57,202,-5.196078431372548,debris_rock
157,58,179,-7.450980392156865,mixed_snow_ice
157,59,155,-9.803921568627452,clean_glacier_ice
157,60,162,-9.11764705882353,clean_glacier_ice
157,61,109,-14.313725490196079,regular_glacier_ice
157,62,105,-14.705882352941178,regular_glacier_ice
157,63,137,-11.568627450980392,clean_glacier_ice
157,64,215,-3.9215686274509807,debris_rock
157,65,147,-10.588235294117649,clean_glacier_ice
157,66,103,-14.901960784313726,regular_glacier_ice
157,67,97,-15.490196078431373,regular_glacier_ice
157,68,75,-17.647058823529413,deep_glacier_ice
157,69,50,-20.098039215686274,deep_glacier_ice
157,70,64,-18.725490196078432,deep_glacier_ice
157,71,69,-18.235294117647058,deep_glacier_ice
157,72,70,-18.137254901960784,deep_glacier_ice
157,73,76,-17.549019607843135,deep_glacier_ice
157,74,61,-19.019607843137255,deep_glacier_ice
157,75,34,-21.666666666666668,very_deep_glacier_ice
157,76,59,-19.215686274509803,deep_glacier_ice
157,77,67,-18.431372549019606,deep_glacier_ice
157,78,50,-20.098039215686274,deep_glacier_ice
157,79,73,-17.84313725490196,deep_glacier_ice
157,80,19,-23.137254901960784,very_deep_glacier_ice
157,81,23,-22.745098039215687,very_deep_glacier_ice
157,82,58,-19.313725490196077,deep_glacier_ice
157,83,44,-20.686274509803923,deep_glacier_ice
157,84,42,-20.88235294117647,very_deep_glacier_ice
157,85,58,-19.313725490196077,deep_glacier_ice
157,86,45,-20.588235294117645,deep_glacier_ice
157,87,27,-22.352941176470587,very_deep_glacier_ice
157,88,46,-20.490196078431374,deep_glacier_ice
157,89,49,-20.19607843137255,deep_glacier_ice
157,90,34,-21.666666666666668,very_deep_glacier_ice
157,91,45,-20.588235294117645,deep_glacier_ice
157,92,61,-19.019607843137255,deep_glacier_ice
157,93,81,-17.058823529411764,deep_glacier_ice
157,94,56,-19.509803921568626,deep_glacier_ice
157,95,56,-19.509803921568626,deep_glacier_ice
157,96,52,-19.901960784313726,deep_glacier_ice
157,97,81,-17.058823529411764,deep_glacier_ice
157,98,50,-20.098039215686274,deep_glacier_ice
157,99,60,-19.11764705882353,deep_glacier_ice
157,100,62,-18.92156862745098,deep_glacier_ice
157,101,35,-21.568627450980394,very_deep_glacier_ice
157,102,83,-16.862745098039216,deep_glacier_ice
157,103,78,-17.352941176470587,deep_glacier_ice
157,104,53,-19.80392156862745,deep_glacier_ice
157,105,90,-16.176470588235293,regular_glacier_ice
157,106,74,-17.745098039215684,deep_glacier_ice
157,107,37,-21.372549019607842,very_deep_glacier_ice
157,108,56,-19.509803921568626,deep_glacier_ice
157,109,69,-18.235294117647058,deep_glacier_ice
157,110,93,-15.882352941176471,regular_glacier_ice
157,111,85,-16.666666666666668,deep_glacier_ice
157,112,117,-13.529411764705882,regular_glacier_ice
157,113,144,-10.882352941176471,clean_glacier_ice
157,114,133,-11.960784313725489,clean_glacier_ice
157,115,148,-10.49019607843137,clean_glacier_ice
157,116,255,0.0,debris_rock
157,117,255,0.0,debris_rock
157,118,151,-10.196078431372548,clean_glacier_ice
157,119,131,-12.15686274509804,clean_glacier_ice
157,120,139,-11.372549019607844,clean_glacier_ice
157,121,132,-12.058823529411763,clean_glacier_ice
157,122,150,-10.294117647058822,clean_glacier_ice
157,123,140,-11.274509803921568,clean_glacier_ice
157,124,199,-5.490196078431371,debris_rock
157,125,193,-6.078431372549019,debris_rock
157,126,124,-12.843137254901961,regular_glacier_ice
157,127,223,-3.137254901960784,debris_rock
157,128,197,-5.686274509803919,debris_rock
157,129,78,-17.352941176470587,deep_glacier_ice
157,130,131,-12.15686274509804,clean_glacier_ice
157,131,78,-17.352941176470587,deep_glacier_ice
157,132,75,-17.647058823529413,deep_glacier_ice
157,133,66,-18.52941176470588,deep_glacier_ice
157,134,182,-7.156862745098039,mixed_snow_ice
157,135,188,-6.56862745098039,debris_rock
157,136,201,-5.2941176470588225,debris_rock
157,137,173,-8.03921568627451,mixed_snow_ice
157,138,186,-6.764705882352942,debris_rock
157,139,162,-9.11764705882353,clean_glacier_ice
157,140,199,-5.490196078431371,debris_rock
157,141,199,-5.490196078431371,debris_rock
157,142,130,-12.254901960784315,clean_glacier_ice
157,143,193,-6.078431372549019,debris_rock
157,144,183,-7.0588235294117645,mixed_snow_ice
157,145,218,-3.627450980392158,debris_rock
157,146,171,-8.235294117647062,mixed_snow_ice
157,147,202,-5.196078431372548,debris_rock
157,148,188,-6.56862745098039,debris_rock
157,149,183,-7.0588235294117645,mixed_snow_ice
157,150,189,-6.470588235294116,debris_rock
157,151,153,-10.0,clean_glacier_ice
157,152,188,-6.56862745098039,debris_rock
157,153,183,-7.0588235294117645,mixed_snow_ice
157,154,182,-7.156862745098039,mixed_snow_ice
157,155,185,-6.862745098039216,mixed_snow_ice
157,156,186,-6.764705882352942,debris_rock
157,157,170,-8.333333333333336,mixed_snow_ice
157,158,176,-7.745098039215687,mixed_snow_ice
157,159,203,-5.098039215686274,debris_rock
157,160,210,-4.411764705882355,debris_rock
157,161,207,-4.7058823529411775,debris_rock
157,162,189,-6.470588235294116,debris_rock
157,163,229,-2.5490196078431353,debris_rock
157,164,210,-4.411764705882355,debris_rock
157,165,116,-13.627450980392156,regular_glacier_ice
157,166,148,-10.49019607843137,clean_glacier_ice
157,167,131,-12.15686274509804,clean_glacier_ice
157,168,186,-6.764705882352942,debris_rock
157,169,161,-9.215686274509805,clean_glacier_ice
157,170,139,-11.372549019607844,clean_glacier_ice
157,171,106,-14.607843137254902,regular_glacier_ice
157,172,136,-11.666666666666666,clean_glacier_ice
157,173,122,-13.03921568627451,regular_glacier_ice
157,174,141,-11.176470588235293,clean_glacier_ice
157,175,82,-16.96078431372549,deep_glacier_ice
157,176,127,-12.549019607843137,regular_glacier_ice
157,177,103,-14.901960784313726,regular_glacier_ice
157,178,72,-17.941176470588236,deep_glacier_ice
157,179,69,-18.235294117647058,deep_glacier_ice
157,180,130,-12.254901960784315,clean_glacier_ice
157,181,212,-4.215686274509803,debris_rock
157,182,192,-6.1764705882352935,debris_rock
157,183,217,-3.7254901960784323,debris_rock
157,184,118,-13.431372549019608,regular_glacier_ice
157,185,136,-11.666666666666666,clean_glacier_ice
157,186,130,-12.254901960784315,clean_glacier_ice
157,187,102,-15.0,regular_glacier_ice
157,193,215,-3.9215686274509807,debris_rock
157,194,185,-6.862745098039216,mixed_snow_ice
157,195,164,-8.92156862745098,clean_glacier_ice
157,196,121,-13.137254901960786,regular_glacier_ice
157,197,99,-15.294117647058822,regular_glacier_ice
157,198,106,-14.607843137254902,regular_glacier_ice
157,199,118,-13.431372549019608,regular_glacier_ice
157,200,136,-11.666666666666666,clean_glacier_ice
157,201,176,-7.745098039215687,mixed_snow_ice
157,202,222,-3.235294117647058,debris_rock
157,203,174,-7.9411764705882355,mixed_snow_ice
157,204,50,-20.098039215686274,deep_glacier_ice
157,205,77,-17.450980392156865,deep_glacier_ice
157,206,95,-15.686274509803921,regular_glacier_ice
157,207,94,-15.784313725490195,regular_glacier_ice
157,208,78,-17.352941176470587,deep_glacier_ice
157,209,100,-15.196078431372548,regular_glacier_ice
157,210,89,-16.274509803921568,regular_glacier_ice
157,211,52,-19.901960784313726,deep_glacier_ice
157,212,77,-17.450980392156865,deep_glacier_ice
157,213,98,-15.392156862745097,regular_glacier_ice
157,214,90,-16.176470588235293,regular_glacier_ice
157,215,104,-14.803921568627452,regular_glacier_ice
157,216,80,-17.15686274509804,deep_glacier_ice
157,217,88,-16.372549019607845,regular_glacier_ice
157,218,116,-13.627450980392156,regular_glacier_ice
157,219,211,-4.313725490196081,debris_rock
157,220,143,-10.980392156862745,clean_glacier_ice
157,221,129,-12.352941176470589,regular_glacier_ice
157,222,188,-6.56862745098039,debris_rock
158,0,184,-6.96078431372549,mixed_snow_ice
158,1,120,-13.23529411764706,regular_glacier_ice
158,2,154,-9.901960784313726,clean_glacier_ice
158,3,177,-7.647058823529413,mixed_snow_ice
158,4,163,-9.019607843137257,clean_glacier_ice
158,5,136,-11.666666666666666,clean_glacier_ice
158,6,200,-5.392156862745097,debris_rock
158,7,206,-4.803921568627452,debris_rock
158,8,94,-15.784313725490195,regular_glacier_ice
158,9,64,-18.725490196078432,deep_glacier_ice
158,10,120,-13.23529411764706,regular_glacier_ice
158,11,31,-21.96078431372549,very_deep_glacier_ice
158,12,50,-20.098039215686274,deep_glacier_ice
158,13,27,-22.352941176470587,very_deep_glacier_ice
158,14,58,-19.313725490196077,deep_glacier_ice
158,15,79,-17.254901960784313,deep_glacier_ice
158,16,70,-18.137254901960784,deep_glacier_ice
158,17,48,-20.294117647058822,deep_glacier_ice
158,18,57,-19.41176470588235,deep_glacier_ice
158,19,59,-19.215686274509803,deep_glacier_ice
158,20,66,-18.52941176470588,deep_glacier_ice
158,21,78,-17.352941176470587,deep_glacier_ice
158,22,42,-20.88235294117647,very_deep_glacier_ice
158,23,23,-22.745098039215687,very_deep_glacier_ice
158,24,32,-21.862745098039216,very_deep_glacier_ice
158,25,31,-21.96078431372549,very_deep_glacier_ice
158,26,39,-21.176470588235293,very_deep_glacier_ice
158,27,33,-21.764705882352942,very_deep_glacier_ice
158,28,54,-19.705882352941178,deep_glacier_ice
158,29,59,-19.215686274509803,deep_glacier_ice
158,30,69,-18.235294117647058,deep_glacier_ice
158,31,62,-18.92156862745098,deep_glacier_ice
158,32,47,-20.392156862745097,deep_glacier_ice
158,33,19,-23.137254901960784,very_deep_glacier_ice
158,34,54,-19.705882352941178,deep_glacier_ice
158,35,91,-16.07843137254902,regular_glacier_ice
158,36,96,-15.588235294117647,regular_glacier_ice
158,37,77,-17.450980392156865,deep_glacier_ice
158,38,51,-20.0,deep_glacier_ice
158,39,95,-15.686274509803921,regular_glacier_ice
158,40,41,-20.980392156862745,very_deep_glacier_ice
158,41,43,-20.784313725490197,very_deep_glacier_ice
158,42,46,-20.490196078431374,deep_glacier_ice
158,43,96,-15.588235294117647,regular_glacier_ice
158,44,64,-18.725490196078432,deep_glacier_ice
158,45,79,-17.254901960784313,deep_glacier_ice
158,46,59,-19.215686274509803,deep_glacier_ice
158,47,87,-16.470588235294116,deep_glacier_ice
158,48,91,-16.07843137254902,regular_glacier_ice
158,49,51,-20.0,deep_glacier_ice
158,50,84,-16.764705882352942,deep_glacier_ice
158,51,73,-17.84313725490196,deep_glacier_ice
158,52,78,-17.352941176470587,deep_glacier_ice
158,53,85,-16.666666666666668,deep_glacier_ice
158,54,151,-10.196078431372548,clean_glacier_ice
158,55,130,-12.254901960784315,clean_glacier_ice
158,56,140,-11.274509803921568,clean_glacier_ice
158,57,139,-11.372549019607844,clean_glacier_ice
158,58,255,0.0,debris_rock
158,59,255,0.0,debris_rock
158,60,100,-15.196078431372548,regular_glacier_ice
158,61,142,-11.07843137254902,clean_glacier_ice
158,62,144,-10.882352941176471,clean_glacier_ice
158,63,104,-14.803921568627452,regular_glacier_ice
158,64,156,-9.705882352941176,clean_glacier_ice
158,65,151,-10.196078431372548,clean_glacier_ice
158,66,242,-1.2745098039215712,debris_rock
158,67,255,0.0,debris_rock
158,68,145,-10.784313725490197,clean_glacier_ice
158,69,168,-8.529411764705884,mixed_snow_ice
158,70,211,-4.313725490196081,debris_rock
158,71,111,-14.117647058823529,regular_glacier_ice
158,72,104,-14.803921568627452,regular_glacier_ice
158,73,123,-12.941176470588236,regular_glacier_ice
158,74,65,-18.627450980392158,deep_glacier_ice
158,75,62,-18.92156862745098,deep_glacier_ice
158,76,181,-7.254901960784313,mixed_snow_ice
158,77,174,-7.9411764705882355,mixed_snow_ice
158,78,202,-5.196078431372548,debris_rock
158,79,196,-5.784313725490193,debris_rock
158,80,187,-6.666666666666668,debris_rock
158,81,188,-6.56862745098039,debris_rock
158,82,154,-9.901960784313726,clean_glacier_ice
158,83,190,-6.372549019607842,debris_rock
158,84,140,-11.274509803921568,clean_glacier_ice
158,85,173,-8.03921568627451,mixed_snow_ice
158,86,194,-5.980392156862745,debris_rock
158,87,187,-6.666666666666668,debris_rock
158,88,192,-6.1764705882352935,debris_rock
158,89,217,-3.7254901960784323,debris_rock
158,90,185,-6.862745098039216,mixed_snow_ice
158,91,187,-6.666666666666668,debris_rock
158,92,199,-5.490196078431371,debris_rock
158,93,166,-8.725490196078432,mixed_snow_ice
158,94,205,-4.901960784313726,debris_rock
158,95,185,-6.862745098039216,mixed_snow_ice
158,96,179,-7.450980392156865,mixed_snow_ice
158,97,186,-6.764705882352942,debris_rock
158,98,215,-3.9215686274509807,debris_rock
158,99,210,-4.411764705882355,debris_rock
158,100,199,-5.490196078431371,debris_rock
158,101,178,-7.549019607843139,mixed_snow_ice
158,102,194,-5.980392156862745,debris_rock
158,103,181,-7.254901960784313,mixed_snow_ice
158,104,218,-3.627450980392158,debris_rock
158,105,221,-3.333333333333332,debris_rock
158,106,184,-6.96078431372549,mixed_snow_ice
158,107,137,-11.568627450980392,clean_glacier_ice
158,108,159,-9.411764705882353,clean_glacier_ice
158,109,139,-11.372549019607844,clean_glacier_ice
158,110,165,-8.823529411764707,clean_glacier_ice
158,111,154,-9.901960784313726,clean_glacier_ice
158,112,135,-11.76470588235294,clean_glacier_ice
158,113,96,-15.588235294117647,regular_glacier_ice
158,114,88,-16.372549019607845,regular_glacier_ice
158,115,113,-13.92156862745098,regular_glacier_ice
158,116,110,-14.215686274509803,regular_glacier_ice
158,117,134,-11.862745098039214,clean_glacier_ice
158,118,110,-14.215686274509803,regular_glacier_ice
158,119,102,-15.0,regular_glacier_ice
158,120,125,-12.745098039215687,regular_glacier_ice
158,121,118,-13.431372549019608,regular_glacier_ice
158,122,123,-12.941176470588236,regular_glacier_ice
158,123,234,-2.0588235294117645,debris_rock
158,124,196,-5.784313725490193,debris_rock
158,126,203,-5.098039215686274,debris_rock
158,127,147,-10.588235294117649,clean_glacier_ice
158,128,82,-16.96078431372549,deep_glacier_ice
158,129,77,-17.450980392156865,deep_glacier_ice
158,135,190,-6.372549019607842,debris_rock
158,136,181,-7.254901960784313,mixed_snow_ice
158,137,255,0.0,debris_rock
158,138,150,-10.294117647058822,clean_glacier_ice
158,139,105,-14.705882352941178,regular_glacier_ice
158,140,144,-10.882352941176471,clean_glacier_ice
158,141,158,-9.509803921568627,clean_glacier_ice
158,142,155,-9.803921568627452,clean_glacier_ice
158,143,177,-7.647058823529413,mixed_snow_ice
158,144,182,-7.156862745098039,mixed_snow_ice
158,145,114,-13.823529411764705,regular_glacier_ice
158,146,66,-18.52941176470588,deep_glacier_ice
158,147,102,-15.0,regular_glacier_ice
158,148,79,-17.254901960784313,deep_glacier_ice
158,149,125,-12.745098039215687,regular_glacier_ice
158,150,74,-17.745098039215684,deep_glacier_ice
158,151,63,-18.823529411764707,deep_glacier_ice
158,152,72,-17.941176470588236,deep_glacier_ice
158,153,78,-17.352941176470587,deep_glacier_ice
158,154,68,-18.333333333333332,deep_glacier_ice
158,155,82,-16.96078431372549,deep_glacier_ice
158,156,51,-20.0,deep_glacier_ice
158,157,90,-16.176470588235293,regular_glacier_ice
158,158,75,-17.647058823529413,deep_glacier_ice
158,159,86,-16.568627450980394,deep_glacier_ice
158,160,94,-15.784313725490195,regular_glacier_ice
158,161,190,-6.372549019607842,debris_rock
158,162,154,-9.901960784313726,clean_glacier_ice
158,163,116,-13.627450980392156,regular_glacier_ice
158,164,110,-14.215686274509803,regular_glacier_ice
158,165,93,-15.882352941176471,regular_glacier_ice
158,166,120,-13.23529411764706,regular_glacier_ice
158,167,164,-8.92156862745098,clean_glacier_ice
158,168,247,-0.7843137254901968,debris_rock
158,169,216,-3.8235294117647065,debris_rock
158,170,167,-8.627450980392158,mixed_snow_ice
158,171,211,-4.313725490196081,debris_rock
158,172,240,-1.4705882352941195,debris_rock
158,173,150,-10.294117647058822,clean_glacier_ice
158,174,169,-8.43137254901961,mixed_snow_ice
158,175,150,-10.294117647058822,clean_glacier_ice
158,176,83,-16.862745098039216,deep_glacier_ice
158,177,71,-18.03921568627451,deep_glacier_ice
158,178,38,-21.274509803921568,very_deep_glacier_ice
158,179,43,-20.784313725490197,very_deep_glacier_ice
158,180,75,-17.647058823529413,deep_glacier_ice
158,181,89,-16.274509803921568,regular_glacier_ice
158,182,41,-20.980392156862745,very_deep_glacier_ice
158,183,62,-18.92156862745098,deep_glacier_ice
158,184,54,-19.705882352941178,deep_glacier_ice
158,185,72,-17.941176470588236,deep_glacier_ice
158,186,73,-17.84313725490196,deep_glacier_ice
158,187,46,-20.490196078431374,deep_glacier_ice
158,188,36,-21.470588235294116,very_deep_glacier_ice
158,189,68,-18.333333333333332,deep_glacier_ice
158,190,61,-19.019607843137255,deep_glacier_ice
158,191,51,-20.0,deep_glacier_ice
158,192,40,-21.07843137254902,very_deep_glacier_ice
158,193,45,-20.588235294117645,deep_glacier_ice
158,194,73,-17.84313725490196,deep_glacier_ice
158,195,32,-21.862745098039216,very_deep_glacier_ice
158,196,48,-20.294117647058822,deep_glacier_ice
158,197,59,-19.215686274509803,deep_glacier_ice
158,198,38,-21.274509803921568,very_deep_glacier_ice
158,199,59,-19.215686274509803,deep_glacier_ice
158,200,36,-21.470588235294116,very_deep_glacier_ice
158,201,83,-16.862745098039216,deep_glacier_ice
158,202,94,-15.784313725490195,regular_glacier_ice
158,203,91,-16.07843137254902,regular_glacier_ice
158,204,57,-19.41176470588235,deep_glacier_ice
158,205,80,-17.15686274509804,deep_glacier_ice
158,206,54,-19.705882352941178,deep_glacier_ice
158,207,86,-16.568627450980394,deep_glacier_ice
158,208,90,-16.176470588235293,regular_glacier_ice
158,209,83,-16.862745098039216,deep_glacier_ice
158,210,91,-16.07843137254902,regular_glacier_ice
158,211,56,-19.509803921568626,deep_glacier_ice
158,212,61,-19.019607843137255,deep_glacier_ice
158,213,63,-18.823529411764707,deep_glacier_ice
158,214,59,-19.215686274509803,deep_glacier_ice
158,215,59,-19.215686274509803,deep_glacier_ice
158,216,88,-16.372549019607845,regular_glacier_ice
158,217,82,-16.96078431372549,deep_glacier_ice
158,218,72,-17.941176470588236,deep_glacier_ice
158,219,125,-12.745098039215687,regular_glacier_ice
158,220,114,-13.823529411764705,regular_glacier_ice
158,221,130,-12.254901960784315,clean_glacier_ice
158,222,137,-11.568627450980392,clean_glacier_ice
159,0,255,0.0,debris_rock
159,1,255,0.0,debris_rock
159,2,170,-8.333333333333336,mixed_snow_ice
159,3,97,-15.490196078431373,regular_glacier_ice
159,4,113,-13.92156862745098,regular_glacier_ice
159,5,57,-19.41176470588235,deep_glacier_ice
159,6,114,-13.823529411764705,regular_glacier_ice
159,7,117,-13.529411764705882,regular_glacier_ice
159,8,149,-10.392156862745097,clean_glacier_ice
159,9,255,0.0,debris_rock
159,10,142,-11.07843137254902,clean_glacier_ice
159,11,128,-12.450980392156863,regular_glacier_ice
159,12,132,-12.058823529411763,clean_glacier_ice
159,13,115,-13.72549019607843,regular_glacier_ice
159,14,92,-15.980392156862745,regular_glacier_ice
159,15,93,-15.882352941176471,regular_glacier_ice
159,16,73,-17.84313725490196,deep_glacier_ice
159,17,53,-19.80392156862745,deep_glacier_ice
159,18,175,-7.843137254901961,mixed_snow_ice
159,19,153,-10.0,clean_glacier_ice
159,20,219,-3.529411764705884,debris_rock
159,21,183,-7.0588235294117645,mixed_snow_ice
159,22,190,-6.372549019607842,debris_rock
159,23,187,-6.666666666666668,debris_rock
159,24,180,-7.352941176470587,mixed_snow_ice
159,25,198,-5.588235294117645,debris_rock
159,26,173,-8.03921568627451,mixed_snow_ice
159,27,165,-8.823529411764707,clean_glacier_ice
159,28,194,-5.980392156862745,debris_rock
159,29,199,-5.490196078431371,debris_rock
159,30,189,-6.470588235294116,debris_rock
159,31,191,-6.274509803921568,debris_rock
159,32,212,-4.215686274509803,debris_rock
159,33,205,-4.901960784313726,debris_rock
159,34,176,-7.745098039215687,mixed_snow_ice
159,35,165,-8.823529411764707,clean_glacier_ice
159,36,186,-6.764705882352942,debris_rock
159,37,171,-8.235294117647062,mixed_snow_ice
159,38,182,-7.156862745098039,mixed_snow_ice
159,39,188,-6.56862745098039,debris_rock
159,40,201,-5.2941176470588225,debris_rock
159,41,202,-5.196078431372548,debris_rock
159,42,215,-3.9215686274509807,debris_rock
159,43,202,-5.196078431372548,debris_rock
159,44,199,-5.490196078431371,debris_rock
159,45,206,-4.803921568627452,debris_rock
159,46,188,-6.56862745098039,debris_rock
159,47,205,-4.901960784313726,debris_rock
159,48,168,-8.529411764705884,mixed_snow_ice
159,49,138,-11.470588235294118,clean_glacier_ice
159,50,130,-12.254901960784315,clean_glacier_ice
159,51,156,-9.705882352941176,clean_glacier_ice
159,52,166,-8.725490196078432,mixed_snow_ice
159,53,153,-10.0,clean_glacier_ice
159,54,122,-13.03921568627451,regular_glacier_ice
159,55,135,-11.76470588235294,clean_glacier_ice
159,56,130,-12.254901960784315,clean_glacier_ice
159,57,132,-12.058823529411763,clean_glacier_ice
159,58,140,-11.274509803921568,clean_glacier_ice
159,59,150,-10.294117647058822,clean_glacier_ice
159,60,147,-10.588235294117649,clean_glacier_ice
159,61,131,-12.15686274509804,clean_glacier_ice
159,62,140,-11.274509803921568,clean_glacier_ice
159,63,133,-11.960784313725489,clean_glacier_ice
159,64,118,-13.431372549019608,regular_glacier_ice
159,65,89,-16.274509803921568,regular_glacier_ice
159,66,162,-9.11764705882353,clean_glacier_ice
159,69,139,-11.372549019607844,clean_glacier_ice
159,70,88,-16.372549019607845,regular_glacier_ice
159,77,250,-0.49019607843137436,debris_rock
159,78,240,-1.4705882352941195,debris_rock
159,79,250,-0.49019607843137436,debris_rock
159,80,215,-3.9215686274509807,debris_rock
159,81,130,-12.254901960784315,clean_glacier_ice
159,82,130,-12.254901960784315,clean_glacier_ice
159,83,163,-9.019607843137257,clean_glacier_ice
159,84,160,-9.313725490196079,clean_glacier_ice
159,85,143,-10.980392156862745,clean_glacier_ice
159,86,126,-12.647058823529411,regular_glacier_ice
159,87,167,-8.627450980392158,mixed_snow_ice
159,88,141,-11.176470588235293,clean_glacier_ice
159,89,93,-15.882352941176471,regular_glacier_ice
159,90,50,-20.098039215686274,deep_glacier_ice
159,91,69,-18.235294117647058,deep_glacier_ice
159,92,64,-18.725490196078432,deep_glacier_ice
159,93,48,-20.294117647058822,deep_glacier_ice
159,94,70,-18.137254901960784,deep_glacier_ice
159,95,68,-18.333333333333332,deep_glacier_ice
159,96,81,-17.058823529411764,deep_glacier_ice
159,97,98,-15.392156862745097,regular_glacier_ice
159,98,74,-17.745098039215684,deep_glacier_ice
159,99,60,-19.11764705882353,deep_glacier_ice
159,100,81,-17.058823529411764,deep_glacier_ice
159,101,123,-12.941176470588236,regular_glacier_ice
159,102,80,-17.15686274509804,deep_glacier_ice
159,103,169,-8.43137254901961,mixed_snow_ice
159,104,170,-8.333333333333336,mixed_snow_ice
159,105,150,-10.294117647058822,clean_glacier_ice
159,106,144,-10.882352941176471,clean_glacier_ice
159,107,95,-15.686274509803921,regular_glacier_ice
159,108,76,-17.549019607843135,deep_glacier_ice
159,109,109,-14.313725490196079,regular_glacier_ice
159,110,226,-2.8431372549019613,debris_rock
159,111,214,-4.019607843137255,debris_rock
159,112,194,-5.980392156862745,debris_rock
159,113,190,-6.372549019607842,debris_rock
159,114,181,-7.254901960784313,mixed_snow_ice
159,115,140,-11.274509803921568,clean_glacier_ice
159,116,117,-13.529411764705882,regular_glacier_ice
159,117,78,-17.352941176470587,deep_glacier_ice
159,118,58,-19.313725490196077,deep_glacier_ice
159,119,66,-18.52941176470588,deep_glacier_ice
159,120,74,-17.745098039215684,deep_glacier_ice
159,121,65,-18.627450980392158,deep_glacier_ice
159,122,68,-18.333333333333332,deep_glacier_ice
159,123,69,-18.235294117647058,deep_glacier_ice
159,124,90,-16.176470588235293,regular_glacier_ice
159,125,65,-18.627450980392158,deep_glacier_ice
159,126,68,-18.333333333333332,deep_glacier_ice
159,127,68,-18.333333333333332,deep_glacier_ice
159,128,59,-19.215686274509803,deep_glacier_ice
159,129,89,-16.274509803921568,regular_glacier_ice
159,130,74,-17.745098039215684,deep_glacier_ice
159,131,105,-14.705882352941178,regular_glacier_ice
159,132,42,-20.88235294117647,very_deep_glacier_ice
159,133,40,-21.07843137254902,very_deep_glacier_ice
159,134,43,-20.784313725490197,very_deep_glacier_ice
159,135,71,-18.03921568627451,deep_glacier_ice
159,136,34,-21.666666666666668,very_deep_glacier_ice
159,137,67,-18.431372549019606,deep_glacier_ice
159,138,67,-18.431372549019606,deep_glacier_ice
159,139,53,-19.80392156862745,deep_glacier_ice
159,140,57,-19.41176470588235,deep_glacier_ice
159,141,54,-19.705882352941178,deep_glacier_ice
159,142,67,-18.431372549019606,deep_glacier_ice
159,143,87,-16.470588235294116,deep_glacier_ice
159,144,60,-19.11764705882353,deep_glacier_ice
159,145,96,-15.588235294117647,regular_glacier_ice
159,146,72,-17.941176470588236,deep_glacier_ice
159,147,92,-15.980392156862745,regular_glacier_ice
159,148,40,-21.07843137254902,very_deep_glacier_ice
159,149,68,-18.333333333333332,deep_glacier_ice
159,150,54,-19.705882352941178,deep_glacier_ice
159,151,46,-20.490196078431374,deep_glacier_ice
159,152,49,-20.19607843137255,deep_glacier_ice
159,153,89,-16.274509803921568,regular_glacier_ice
159,154,48,-20.294117647058822,deep_glacier_ice
159,155,70,-18.137254901960784,deep_glacier_ice
159,156,58,-19.313725490196077,deep_glacier_ice
159,157,51,-20.0,deep_glacier_ice
159,158,60,-19.11764705882353,deep_glacier_ice
159,159,78,-17.352941176470587,deep_glacier_ice
159,160,87,-16.470588235294116,deep_glacier_ice
159,161,112,-14.019607843137255,regular_glacier_ice
159,162,104,-14.803921568627452,regular_glacier_ice
159,163,145,-10.784313725490197,clean_glacier_ice
159,164,106,-14.607843137254902,regular_glacier_ice
159,165,254,-0.09803921568627416,debris_rock
159,166,255,0.0,debris_rock
159,167,205,-4.901960784313726,debris_rock
159,168,107,-14.509803921568627,regular_glacier_ice
159,169,85,-16.666666666666668,deep_glacier_ice
159,170,102,-15.0,regular_glacier_ice
159,171,110,-14.215686274509803,regular_glacier_ice
159,172,171,-8.235294117647062,mixed_snow_ice
159,173,189,-6.470588235294116,debris_rock
159,174,159,-9.411764705882353,clean_glacier_ice
159,175,145,-10.784313725490197,clean_glacier_ice
159,176,120,-13.23529411764706,regular_glacier_ice
159,177,185,-6.862745098039216,mixed_snow_ice
159,178,162,-9.11764705882353,clean_glacier_ice
159,179,94,-15.784313725490195,regular_glacier_ice
159,180,54,-19.705882352941178,deep_glacier_ice
159,181,51,-20.0,deep_glacier_ice
159,182,46,-20.490196078431374,deep_glacier_ice
159,183,183,-7.0588235294117645,mixed_snow_ice
159,184,165,-8.823529411764707,clean_glacier_ice
159,185,204,-5.0,debris_rock
159,186,184,-6.96078431372549,mixed_snow_ice
159,187,173,-8.03921568627451,mixed_snow_ice
159,188,173,-8.03921568627451,mixed_snow_ice
159,189,182,-7.156862745098039,mixed_snow_ice
159,190,177,-7.647058823529413,mixed_snow_ice
159,191,178,-7.549019607843139,mixed_snow_ice
159,192,192,-6.1764705882352935,debris_rock
159,193,161,-9.215686274509805,clean_glacier_ice
159,194,182,-7.156862745098039,mixed_snow_ice
159,195,197,-5.686274509803919,debris_rock
159,196,199,-5.490196078431371,debris_rock
159,197,196,-5.784313725490193,debris_rock
159,198,190,-6.372549019607842,debris_rock
159,199,178,-7.549019607843139,mixed_snow_ice
159,200,156,-9.705882352941176,clean_glacier_ice
159,201,180,-7.352941176470587,mixed_snow_ice
159,202,159,-9.411764705882353,clean_glacier_ice
159,203,180,-7.352941176470587,mixed_snow_ice
159,204,183,-7.0588235294117645,mixed_snow_ice
159,205,191,-6.274509803921568,debris_rock
159,206,195,-5.882352941176471,debris_rock
159,207,178,-7.549019607843139,mixed_snow_ice
159,208,177,-7.647058823529413,mixed_snow_ice
159,209,213,-4.117647058823529,debris_rock
159,210,201,-5.2941176470588225,debris_rock
159,211,217,-3.7254901960784323,debris_rock
159,212,170,-8.333333333333336,mixed_snow_ice
159,213,116,-13.627450980392156,regular_glacier_ice
159,214,94,-15.784313725490195,regular_glacier_ice
159,215,148,-10.49019607843137,clean_glacier_ice
159,216,199,-5.490196078431371,debris_rock
159,217,148,-10.49019607843137,clean_glacier_ice
159,218,143,-10.980392156862745,clean_glacier_ice
159,219,147,-10.588235294117649,clean_glacier_ice
159,220,118,-13.431372549019608,regular_glacier_ice
159,221,135,-11.76470588235294,clean_glacier_ice
159,222,159,-9.411764705882353,clean_glacier_ice
160,0,164,-8.92156862745098,clean_glacier_ice
160,1,145,-10.784313725490197,clean_glacier_ice
160,2,173,-8.03921568627451,mixed_snow_ice
160,3,153,-10.0,clean_glacier_ice
160,4,140,-11.274509803921568,clean_glacier_ice
160,5,165,-8.823529411764707,clean_glacier_ice
160,6,111,-14.117647058823529,regular_glacier_ice
160,7,89,-16.274509803921568,regular_glacier_ice
160,8,127,-12.549019607843137,regular_glacier_ice
160,10,253,-0.19607843137254832,debris_rock
160,11,157,-9.607843137254902,clean_glacier_ice
160,12,131,-12.15686274509804,clean_glacier_ice
160,20,232,-2.254901960784313,debris_rock
160,21,208,-4.607843137254903,debris_rock
160,22,208,-4.607843137254903,debris_rock
160,23,150,-10.294117647058822,clean_glacier_ice
160,24,140,-11.274509803921568,clean_glacier_ice
160,25,173,-8.03921568627451,mixed_snow_ice
160,26,179,-7.450980392156865,mixed_snow_ice
160,27,163,-9.019607843137257,clean_glacier_ice
160,28,126,-12.647058823529411,regular_glacier_ice
160,29,253,-0.19607843137254832,debris_rock
160,30,201,-5.2941176470588225,debris_rock
160,31,59,-19.215686274509803,deep_glacier_ice
160,32,59,-19.215686274509803,deep_glacier_ice
160,33,69,-18.235294117647058,deep_glacier_ice
160,34,77,-17.450980392156865,deep_glacier_ice
160,35,67,-18.431372549019606,deep_glacier_ice
160,36,82,-16.96078431372549,deep_glacier_ice
160,37,83,-16.862745098039216,deep_glacier_ice
160,38,78,-17.352941176470587,deep_glacier_ice
160,39,88,-16.372549019607845,regular_glacier_ice
160,40,79,-17.254901960784313,deep_glacier_ice
160,41,83,-16.862745098039216,deep_glacier_ice
160,42,58,-19.313725490196077,deep_glacier_ice
160,43,119,-13.333333333333334,regular_glacier_ice
160,44,107,-14.509803921568627,regular_glacier_ice
160,45,123,-12.941176470588236,regular_glacier_ice
160,46,147,-10.588235294117649,clean_glacier_ice
160,47,171,-8.235294117647062,mixed_snow_ice
160,48,203,-5.098039215686274,debris_rock
160,49,178,-7.549019607843139,mixed_snow_ice
160,50,169,-8.43137254901961,mixed_snow_ice
160,51,186,-6.764705882352942,debris_rock
160,52,255,0.0,debris_rock
160,53,232,-2.254901960784313,debris_rock
160,54,194,-5.980392156862745,debris_rock
160,55,170,-8.333333333333336,mixed_snow_ice
160,56,145,-10.784313725490197,clean_glacier_ice
160,57,124,-12.843137254901961,regular_glacier_ice
160,58,99,-15.294117647058822,regular_glacier_ice
160,59,82,-16.96078431372549,deep_glacier_ice
160,60,63,-18.823529411764707,deep_glacier_ice
160,61,66,-18.52941176470588,deep_glacier_ice
160,62,89,-16.274509803921568,regular_glacier_ice
160,63,51,-20.0,deep_glacier_ice
160,64,59,-19.215686274509803,deep_glacier_ice
160,65,59,-19.215686274509803,deep_glacier_ice
160,66,47,-20.392156862745097,deep_glacier_ice
160,67,91,-16.07843137254902,regular_glacier_ice
160,68,81,-17.058823529411764,deep_glacier_ice
160,69,65,-18.627450980392158,deep_glacier_ice
160,70,67,-18.431372549019606,deep_glacier_ice
160,71,55,-19.607843137254903,deep_glacier_ice
160,72,47,-20.392156862745097,deep_glacier_ice
160,73,75,-17.647058823529413,deep_glacier_ice
160,74,53,-19.80392156862745,deep_glacier_ice
160,75,39,-21.176470588235293,very_deep_glacier_ice
160,76,46,-20.490196078431374,deep_glacier_ice
160,77,62,-18.92156862745098,deep_glacier_ice
160,78,44,-20.686274509803923,deep_glacier_ice
160,79,46,-20.490196078431374,deep_glacier_ice
160,80,68,-18.333333333333332,deep_glacier_ice
160,81,56,-19.509803921568626,deep_glacier_ice
160,82,72,-17.941176470588236,deep_glacier_ice
160,83,43,-20.784313725490197,very_deep_glacier_ice
160,84,63,-18.823529411764707,deep_glacier_ice
160,85,44,-20.686274509803923,deep_glacier_ice
160,86,68,-18.333333333333332,deep_glacier_ice
160,87,71,-18.03921568627451,deep_glacier_ice
160,88,53,-19.80392156862745,deep_glacier_ice
160,89,71,-18.03921568627451,deep_glacier_ice
160,90,43,-20.784313725490197,very_deep_glacier_ice
160,91,50,-20.098039215686274,deep_glacier_ice
160,92,72,-17.941176470588236,deep_glacier_ice
160,93,64,-18.725490196078432,deep_glacier_ice
160,94,67,-18.431372549019606,deep_glacier_ice
160,95,66,-18.52941176470588,deep_glacier_ice
160,96,84,-16.764705882352942,deep_glacier_ice
160,97,71,-18.03921568627451,deep_glacier_ice
160,98,78,-17.352941176470587,deep_glacier_ice
160,99,69,-18.235294117647058,deep_glacier_ice
160,100,46,-20.490196078431374,deep_glacier_ice
160,101,75,-17.647058823529413,deep_glacier_ice
160,102,94,-15.784313725490195,regular_glacier_ice
160,103,135,-11.76470588235294,clean_glacier_ice
160,104,108,-14.411764705882353,regular_glacier_ice
160,105,122,-13.03921568627451,regular_glacier_ice
160,106,88,-16.372549019607845,regular_glacier_ice
160,107,216,-3.8235294117647065,debris_rock
160,108,246,-0.882352941176471,debris_rock
160,109,196,-5.784313725490193,debris_rock
160,110,174,-7.9411764705882355,mixed_snow_ice
160,111,147,-10.588235294117649,clean_glacier_ice
160,112,188,-6.56862745098039,debris_rock
160,113,182,-7.156862745098039,mixed_snow_ice
160,114,178,-7.549019607843139,mixed_snow_ice
160,115,226,-2.8431372549019613,debris_rock
160,116,248,-0.6862745098039227,debris_rock
160,117,240,-1.4705882352941195,debris_rock
160,118,178,-7.549019607843139,mixed_snow_ice
160,119,199,-5.490196078431371,debris_rock
160,120,180,-7.352941176470587,mixed_snow_ice
160,121,174,-7.9411764705882355,mixed_snow_ice
160,122,35,-21.568627450980394,very_deep_glacier_ice
160,123,54,-19.705882352941178,deep_glacier_ice
160,124,64,-18.725490196078432,deep_glacier_ice
160,125,188,-6.56862745098039,debris_rock
160,126,184,-6.96078431372549,mixed_snow_ice
160,127,200,-5.392156862745097,debris_rock
160,128,197,-5.686274509803919,debris_rock
160,129,157,-9.607843137254902,clean_glacier_ice
160,130,179,-7.450980392156865,mixed_snow_ice
160,131,209,-4.509803921568629,debris_rock
160,132,197,-5.686274509803919,debris_rock
160,133,181,-7.254901960784313,mixed_snow_ice
160,134,183,-7.0588235294117645,mixed_snow_ice
160,135,188,-6.56862745098039,debris_rock
160,136,174,-7.9411764705882355,mixed_snow_ice
160,137,182,-7.156862745098039,mixed_snow_ice
160,138,174,-7.9411764705882355,mixed_snow_ice
160,139,206,-4.803921568627452,debris_rock
160,140,193,-6.078431372549019,debris_rock
160,141,186,-6.764705882352942,debris_rock
160,142,182,-7.156862745098039,mixed_snow_ice
160,143,194,-5.980392156862745,debris_rock
160,144,180,-7.352941176470587,mixed_snow_ice
160,145,185,-6.862745098039216,mixed_snow_ice
160,146,205,-4.901960784313726,debris_rock
160,147,184,-6.96078431372549,mixed_snow_ice
160,148,201,-5.2941176470588225,debris_rock
160,149,170,-8.333333333333336,mixed_snow_ice
160,150,161,-9.215686274509805,clean_glacier_ice
160,151,205,-4.901960784313726,debris_rock
160,152,209,-4.509803921568629,debris_rock
160,153,184,-6.96078431372549,mixed_snow_ice
160,154,137,-11.568627450980392,clean_glacier_ice
160,155,97,-15.490196078431373,regular_glacier_ice
160,156,124,-12.843137254901961,regular_glacier_ice
160,157,133,-11.960784313725489,clean_glacier_ice
160,158,174,-7.9411764705882355,mixed_snow_ice
160,159,129,-12.352941176470589,regular_glacier_ice
160,160,133,-11.960784313725489,clean_glacier_ice
160,161,129,-12.352941176470589,regular_glacier_ice
160,162,139,-11.372549019607844,clean_glacier_ice
160,163,138,-11.470588235294118,clean_glacier_ice
160,164,156,-9.705882352941176,clean_glacier_ice
160,165,162,-9.11764705882353,clean_glacier_ice
160,166,186,-6.764705882352942,debris_rock
160,167,184,-6.96078431372549,mixed_snow_ice
160,168,175,-7.843137254901961,mixed_snow_ice
160,169,178,-7.549019607843139,mixed_snow_ice
160,170,167,-8.627450980392158,mixed_snow_ice
160,171,93,-15.882352941176471,regular_glacier_ice
160,172,115,-13.72549019607843,regular_glacier_ice
160,173,153,-10.0,clean_glacier_ice
160,174,255,0.0,debris_rock
160,175,221,-3.333333333333332,debris_rock
160,178,205,-4.901960784313726,debris_rock
160,184,255,0.0,debris_rock
160,185,171,-8.235294117647062,mixed_snow_ice
160,186,214,-4.019607843137255,debris_rock
160,187,181,-7.254901960784313,mixed_snow_ice
160,188,144,-10.882352941176471,clean_glacier_ice
160,189,130,-12.254901960784315,clean_glacier_ice
160,190,116,-13.627450980392156,regular_glacier_ice
160,191,141,-11.176470588235293,clean_glacier_ice
160,192,123,-12.941176470588236,regular_glacier_ice
160,193,138,-11.470588235294118,clean_glacier_ice
160,194,214,-4.019607843137255,debris_rock
160,195,255,0.0,debris_rock
160,196,186,-6.764705882352942,debris_rock
160,197,92,-15.980392156862745,regular_glacier_ice
160,198,40,-21.07843137254902,very_deep_glacier_ice
160,199,53,-19.80392156862745,deep_glacier_ice
160,200,81,-17.058823529411764,deep_glacier_ice
160,201,89,-16.274509803921568,regular_glacier_ice
160,202,43,-20.784313725490197,very_deep_glacier_ice
160,203,71,-18.03921568627451,deep_glacier_ice
160,204,55,-19.607843137254903,deep_glacier_ice
160,205,76,-17.549019607843135,deep_glacier_ice
160,206,71,-18.03921568627451,deep_glacier_ice
160,207,81,-17.058823529411764,deep_glacier_ice
160,208,83,-16.862745098039216,deep_glacier_ice
160,209,110,-14.215686274509803,regular_glacier_ice
160,210,109,-14.313725490196079,regular_glacier_ice
160,211,125,-12.745098039215687,regular_glacier_ice
160,212,196,-5.784313725490193,debris_rock
160,213,255,0.0,debris_rock
160,214,190,-6.372549019607842,debris_rock
160,215,211,-4.313725490196081,debris_rock
160,216,235,-1.9607843137254903,debris_rock
160,217,208,-4.607843137254903,debris_rock
160,218,127,-12.549019607843137,regular_glacier_ice
160,219,76,-17.549019607843135,deep_glacier_ice
160,220,100,-15.196078431372548,regular_glacier_ice
160,221,129,-12.352941176470589,regular_glacier_ice
160,222,137,-11.568627450980392,clean_glacier_ice
161,0,109,-14.313725490196079,regular_glacier_ice
161,1,120,-13.23529411764706,regular_glacier_ice
161,2,107,-14.509803921568627,regular_glacier_ice
161,3,82,-16.96078431372549,deep_glacier_ice
161,4,73,-17.84313725490196,deep_glacier_ice
161,5,73,-17.84313725490196,deep_glacier_ice
161,6,92,-15.980392156862745,regular_glacier_ice
161,7,107,-14.509803921568627,regular_glacier_ice
161,8,104,-14.803921568627452,regular_glacier_ice
161,9,59,-19.215686274509803,deep_glacier_ice
161,10,100,-15.196078431372548,regular_glacier_ice
161,11,51,-20.0,deep_glacier_ice
161,12,78,-17.352941176470587,deep_glacier_ice
161,13,50,-20.098039215686274,deep_glacier_ice
161,14,97,-15.490196078431373,regular_glacier_ice
161,15,54,-19.705882352941178,deep_glacier_ice
161,16,61,-19.019607843137255,deep_glacier_ice
161,17,27,-22.352941176470587,very_deep_glacier_ice
161,18,60,-19.11764705882353,deep_glacier_ice
161,19,75,-17.647058823529413,deep_glacier_ice
161,20,71,-18.03921568627451,deep_glacier_ice
161,21,36,-21.470588235294116,very_deep_glacier_ice
161,22,30,-22.058823529411764,very_deep_glacier_ice
161,23,64,-18.725490196078432,deep_glacier_ice
161,24,61,-19.019607843137255,deep_glacier_ice
161,25,68,-18.333333333333332,deep_glacier_ice
161,26,63,-18.823529411764707,deep_glacier_ice
161,27,36,-21.470588235294116,very_deep_glacier_ice
161,28,74,-17.745098039215684,deep_glacier_ice
161,29,70,-18.137254901960784,deep_glacier_ice
161,30,63,-18.823529411764707,deep_glacier_ice
161,31,101,-15.098039215686274,regular_glacier_ice
161,32,64,-18.725490196078432,deep_glacier_ice
161,33,59,-19.215686274509803,deep_glacier_ice
161,34,64,-18.725490196078432,deep_glacier_ice
161,35,84,-16.764705882352942,deep_glacier_ice
161,36,64,-18.725490196078432,deep_glacier_ice
161,37,70,-18.137254901960784,deep_glacier_ice
161,38,43,-20.784313725490197,very_deep_glacier_ice
161,39,92,-15.980392156862745,regular_glacier_ice
161,40,52,-19.901960784313726,deep_glacier_ice
161,41,73,-17.84313725490196,deep_glacier_ice
161,42,56,-19.509803921568626,deep_glacier_ice
161,43,56,-19.509803921568626,deep_glacier_ice
161,44,139,-11.372549019607844,clean_glacier_ice
161,45,152,-10.098039215686274,clean_glacier_ice
161,46,155,-9.803921568627452,clean_glacier_ice
161,47,104,-14.803921568627452,regular_glacier_ice
161,48,92,-15.980392156862745,regular_glacier_ice
161,49,183,-7.0588235294117645,mixed_snow_ice
161,50,252,-0.2941176470588225,debris_rock
161,51,184,-6.96078431372549,mixed_snow_ice
161,52,167,-8.627450980392158,mixed_snow_ice
161,53,126,-12.647058823529411,regular_glacier_ice
161,54,159,-9.411764705882353,clean_glacier_ice
161,55,136,-11.666666666666666,clean_glacier_ice
161,56,148,-10.49019607843137,clean_glacier_ice
161,57,173,-8.03921568627451,mixed_snow_ice
161,58,173,-8.03921568627451,mixed_snow_ice
161,59,182,-7.156862745098039,mixed_snow_ice
161,60,166,-8.725490196078432,mixed_snow_ice
161,61,210,-4.411764705882355,debris_rock
161,62,167,-8.627450980392158,mixed_snow_ice
161,63,129,-12.352941176470589,regular_glacier_ice
161,64,96,-15.588235294117647,regular_glacier_ice
161,65,45,-20.588235294117645,deep_glacier_ice
161,66,71,-18.03921568627451,deep_glacier_ice
161,67,188,-6.56862745098039,debris_rock
161,68,180,-7.352941176470587,mixed_snow_ice
161,69,188,-6.56862745098039,debris_rock
161,70,183,-7.0588235294117645,mixed_snow_ice
161,71,189,-6.470588235294116,debris_rock
161,72,223,-3.137254901960784,debris_rock
161,73,197,-5.686274509803919,debris_rock
161,74,181,-7.254901960784313,mixed_snow_ice
161,75,183,-7.0588235294117645,mixed_snow_ice
161,76,180,-7.352941176470587,mixed_snow_ice
161,77,190,-6.372549019607842,debris_rock
161,78,190,-6.372549019607842,debris_rock
161,79,189,-6.470588235294116,debris_rock
161,80,191,-6.274509803921568,debris_rock
161,81,189,-6.470588235294116,debris_rock
161,82,184,-6.96078431372549,mixed_snow_ice
161,83,195,-5.882352941176471,debris_rock
161,84,186,-6.764705882352942,debris_rock
161,85,204,-5.0,debris_rock
161,86,159,-9.411764705882353,clean_glacier_ice
161,87,187,-6.666666666666668,debris_rock
161,88,213,-4.117647058823529,debris_rock
161,89,188,-6.56862745098039,debris_rock
161,90,195,-5.882352941176471,debris_rock
161,91,158,-9.509803921568627,clean_glacier_ice
161,92,186,-6.764705882352942,debris_rock
161,93,233,-2.1568627450980387,debris_rock
161,94,182,-7.156862745098039,mixed_snow_ice
161,95,125,-12.745098039215687,regular_glacier_ice
161,96,116,-13.627450980392156,regular_glacier_ice
161,97,98,-15.392156862745097,regular_glacier_ice
161,98,120,-13.23529411764706,regular_glacier_ice
161,99,140,-11.274509803921568,clean_glacier_ice
161,100,195,-5.882352941176471,debris_rock
161,101,130,-12.254901960784315,clean_glacier_ice
161,102,152,-10.098039215686274,clean_glacier_ice
161,103,122,-13.03921568627451,regular_glacier_ice
161,104,135,-11.76470588235294,clean_glacier_ice
161,105,150,-10.294117647058822,clean_glacier_ice
161,106,138,-11.470588235294118,clean_glacier_ice
161,107,155,-9.803921568627452,clean_glacier_ice
161,108,169,-8.43137254901961,mixed_snow_ice
161,109,190,-6.372549019607842,debris_rock
161,110,185,-6.862745098039216,mixed_snow_ice
161,111,150,-10.294117647058822,clean_glacier_ice
161,112,93,-15.882352941176471,regular_glacier_ice
161,113,88,-16.372549019607845,regular_glacier_ice
161,114,111,-14.117647058823529,regular_glacier_ice
161,117,123,-12.941176470588236,regular_glacier_ice
161,120,184,-6.96078431372549,mixed_snow_ice
161,121,120,-13.23529411764706,regular_glacier_ice
161,125,211,-4.313725490196081,debris_rock
161,126,132,-12.058823529411763,clean_glacier_ice
161,127,149,-10.392156862745097,clean_glacier_ice
161,128,198,-5.588235294117645,debris_rock
161,129,204,-5.0,debris_rock
161,130,148,-10.49019607843137,clean_glacier_ice
161,131,205,-4.901960784313726,debris_rock
161,132,189,-6.470588235294116,debris_rock
161,133,113,-13.92156862745098,regular_glacier_ice
161,134,115,-13.72549019607843,regular_glacier_ice
161,135,72,-17.941176470588236,deep_glacier_ice
161,136,113,-13.92156862745098,regular_glacier_ice
161,137,216,-3.8235294117647065,debris_rock
161,138,227,-2.745098039215687,debris_rock
161,139,146,-10.686274509803923,clean_glacier_ice
161,140,50,-20.098039215686274,deep_glacier_ice
161,141,69,-18.235294117647058,deep_glacier_ice
161,142,86,-16.568627450980394,deep_glacier_ice
161,143,70,-18.137254901960784,deep_glacier_ice
161,144,7,-24.313725490196077,very_deep_glacier_ice
161,145,54,-19.705882352941178,deep_glacier_ice
161,146,53,-19.80392156862745,deep_glacier_ice
161,147,39,-21.176470588235293,very_deep_glacier_ice
161,148,70,-18.137254901960784,deep_glacier_ice
161,149,75,-17.647058823529413,deep_glacier_ice
161,150,79,-17.254901960784313,deep_glacier_ice
161,151,95,-15.686274509803921,regular_glacier_ice
161,152,118,-13.431372549019608,regular_glacier_ice
161,153,135,-11.76470588235294,clean_glacier_ice
161,154,218,-3.627450980392158,debris_rock
161,155,236,-1.8627450980392162,debris_rock
161,156,148,-10.49019607843137,clean_glacier_ice
161,157,238,-1.6666666666666679,debris_rock
161,158,233,-2.1568627450980387,debris_rock
161,159,182,-7.156862745098039,mixed_snow_ice
161,160,113,-13.92156862745098,regular_glacier_ice
161,161,125,-12.745098039215687,regular_glacier_ice
161,162,167,-8.627450980392158,mixed_snow_ice
161,163,167,-8.627450980392158,mixed_snow_ice
161,164,158,-9.509803921568627,clean_glacier_ice
161,165,175,-7.843137254901961,mixed_snow_ice
161,166,168,-8.529411764705884,mixed_snow_ice
161,167,146,-10.686274509803923,clean_glacier_ice
161,168,101,-15.098039215686274,regular_glacier_ice
161,169,93,-15.882352941176471,regular_glacier_ice
161,170,82,-16.96078431372549,deep_glacier_ice
161,171,64,-18.725490196078432,deep_glacier_ice
161,172,86,-16.568627450980394,deep_glacier_ice
161,173,41,-20.980392156862745,very_deep_glacier_ice
161,174,90,-16.176470588235293,regular_glacier_ice
161,175,81,-17.058823529411764,deep_glacier_ice
161,176,83,-16.862745098039216,deep_glacier_ice
161,177,81,-17.058823529411764,deep_glacier_ice
161,178,94,-15.784313725490195,regular_glacier_ice
161,179,64,-18.725490196078432,deep_glacier_ice
161,180,70,-18.137254901960784,deep_glacier_ice
161,181,73,-17.84313725490196,deep_glacier_ice
161,182,75,-17.647058823529413,deep_glacier_ice
161,183,46,-20.490196078431374,deep_glacier_ice
161,184,51,-20.0,deep_glacier_ice
161,185,76,-17.549019607843135,deep_glacier_ice
161,186,54,-19.705882352941178,deep_glacier_ice
161,187,75,-17.647058823529413,deep_glacier_ice
161,188,49,-20.19607843137255,deep_glacier_ice
161,189,83,-16.862745098039216,deep_glacier_ice
161,190,71,-18.03921568627451,deep_glacier_ice
161,191,79,-17.254901960784313,deep_glacier_ice
161,192,65,-18.627450980392158,deep_glacier_ice
161,193,61,-19.019607843137255,deep_glacier_ice
161,194,74,-17.745098039215684,deep_glacier_ice
161,195,56,-19.509803921568626,deep_glacier_ice
161,196,32,-21.862745098039216,very_deep_glacier_ice
161,197,79,-17.254901960784313,deep_glacier_ice
161,198,64,-18.725490196078432,deep_glacier_ice
161,199,86,-16.568627450980394,deep_glacier_ice
161,200,78,-17.352941176470587,deep_glacier_ice
161,201,85,-16.666666666666668,deep_glacier_ice
161,202,84,-16.764705882352942,deep_glacier_ice
161,203,75,-17.647058823529413,deep_glacier_ice
161,204,83,-16.862745098039216,deep_glacier_ice
161,205,66,-18.52941176470588,deep_glacier_ice
161,206,100,-15.196078431372548,regular_glacier_ice
161,207,91,-16.07843137254902,regular_glacier_ice
161,208,138,-11.470588235294118,clean_glacier_ice
161,209,165,-8.823529411764707,clean_glacier_ice
161,210,230,-2.450980392156861,debris_rock
161,211,180,-7.352941176470587,mixed_snow_ice
161,212,206,-4.803921568627452,debris_rock
161,213,141,-11.176470588235293,clean_glacier_ice
161,214,218,-3.627450980392158,debris_rock
161,215,238,-1.6666666666666679,debris_rock
161,216,236,-1.8627450980392162,debris_rock
161,217,201,-5.2941176470588225,debris_rock
161,218,173,-8.03921568627451,mixed_snow_ice
161,219,55,-19.607843137254903,deep_glacier_ice
161,220,74,-17.745098039215684,deep_glacier_ice
161,221,69,-18.235294117647058,deep_glacier_ice
161,222,133,-11.960784313725489,clean_glacier_ice
162,0,145,-10.784313725490197,clean_glacier_ice
162,1,128,-12.450980392156863,regular_glacier_ice
162,2,199,-5.490196078431371,debris_rock
162,3,213,-4.117647058823529,debris_rock
162,4,228,-2.6470588235294095,debris_rock
162,5,84,-16.764705882352942,deep_glacier_ice
162,6,59,-19.215686274509803,deep_glacier_ice
162,7,47,-20.392156862745097,deep_glacier_ice
162,8,59,-19.215686274509803,deep_glacier_ice
162,9,192,-6.1764705882352935,debris_rock
162,10,210,-4.411764705882355,debris_rock
162,11,201,-5.2941176470588225,debris_rock
162,12,179,-7.450980392156865,mixed_snow_ice
162,13,181,-7.254901960784313,mixed_snow_ice
162,14,197,-5.686274509803919,debris_rock
162,15,221,-3.333333333333332,debris_rock
162,16,191,-6.274509803921568,debris_rock
162,17,165,-8.823529411764707,clean_glacier_ice
162,18,164,-8.92156862745098,clean_glacier_ice
162,19,196,-5.784313725490193,debris_rock
162,20,186,-6.764705882352942,debris_rock
162,21,191,-6.274509803921568,debris_rock
162,22,192,-6.1764705882352935,debris_rock
162,23,191,-6.274509803921568,debris_rock
162,24,174,-7.9411764705882355,mixed_snow_ice
162,25,174,-7.9411764705882355,mixed_snow_ice
162,26,186,-6.764705882352942,debris_rock
162,27,184,-6.96078431372549,mixed_snow_ice
162,28,188,-6.56862745098039,debris_rock
162,29,176,-7.745098039215687,mixed_snow_ice
162,30,212,-4.215686274509803,debris_rock
162,31,219,-3.529411764705884,debris_rock
162,32,189,-6.470588235294116,debris_rock
162,33,186,-6.764705882352942,debris_rock
162,34,206,-4.803921568627452,debris_rock
162,35,214,-4.019607843137255,debris_rock
162,36,122,-13.03921568627451,regular_glacier_ice
162,37,116,-13.627450980392156,regular_glacier_ice
162,38,122,-13.03921568627451,regular_glacier_ice
162,39,117,-13.529411764705882,regular_glacier_ice
162,40,146,-10.686274509803923,clean_glacier_ice
162,41,183,-7.0588235294117645,mixed_snow_ice
162,42,190,-6.372549019607842,debris_rock
162,43,126,-12.647058823529411,regular_glacier_ice
162,44,162,-9.11764705882353,clean_glacier_ice
162,45,138,-11.470588235294118,clean_glacier_ice
162,46,151,-10.196078431372548,clean_glacier_ice
162,47,165,-8.823529411764707,clean_glacier_ice
162,48,83,-16.862745098039216,deep_glacier_ice
162,49,137,-11.568627450980392,clean_glacier_ice
162,50,136,-11.666666666666666,clean_glacier_ice
162,51,178,-7.549019607843139,mixed_snow_ice
162,52,191,-6.274509803921568,debris_rock
162,53,179,-7.450980392156865,mixed_snow_ice
162,54,143,-10.980392156862745,clean_glacier_ice
162,55,103,-14.901960784313726,regular_glacier_ice
162,56,93,-15.882352941176471,regular_glacier_ice
162,62,215,-3.9215686274509807,debris_rock
162,63,159,-9.411764705882353,clean_glacier_ice
162,64,163,-9.019607843137257,clean_glacier_ice
162,66,245,-0.9803921568627452,debris_rock
162,67,167,-8.627450980392158,mixed_snow_ice
162,68,124,-12.843137254901961,regular_glacier_ice
162,69,159,-9.411764705882353,clean_glacier_ice
162,70,185,-6.862745098039216,mixed_snow_ice
162,71,193,-6.078431372549019,debris_rock
162,72,182,-7.156862745098039,mixed_snow_ice
162,73,255,0.0,debris_rock
162,74,163,-9.019607843137257,clean_glacier_ice
162,75,124,-12.843137254901961,regular_glacier_ice
162,76,163,-9.019607843137257,clean_glacier_ice
162,77,146,-10.686274509803923,clean_glacier_ice
162,78,179,-7.450980392156865,mixed_snow_ice
162,79,165,-8.823529411764707,clean_glacier_ice
162,80,212,-4.215686274509803,debris_rock
162,81,248,-0.6862745098039227,debris_rock
162,82,173,-8.03921568627451,mixed_snow_ice
162,83,172,-8.137254901960784,mixed_snow_ice
162,84,80,-17.15686274509804,deep_glacier_ice
162,85,81,-17.058823529411764,deep_glacier_ice
162,86,50,-20.098039215686274,deep_glacier_ice
162,87,91,-16.07843137254902,regular_glacier_ice
162,88,71,-18.03921568627451,deep_glacier_ice
162,89,81,-17.058823529411764,deep_glacier_ice
162,90,99,-15.294117647058822,regular_glacier_ice
162,91,100,-15.196078431372548,regular_glacier_ice
162,92,126,-12.647058823529411,regular_glacier_ice
162,93,112,-14.019607843137255,regular_glacier_ice
162,94,123,-12.941176470588236,regular_glacier_ice
162,95,158,-9.509803921568627,clean_glacier_ice
162,96,147,-10.588235294117649,clean_glacier_ice
162,97,174,-7.9411764705882355,mixed_snow_ice
162,98,199,-5.490196078431371,debris_rock
162,99,207,-4.7058823529411775,debris_rock
162,100,222,-3.235294117647058,debris_rock
162,101,204,-5.0,debris_rock
162,102,180,-7.352941176470587,mixed_snow_ice
162,103,127,-12.549019607843137,regular_glacier_ice
162,104,172,-8.137254901960784,mixed_snow_ice
162,105,164,-8.92156862745098,clean_glacier_ice
162,106,162,-9.11764705882353,clean_glacier_ice
162,107,169,-8.43137254901961,mixed_snow_ice
162,108,190,-6.372549019607842,debris_rock
162,109,166,-8.725490196078432,mixed_snow_ice
162,110,152,-10.098039215686274,clean_glacier_ice
162,111,161,-9.215686274509805,clean_glacier_ice
162,112,129,-12.352941176470589,regular_glacier_ice
162,113,101,-15.098039215686274,regular_glacier_ice
162,114,58,-19.313725490196077,deep_glacier_ice
162,115,66,-18.52941176470588,deep_glacier_ice
162,116,74,-17.745098039215684,deep_glacier_ice
162,117,80,-17.15686274509804,deep_glacier_ice
162,118,54,-19.705882352941178,deep_glacier_ice
162,119,57,-19.41176470588235,deep_glacier_ice
162,120,71,-18.03921568627451,deep_glacier_ice
162,121,71,-18.03921568627451,deep_glacier_ice
162,122,70,-18.137254901960784,deep_glacier_ice
162,123,71,-18.03921568627451,deep_glacier_ice
162,124,79,-17.254901960784313,deep_glacier_ice
162,125,78,-17.352941176470587,deep_glacier_ice
162,126,28,-22.254901960784313,very_deep_glacier_ice
162,127,69,-18.235294117647058,deep_glacier_ice
162,128,73,-17.84313725490196,deep_glacier_ice
162,129,71,-18.03921568627451,deep_glacier_ice
162,130,49,-20.19607843137255,deep_glacier_ice
162,131,60,-19.11764705882353,deep_glacier_ice
162,132,78,-17.352941176470587,deep_glacier_ice
162,133,74,-17.745098039215684,deep_glacier_ice
162,134,47,-20.392156862745097,deep_glacier_ice
162,135,55,-19.607843137254903,deep_glacier_ice
162,136,68,-18.333333333333332,deep_glacier_ice
162,137,73,-17.84313725490196,deep_glacier_ice
162,138,35,-21.568627450980394,very_deep_glacier_ice
162,139,59,-19.215686274509803,deep_glacier_ice
162,140,72,-17.941176470588236,deep_glacier_ice
162,141,56,-19.509803921568626,deep_glacier_ice
162,142,79,-17.254901960784313,deep_glacier_ice
162,143,84,-16.764705882352942,deep_glacier_ice
162,144,87,-16.470588235294116,deep_glacier_ice
162,145,81,-17.058823529411764,deep_glacier_ice
162,146,90,-16.176470588235293,regular_glacier_ice
162,147,77,-17.450980392156865,deep_glacier_ice
162,148,150,-10.294117647058822,clean_glacier_ice
162,149,204,-5.0,debris_rock
162,150,182,-7.156862745098039,mixed_snow_ice
162,151,205,-4.901960784313726,debris_rock
162,152,211,-4.313725490196081,debris_rock
162,153,186,-6.764705882352942,debris_rock
162,154,208,-4.607843137254903,debris_rock
162,155,198,-5.588235294117645,debris_rock
162,156,170,-8.333333333333336,mixed_snow_ice
162,157,189,-6.470588235294116,debris_rock
162,158,217,-3.7254901960784323,debris_rock
162,159,234,-2.0588235294117645,debris_rock
162,160,174,-7.9411764705882355,mixed_snow_ice
162,161,140,-11.274509803921568,clean_glacier_ice
162,162,83,-16.862745098039216,deep_glacier_ice
162,163,101,-15.098039215686274,regular_glacier_ice
162,164,128,-12.450980392156863,regular_glacier_ice
162,165,75,-17.647058823529413,deep_glacier_ice
162,166,89,-16.274509803921568,regular_glacier_ice
162,167,183,-7.0588235294117645,mixed_snow_ice
162,168,220,-3.4313725490196063,debris_rock
162,169,222,-3.235294117647058,debris_rock
162,170,78,-17.352941176470587,deep_glacier_ice
162,171,64,-18.725490196078432,deep_glacier_ice
162,172,70,-18.137254901960784,deep_glacier_ice
162,173,53,-19.80392156862745,deep_glacier_ice
162,174,188,-6.56862745098039,debris_rock
162,175,205,-4.901960784313726,debris_rock
162,176,194,-5.980392156862745,debris_rock
162,177,181,-7.254901960784313,mixed_snow_ice
162,178,213,-4.117647058823529,debris_rock
162,179,200,-5.392156862745097,debris_rock
162,180,192,-6.1764705882352935,debris_rock
162,181,200,-5.392156862745097,debris_rock
162,182,174,-7.9411764705882355,mixed_snow_ice
162,183,160,-9.313725490196079,clean_glacier_ice
162,184,193,-6.078431372549019,debris_rock
162,185,196,-5.784313725490193,debris_rock
162,186,179,-7.450980392156865,mixed_snow_ice
162,187,202,-5.196078431372548,debris_rock
162,188,193,-6.078431372549019,debris_rock
162,189,218,-3.627450980392158,debris_rock
162,190,170,-8.333333333333336,mixed_snow_ice
162,191,191,-6.274509803921568,debris_rock
162,192,198,-5.588235294117645,debris_rock
162,193,193,-6.078431372549019,debris_rock
162,194,160,-9.313725490196079,clean_glacier_ice
162,195,200,-5.392156862745097,debris_rock
162,196,199,-5.490196078431371,debris_rock
162,197,187,-6.666666666666668,debris_rock
162,198,228,-2.6470588235294095,debris_rock
162,199,231,-2.352941176470587,debris_rock
162,200,171,-8.235294117647062,mixed_snow_ice
162,201,143,-10.980392156862745,clean_glacier_ice
162,202,122,-13.03921568627451,regular_glacier_ice
162,203,122,-13.03921568627451,regular_glacier_ice
162,204,91,-16.07843137254902,regular_glacier_ice
162,205,149,-10.392156862745097,clean_glacier_ice
162,206,156,-9.705882352941176,clean_glacier_ice
162,207,146,-10.686274509803923,clean_glacier_ice
162,208,151,-10.196078431372548,clean_glacier_ice
162,209,129,-12.352941176470589,regular_glacier_ice
162,210,142,-11.07843137254902,clean_glacier_ice
162,211,139,-11.372549019607844,clean_glacier_ice
162,212,144,-10.882352941176471,clean_glacier_ice
162,213,66,-18.52941176470588,deep_glacier_ice
162,214,93,-15.882352941176471,regular_glacier_ice
162,215,135,-11.76470588235294,clean_glacier_ice
162,216,158,-9.509803921568627,clean_glacier_ice
162,217,175,-7.843137254901961,mixed_snow_ice
162,218,207,-4.7058823529411775,debris_rock
162,219,207,-4.7058823529411775,debris_rock
162,220,180,-7.352941176470587,mixed_snow_ice
162,221,103,-14.901960784313726,regular_glacier_ice
163,5,162,-9.11764705882353,clean_glacier_ice
163,6,164,-8.92156862745098,clean_glacier_ice
163,7,191,-6.274509803921568,debris_rock
163,8,148,-10.49019607843137,clean_glacier_ice
163,9,149,-10.392156862745097,clean_glacier_ice
163,10,137,-11.568627450980392,clean_glacier_ice
163,11,172,-8.137254901960784,mixed_snow_ice
163,12,174,-7.9411764705882355,mixed_snow_ice
163,13,161,-9.215686274509805,clean_glacier_ice
163,14,182,-7.156862745098039,mixed_snow_ice
163,15,255,0.0,debris_rock
163,16,169,-8.43137254901961,mixed_snow_ice
163,17,183,-7.0588235294117645,mixed_snow_ice
163,18,189,-6.470588235294116,debris_rock
163,19,159,-9.411764705882353,clean_glacier_ice
163,20,184,-6.96078431372549,mixed_snow_ice
163,21,181,-7.254901960784313,mixed_snow_ice
163,22,144,-10.882352941176471,clean_glacier_ice
163,23,201,-5.2941176470588225,debris_rock
163,24,196,-5.784313725490193,debris_rock
163,25,188,-6.56862745098039,debris_rock
163,26,166,-8.725490196078432,mixed_snow_ice
163,27,106,-14.607843137254902,regular_glacier_ice
163,28,149,-10.392156862745097,clean_glacier_ice
163,29,202,-5.196078431372548,debris_rock
163,30,119,-13.333333333333334,regular_glacier_ice
163,31,115,-13.72549019607843,regular_glacier_ice
163,32,182,-7.156862745098039,mixed_snow_ice
163,33,136,-11.666666666666666,clean_glacier_ice
163,34,144,-10.882352941176471,clean_glacier_ice
163,35,136,-11.666666666666666,clean_glacier_ice
163,36,188,-6.56862745098039,debris_rock
163,37,214,-4.019607843137255,debris_rock
163,38,223,-3.137254901960784,debris_rock
163,39,171,-8.235294117647062,mixed_snow_ice
163,40,216,-3.8235294117647065,debris_rock
163,41,204,-5.0,debris_rock
163,42,185,-6.862745098039216,mixed_snow_ice
163,43,199,-5.490196078431371,debris_rock
163,44,206,-4.803921568627452,debris_rock
163,45,190,-6.372549019607842,debris_rock
163,46,192,-6.1764705882352935,debris_rock
163,47,176,-7.745098039215687,mixed_snow_ice
163,48,174,-7.9411764705882355,mixed_snow_ice
163,49,174,-7.9411764705882355,mixed_snow_ice
163,50,161,-9.215686274509805,clean_glacier_ice
163,51,158,-9.509803921568627,clean_glacier_ice
163,52,159,-9.411764705882353,clean_glacier_ice
163,53,174,-7.9411764705882355,mixed_snow_ice
163,54,146,-10.686274509803923,clean_glacier_ice
163,55,117,-13.529411764705882,regular_glacier_ice
163,56,87,-16.470588235294116,deep_glacier_ice
163,57,53,-19.80392156862745,deep_glacier_ice
163,58,84,-16.764705882352942,deep_glacier_ice
163,59,86,-16.568627450980394,deep_glacier_ice
163,60,51,-20.0,deep_glacier_ice
163,61,45,-20.588235294117645,deep_glacier_ice
163,62,81,-17.058823529411764,deep_glacier_ice
163,63,61,-19.019607843137255,deep_glacier_ice
163,64,61,-19.019607843137255,deep_glacier_ice
163,65,74,-17.745098039215684,deep_glacier_ice
163,66,88,-16.372549019607845,regular_glacier_ice
163,67,50,-20.098039215686274,deep_glacier_ice
163,68,56,-19.509803921568626,deep_glacier_ice
163,69,91,-16.07843137254902,regular_glacier_ice
163,70,54,-19.705882352941178,deep_glacier_ice
163,71,74,-17.745098039215684,deep_glacier_ice
163,72,90,-16.176470588235293,regular_glacier_ice
163,73,65,-18.627450980392158,deep_glacier_ice
163,74,83,-16.862745098039216,deep_glacier_ice
163,75,40,-21.07843137254902,very_deep_glacier_ice
163,76,25,-22.549019607843135,very_deep_glacier_ice
163,77,66,-18.52941176470588,deep_glacier_ice
163,78,68,-18.333333333333332,deep_glacier_ice
163,79,76,-17.549019607843135,deep_glacier_ice
163,80,64,-18.725490196078432,deep_glacier_ice
163,81,69,-18.235294117647058,deep_glacier_ice
163,82,68,-18.333333333333332,deep_glacier_ice
163,83,81,-17.058823529411764,deep_glacier_ice
163,84,90,-16.176470588235293,regular_glacier_ice
163,85,83,-16.862745098039216,deep_glacier_ice
163,86,107,-14.509803921568627,regular_glacier_ice
163,87,106,-14.607843137254902,regular_glacier_ice
163,88,121,-13.137254901960786,regular_glacier_ice
163,89,88,-16.372549019607845,regular_glacier_ice
163,90,195,-5.882352941176471,debris_rock
163,91,189,-6.470588235294116,debris_rock
163,92,153,-10.0,clean_glacier_ice
163,93,144,-10.882352941176471,clean_glacier_ice
163,94,191,-6.274509803921568,debris_rock
163,95,197,-5.686274509803919,debris_rock
163,96,180,-7.352941176470587,mixed_snow_ice
163,97,245,-0.9803921568627452,debris_rock
163,98,196,-5.784313725490193,debris_rock
163,99,157,-9.607843137254902,clean_glacier_ice
163,100,145,-10.784313725490197,clean_glacier_ice
163,101,255,0.0,debris_rock
163,102,151,-10.196078431372548,clean_glacier_ice
163,103,16,-23.431372549019606,very_deep_glacier_ice
163,104,61,-19.019607843137255,deep_glacier_ice
163,105,125,-12.745098039215687,regular_glacier_ice
163,106,131,-12.15686274509804,clean_glacier_ice
163,107,101,-15.098039215686274,regular_glacier_ice
163,108,200,-5.392156862745097,debris_rock
163,109,185,-6.862745098039216,mixed_snow_ice
163,110,179,-7.450980392156865,mixed_snow_ice
163,111,73,-17.84313725490196,deep_glacier_ice
163,112,58,-19.313725490196077,deep_glacier_ice
163,113,62,-18.92156862745098,deep_glacier_ice
163,114,66,-18.52941176470588,deep_glacier_ice
163,115,72,-17.941176470588236,deep_glacier_ice
163,116,196,-5.784313725490193,debris_rock
163,117,188,-6.56862745098039,debris_rock
163,118,184,-6.96078431372549,mixed_snow_ice
163,119,196,-5.784313725490193,debris_rock
163,120,205,-4.901960784313726,debris_rock
163,121,188,-6.56862745098039,debris_rock
163,122,186,-6.764705882352942,debris_rock
163,123,175,-7.843137254901961,mixed_snow_ice
163,124,194,-5.980392156862745,debris_rock
163,125,222,-3.235294117647058,debris_rock
163,126,165,-8.823529411764707,clean_glacier_ice
163,127,180,-7.352941176470587,mixed_snow_ice
163,128,161,-9.215686274509805,clean_glacier_ice
163,129,174,-7.9411764705882355,mixed_snow_ice
163,130,184,-6.96078431372549,mixed_snow_ice
163,131,199,-5.490196078431371,debris_rock
163,132,169,-8.43137254901961,mixed_snow_ice
163,133,186,-6.764705882352942,debris_rock
163,134,214,-4.019607843137255,debris_rock
163,135,184,-6.96078431372549,mixed_snow_ice
163,136,173,-8.03921568627451,mixed_snow_ice
163,137,169,-8.43137254901961,mixed_snow_ice
163,138,198,-5.588235294117645,debris_rock
163,139,190,-6.372549019607842,debris_rock
163,140,190,-6.372549019607842,debris_rock
163,141,208,-4.607843137254903,debris_rock
163,142,187,-6.666666666666668,debris_rock
163,143,129,-12.352941176470589,regular_glacier_ice
163,144,114,-13.823529411764705,regular_glacier_ice
163,145,155,-9.803921568627452,clean_glacier_ice
163,146,131,-12.15686274509804,clean_glacier_ice
163,147,153,-10.0,clean_glacier_ice
163,148,128,-12.450980392156863,regular_glacier_ice
163,149,141,-11.176470588235293,clean_glacier_ice
163,150,147,-10.588235294117649,clean_glacier_ice
163,151,166,-8.725490196078432,mixed_snow_ice
163,152,129,-12.352941176470589,regular_glacier_ice
163,153,81,-17.058823529411764,deep_glacier_ice
163,154,86,-16.568627450980394,deep_glacier_ice
163,155,56,-19.509803921568626,deep_glacier_ice
163,156,86,-16.568627450980394,deep_glacier_ice
163,157,136,-11.666666666666666,clean_glacier_ice
163,158,152,-10.098039215686274,clean_glacier_ice
163,159,141,-11.176470588235293,clean_glacier_ice
163,160,187,-6.666666666666668,debris_rock
163,161,196,-5.784313725490193,debris_rock
163,162,179,-7.450980392156865,mixed_snow_ice
163,163,182,-7.156862745098039,mixed_snow_ice
163,170,204,-5.0,debris_rock
163,171,146,-10.686274509803923,clean_glacier_ice
163,172,169,-8.43137254901961,mixed_snow_ice
163,173,135,-11.76470588235294,clean_glacier_ice
163,174,165,-8.823529411764707,clean_glacier_ice
163,175,155,-9.803921568627452,clean_glacier_ice
163,176,180,-7.352941176470587,mixed_snow_ice
163,177,150,-10.294117647058822,clean_glacier_ice
163,178,138,-11.470588235294118,clean_glacier_ice
163,179,158,-9.509803921568627,clean_glacier_ice
163,180,164,-8.92156862745098,clean_glacier_ice
163,181,169,-8.43137254901961,mixed_snow_ice
163,182,187,-6.666666666666668,debris_rock
163,183,180,-7.352941176470587,mixed_snow_ice
163,184,185,-6.862745098039216,mixed_snow_ice
163,185,245,-0.9803921568627452,debris_rock
163,186,234,-2.0588235294117645,debris_rock
163,187,185,-6.862745098039216,mixed_snow_ice
163,188,201,-5.2941176470588225,debris_rock
163,189,207,-4.7058823529411775,debris_rock
163,190,180,-7.352941176470587,mixed_snow_ice
163,191,192,-6.1764705882352935,debris_rock
163,192,221,-3.333333333333332,debris_rock
163,193,185,-6.862745098039216,mixed_snow_ice
163,194,255,0.0,debris_rock
163,195,157,-9.607843137254902,clean_glacier_ice
163,196,209,-4.509803921568629,debris_rock
163,197,186,-6.764705882352942,debris_rock
163,198,170,-8.333333333333336,mixed_snow_ice
163,199,210,-4.411764705882355,debris_rock
163,200,172,-8.137254901960784,mixed_snow_ice
163,201,201,-5.2941176470588225,debris_rock
163,202,197,-5.686274509803919,debris_rock
163,203,207,-4.7058823529411775,debris_rock
163,204,195,-5.882352941176471,debris_rock
163,205,190,-6.372549019607842,debris_rock
163,206,186,-6.764705882352942,debris_rock
163,207,213,-4.117647058823529,debris_rock
163,208,206,-4.803921568627452,debris_rock
163,209,169,-8.43137254901961,mixed_snow_ice
163,210,218,-3.627450980392158,debris_rock
163,211,199,-5.490196078431371,debris_rock
163,212,183,-7.0588235294117645,mixed_snow_ice
163,213,144,-10.882352941176471,clean_glacier_ice
163,214,134,-11.862745098039214,clean_glacier_ice
163,215,153,-10.0,clean_glacier_ice
163,216,177,-7.647058823529413,mixed_snow_ice
163,217,184,-6.96078431372549,mixed_snow_ice
163,218,172,-8.137254901960784,mixed_snow_ice
163,219,199,-5.490196078431371,debris_rock
163,220,152,-10.098039215686274,clean_glacier_ice
163,221,85,-16.666666666666668,deep_glacier_ice
163,222,91,-16.07843137254902,regular_glacier_ice
164,0,69,-18.235294117647058,deep_glacier_ice
164,1,74,-17.745098039215684,deep_glacier_ice
164,2,71,-18.03921568627451,deep_glacier_ice
164,3,61,-19.019607843137255,deep_glacier_ice
164,4,76,-17.549019607843135,deep_glacier_ice
164,5,80,-17.15686274509804,deep_glacier_ice
164,6,83,-16.862745098039216,deep_glacier_ice
164,7,93,-15.882352941176471,regular_glacier_ice
164,8,51,-20.0,deep_glacier_ice
164,9,36,-21.470588235294116,very_deep_glacier_ice
164,10,64,-18.725490196078432,deep_glacier_ice
164,11,68,-18.333333333333332,deep_glacier_ice
164,12,69,-18.235294117647058,deep_glacier_ice
164,13,67,-18.431372549019606,deep_glacier_ice
164,14,89,-16.274509803921568,regular_glacier_ice
164,15,65,-18.627450980392158,deep_glacier_ice
164,16,71,-18.03921568627451,deep_glacier_ice
164,17,53,-19.80392156862745,deep_glacier_ice
164,18,60,-19.11764705882353,deep_glacier_ice
164,19,76,-17.549019607843135,deep_glacier_ice
164,20,79,-17.254901960784313,deep_glacier_ice
164,21,63,-18.823529411764707,deep_glacier_ice
164,22,49,-20.19607843137255,deep_glacier_ice
164,23,87,-16.470588235294116,deep_glacier_ice
164,24,95,-15.686274509803921,regular_glacier_ice
164,25,96,-15.588235294117647,regular_glacier_ice
164,26,104,-14.803921568627452,regular_glacier_ice
164,27,91,-16.07843137254902,regular_glacier_ice
164,28,93,-15.882352941176471,regular_glacier_ice
164,29,155,-9.803921568627452,clean_glacier_ice
164,30,123,-12.941176470588236,regular_glacier_ice
164,31,144,-10.882352941176471,clean_glacier_ice
164,32,152,-10.098039215686274,clean_glacier_ice
164,33,98,-15.392156862745097,regular_glacier_ice
164,34,65,-18.627450980392158,deep_glacier_ice
164,35,84,-16.764705882352942,deep_glacier_ice
164,36,170,-8.333333333333336,mixed_snow_ice
164,37,190,-6.372549019607842,debris_rock
164,38,198,-5.588235294117645,debris_rock
164,39,219,-3.529411764705884,debris_rock
164,40,201,-5.2941176470588225,debris_rock
164,41,185,-6.862745098039216,mixed_snow_ice
164,42,145,-10.784313725490197,clean_glacier_ice
164,43,233,-2.1568627450980387,debris_rock
164,44,186,-6.764705882352942,debris_rock
164,45,77,-17.450980392156865,deep_glacier_ice
164,46,80,-17.15686274509804,deep_glacier_ice
164,47,127,-12.549019607843137,regular_glacier_ice
164,48,74,-17.745098039215684,deep_glacier_ice
164,49,131,-12.15686274509804,clean_glacier_ice
164,50,182,-7.156862745098039,mixed_snow_ice
164,51,196,-5.784313725490193,debris_rock
164,52,150,-10.294117647058822,clean_glacier_ice
164,53,92,-15.980392156862745,regular_glacier_ice
164,54,94,-15.784313725490195,regular_glacier_ice
164,55,72,-17.941176470588236,deep_glacier_ice
164,56,77,-17.450980392156865,deep_glacier_ice
164,57,71,-18.03921568627451,deep_glacier_ice
164,58,208,-4.607843137254903,debris_rock
164,59,176,-7.745098039215687,mixed_snow_ice
164,60,173,-8.03921568627451,mixed_snow_ice
164,61,217,-3.7254901960784323,debris_rock
164,62,215,-3.9215686274509807,debris_rock
164,63,182,-7.156862745098039,mixed_snow_ice
164,64,165,-8.823529411764707,clean_glacier_ice
164,65,203,-5.098039215686274,debris_rock
164,66,203,-5.098039215686274,debris_rock
164,67,206,-4.803921568627452,debris_rock
164,68,228,-2.6470588235294095,debris_rock
164,69,187,-6.666666666666668,debris_rock
164,70,173,-8.03921568627451,mixed_snow_ice
164,71,183,-7.0588235294117645,mixed_snow_ice
164,72,187,-6.666666666666668,debris_rock
164,73,197,-5.686274509803919,debris_rock
164,74,200,-5.392156862745097,debris_rock
164,75,175,-7.843137254901961,mixed_snow_ice
164,76,179,-7.450980392156865,mixed_snow_ice
164,77,187,-6.666666666666668,debris_rock
164,78,143,-10.980392156862745,clean_glacier_ice
164,79,169,-8.43137254901961,mixed_snow_ice
164,80,176,-7.745098039215687,mixed_snow_ice
164,81,167,-8.627450980392158,mixed_snow_ice
164,82,189,-6.470588235294116,debris_rock
164,83,242,-1.2745098039215712,debris_rock
164,84,238,-1.6666666666666679,debris_rock
164,85,106,-14.607843137254902,regular_glacier_ice
164,86,166,-8.725490196078432,mixed_snow_ice
164,87,164,-8.92156862745098,clean_glacier_ice
164,88,160,-9.313725490196079,clean_glacier_ice
164,89,152,-10.098039215686274,clean_glacier_ice
164,90,157,-9.607843137254902,clean_glacier_ice
164,91,155,-9.803921568627452,clean_glacier_ice
164,92,174,-7.9411764705882355,mixed_snow_ice
164,93,138,-11.470588235294118,clean_glacier_ice
164,94,94,-15.784313725490195,regular_glacier_ice
164,95,106,-14.607843137254902,regular_glacier_ice
164,96,115,-13.72549019607843,regular_glacier_ice
164,97,108,-14.411764705882353,regular_glacier_ice
164,98,127,-12.549019607843137,regular_glacier_ice
164,99,162,-9.11764705882353,clean_glacier_ice
164,100,153,-10.0,clean_glacier_ice
164,101,148,-10.49019607843137,clean_glacier_ice
164,102,126,-12.647058823529411,regular_glacier_ice
164,103,161,-9.215686274509805,clean_glacier_ice
164,104,187,-6.666666666666668,debris_rock
164,105,139,-11.372549019607844,clean_glacier_ice
164,112,144,-10.882352941176471,clean_glacier_ice
164,113,153,-10.0,clean_glacier_ice
164,114,190,-6.372549019607842,debris_rock
164,115,163,-9.019607843137257,clean_glacier_ice
164,116,147,-10.588235294117649,clean_glacier_ice
164,117,166,-8.725490196078432,mixed_snow_ice
164,118,181,-7.254901960784313,mixed_snow_ice
164,119,176,-7.745098039215687,mixed_snow_ice
164,120,190,-6.372549019607842,debris_rock
164,121,208,-4.607843137254903,debris_rock
164,122,212,-4.215686274509803,debris_rock
164,123,202,-5.196078431372548,debris_rock
164,124,186,-6.764705882352942,debris_rock
164,125,190,-6.372549019607842,debris_rock
164,126,155,-9.803921568627452,clean_glacier_ice
164,127,112,-14.019607843137255,regular_glacier_ice
164,128,110,-14.215686274509803,regular_glacier_ice
164,129,178,-7.549019607843139,mixed_snow_ice
164,130,235,-1.9607843137254903,debris_rock
164,131,240,-1.4705882352941195,debris_rock
164,132,206,-4.803921568627452,debris_rock
164,133,193,-6.078431372549019,debris_rock
164,134,213,-4.117647058823529,debris_rock
164,135,231,-2.352941176470587,debris_rock
164,136,217,-3.7254901960784323,debris_rock
164,137,181,-7.254901960784313,mixed_snow_ice
164,138,219,-3.529411764705884,debris_rock
164,139,151,-10.196078431372548,clean_glacier_ice
164,140,188,-6.56862745098039,debris_rock
164,141,147,-10.588235294117649,clean_glacier_ice
164,142,204,-5.0,debris_rock
164,143,211,-4.313725490196081,debris_rock
164,144,185,-6.862745098039216,mixed_snow_ice
164,145,133,-11.960784313725489,clean_glacier_ice
164,146,158,-9.509803921568627,clean_glacier_ice
164,147,107,-14.509803921568627,regular_glacier_ice
164,148,139,-11.372549019607844,clean_glacier_ice
164,149,196,-5.784313725490193,debris_rock
164,150,171,-8.235294117647062,mixed_snow_ice
164,151,135,-11.76470588235294,clean_glacier_ice
164,152,159,-9.411764705882353,clean_glacier_ice
164,153,171,-8.235294117647062,mixed_snow_ice
164,154,174,-7.9411764705882355,mixed_snow_ice
164,155,184,-6.96078431372549,mixed_snow_ice
164,156,241,-1.3725490196078454,debris_rock
164,157,237,-1.764705882352942,debris_rock
164,158,209,-4.509803921568629,debris_rock
164,159,173,-8.03921568627451,mixed_snow_ice
164,160,153,-10.0,clean_glacier_ice
164,161,142,-11.07843137254902,clean_glacier_ice
164,162,113,-13.92156862745098,regular_glacier_ice
164,163,94,-15.784313725490195,regular_glacier_ice
164,164,73,-17.84313725490196,deep_glacier_ice
164,165,76,-17.549019607843135,deep_glacier_ice
164,166,89,-16.274509803921568,regular_glacier_ice
164,167,68,-18.333333333333332,deep_glacier_ice
164,168,85,-16.666666666666668,deep_glacier_ice
164,169,119,-13.333333333333334,regular_glacier_ice
164,170,126,-12.647058823529411,regular_glacier_ice
164,171,123,-12.941176470588236,regular_glacier_ice
164,172,113,-13.92156862745098,regular_glacier_ice
164,173,95,-15.686274509803921,regular_glacier_ice
164,174,57,-19.41176470588235,deep_glacier_ice
164,175,80,-17.15686274509804,deep_glacier_ice
164,176,63,-18.823529411764707,deep_glacier_ice
164,177,60,-19.11764705882353,deep_glacier_ice
164,178,70,-18.137254901960784,deep_glacier_ice
164,179,74,-17.745098039215684,deep_glacier_ice
164,180,80,-17.15686274509804,deep_glacier_ice
164,181,62,-18.92156862745098,deep_glacier_ice
164,182,72,-17.941176470588236,deep_glacier_ice
164,183,44,-20.686274509803923,deep_glacier_ice
164,184,68,-18.333333333333332,deep_glacier_ice
164,185,79,-17.254901960784313,deep_glacier_ice
164,186,66,-18.52941176470588,deep_glacier_ice
164,187,80,-17.15686274509804,deep_glacier_ice
164,188,76,-17.549019607843135,deep_glacier_ice
164,189,87,-16.470588235294116,deep_glacier_ice
164,190,104,-14.803921568627452,regular_glacier_ice
164,191,113,-13.92156862745098,regular_glacier_ice
164,192,130,-12.254901960784315,clean_glacier_ice
164,193,127,-12.549019607843137,regular_glacier_ice
164,194,172,-8.137254901960784,mixed_snow_ice
164,195,221,-3.333333333333332,debris_rock
164,196,186,-6.764705882352942,debris_rock
164,197,132,-12.058823529411763,clean_glacier_ice
164,198,92,-15.980392156862745,regular_glacier_ice
164,199,56,-19.509803921568626,deep_glacier_ice
164,200,84,-16.764705882352942,deep_glacier_ice
164,201,115,-13.72549019607843,regular_glacier_ice
164,202,170,-8.333333333333336,mixed_snow_ice
164,203,190,-6.372549019607842,debris_rock
164,204,178,-7.549019607843139,mixed_snow_ice
164,205,157,-9.607843137254902,clean_glacier_ice
164,206,163,-9.019607843137257,clean_glacier_ice
164,207,170,-8.333333333333336,mixed_snow_ice
164,208,232,-2.254901960784313,debris_rock
164,209,216,-3.8235294117647065,debris_rock
164,210,117,-13.529411764705882,regular_glacier_ice
164,211,103,-14.901960784313726,regular_glacier_ice
164,212,101,-15.098039215686274,regular_glacier_ice
164,213,87,-16.470588235294116,deep_glacier_ice
164,214,160,-9.313725490196079,clean_glacier_ice
164,215,175,-7.843137254901961,mixed_snow_ice
164,216,195,-5.882352941176471,debris_rock
164,217,174,-7.9411764705882355,mixed_snow_ice
164,218,87,-16.470588235294116,deep_glacier_ice
164,219,52,-19.901960784313726,deep_glacier_ice
164,220,70,-18.137254901960784,deep_glacier_ice
164,221,73,-17.84313725490196,deep_glacier_ice
164,222,94,-15.784313725490195,regular_glacier_ice
